3 0.89375 0.884375 0.09375 0.22265625
3 0.765625 0.834375 0.084375 0.25
3 0.6625 0.72890625 0.0578125 0.153125
3 0.64453125 0.6640625 0.0359375 0.07734375
3 0.5578125 0.675 0.03359375 0.12421875
3 0.45859375 0.6609375 0.03125 0.11484375
3 0.42578125 0.61171875 0.021875 0.06171875
3 0.334375 0.6140625 0.02109375 0.06953125
3 0.31015625 0.6578125 0.03203125 0.10078125
3 0.24375 0.62578125 0.0203125 0.07265625
3 0.5140625 0.60625 0.02109375 0.0640625
3 0.4796875 0.5875 0.021875 0.0796875
3 0.49453125 0.565625 0.009375 0.04140625