4 0.0203125 0.4546875 0.040625 0.16953125
6 0.384375 0.39609375 0.11484375 0.196875
4 0.5421875 0.39765625 0.0421875 0.065625
4 0.49453125 0.396875 0.03984375 0.06796875
4 0.4484375 0.41015625 0.03515625 0.08046875
4 0.475 0.38359375 0.021875 0.03203125
6 0.4984375 0.346875 0.03125 0.05546875
6 0.47421875 0.35390625 0.01796875 0.0359375
4 0.4609375 0.371875 0.01484375 0.01953125
5 0.14140625 0.390625 0.01328125 0.04609375
5 0.12109375 0.39453125 0.01875 0.05859375
5 0.615625 0.4234375 0.01875 0.09140625
5 0.5953125 0.415625 0.021875 0.090625
5 0.653125 0.39765625 0.01640625 0.07109375
5 0.98828125 0.4515625 0.021875 0.1625
5 0.165625 0.39453125 0.01640625 0.0625
5 0.6859375 0.4109375 0.01640625 0.078125
5 0.778125 0.41015625 0.02734375 0.090625
5 0.8078125 0.42109375 0.0203125 0.096875
5 0.83203125 0.4171875 0.0234375 0.1140625
5 0.865625 0.4296875 0.02578125 0.1390625
5 0.85234375 0.428125 0.0203125 0.1109375
4 0.321875 0.38671875 0.01015625 0.034375