4 0.440625 0.3875 0.0171875 0.02109375
4 0.4203125 0.403125 0.034375 0.0609375
4 0.50703125 0.396875 0.02578125 0.040625
4 0.528125 0.41640625 0.0359375 0.05390625
4 0.59296875 0.4625 0.0875 0.140625
4 0.734375 0.421875 0.09609375 0.0640625
4 0.671875 0.5265625 0.17890625 0.24453125
4 0.3421875 0.4453125 0.0703125 0.15859375
4 0.24296875 0.4640625 0.2046875 0.25703125
4 0.4625 0.49375 0.14453125 0.2265625
4 0.1015625 0.6171875 0.20078125 0.546875
4 0.83515625 0.69140625 0.328125 0.521875
6 0.83046875 0.36796875 0.09609375 0.13046875
5 0.83671875 0.3953125 0.0375 0.071875