4 0.453125 0.484375 0.009375 0.0140625
4 0.4421875 0.503125 0.0125 0.01640625
4 0.425 0.5125 0.01015625 0.01640625
4 0.4640625 0.51015625 0.01328125 0.01796875
4 0.465625 0.59296875 0.10859375 0.153125
4 0.3375 0.53359375 0.0171875 0.028125
4 0.36875 0.56171875 0.07578125 0.1015625
4 0.32734375 0.5625 0.015625 0.06796875
4 0.55 0.5234375 0.0359375 0.021875
6 0.24609375 0.51328125 0.1515625 0.23359375
4 0.08515625 0.61015625 0.1703125 0.23046875
4 0.60625 0.51953125 0.03125 0.0234375
6 0.3765625 0.49609375 0.0390625 0.04453125
5 0.5703125 0.5359375 0.01328125 0.065625
5 0.5359375 0.5421875 0.0109375 0.0484375