5 0.8390625 0.5484375 0.03515625 0.128125
4 0.671875 0.55546875 0.10234375 0.128125
4 0.53984375 0.55078125 0.05234375 0.0734375
4 0.48046875 0.5453125 0.02734375 0.04609375
4 0.3546875 0.54921875 0.04921875 0.0625
4 0.28046875 0.5578125 0.04609375 0.04609375
4 0.08125 0.4390625 0.1609375 0.215625
6 0.10546875 0.640625 0.2109375 0.209375
4 0.2015625 0.578125 0.025 0.05390625
4 0.23359375 0.55625 0.04921875 0.065625
4 0.3265625 0.546875 0.01953125 0.028125
4 0.39375 0.546875 0.02890625 0.0390625
4 0.415625 0.54453125 0.02109375 0.028125
4 0.38203125 0.52578125 0.0109375 0.015625
6 0.5984375 0.55390625 0.05390625 0.0640625
4 0.5671875 0.54453125 0.01171875 0.028125
4 0.50625 0.5421875 0.0171875 0.0265625
4 0.4984375 0.52734375 0.01484375 0.015625
4 0.41796875 0.521875 0.009375 0.0109375
4 0.4296875 0.53125 0.00703125 0.015625
4 0.4375 0.5265625 0.00859375 0.0109375
4 0.459375 0.52578125 0.00703125 0.009375