5 0.3109375 0.3640625 0.0234375 0.11953125
5 0.6203125 0.35703125 0.01875 0.0875
5 0.5953125 0.375 0.03359375 0.1125
5 0.1796875 0.378125 0.01875 0.103125
5 0.15625 0.3640625 0.01875 0.10546875
5 0.13671875 0.371875 0.02109375 0.10546875
6 0.4046875 0.321875 0.0296875 0.05859375
6 0.365625 0.33515625 0.0625 0.1015625
4 0.4765625 0.3515625 0.0125 0.01640625
4 0.4890625 0.3453125 0.0125 0.06796875
4 0.515625 0.3328125 0.04296875 0.06953125
4 0.52109375 0.3640625 0.0453125 0.075
4 0.4328125 0.36875 0.1 0.11796875
4 0.7453125 0.37734375 0.23125 0.2140625
4 0.88359375 0.40390625 0.23203125 0.3015625
6 0.909375 0.259375 0.18125 0.1375