5 0.4375 0.24765625 0.01015625 0.034375
4 0.4046875 0.36484375 0.00703125 0.02109375
4 0.39453125 0.36171875 0.0140625 0.025
4 0.384375 0.36640625 0.01640625 0.01796875
4 0.3734375 0.3625 0.009375 0.01796875
4 0.365625 0.36484375 0.009375 0.01953125
4 0.3234375 0.36484375 0.01015625 0.02109375
4 0.3015625 0.365625 0.03046875 0.0234375
4 0.26875 0.3609375 0.02890625 0.028125
4 0.22265625 0.36484375 0.03828125 0.02109375
4 0.24453125 0.35703125 0.009375 0.028125
4 0.17109375 0.359375 0.04453125 0.040625
4 0.1390625 0.365625 0.05703125 0.03203125
4 0.121875 0.35 0.025 0.025
4 0.08046875 0.35859375 0.075 0.04140625
6 0.0375 0.34375 0.07421875 0.0765625
6 0.346875 0.35078125 0.03671875 0.05
4 0.41953125 0.38359375 0.04140625 0.0640625
4 0.53046875 0.36640625 0.00859375 0.00703125
4 0.52421875 0.371875 0.009375 0.03203125
4 0.63671875 0.37421875 0.02265625 0.025
4 0.7609375 0.3765625 0.04453125 0.0515625
4 0.56796875 0.37109375 0.00703125 0.009375
4 0.559375 0.3703125 0.00625 0.00859375
4 0.54765625 0.36640625 0.00625 0.00703125
4 0.475 0.3984375 0.10234375 0.209375
4 0.534375 0.384375 0.0203125 0.025
4 0.85859375 0.49765625 0.28203125 0.42890625