4 0.46875 0.39609375 0.01015625 0.0140625
4 0.49296875 0.39375 0.009375 0.02109375
4 0.48125 0.3875 0.009375 0.0265625
4 0.4828125 0.4078125 0.0109375 0.0234375
4 0.46171875 0.409375 0.009375 0.01796875
4 0.45546875 0.3953125 0.009375 0.00859375
4 0.4390625 0.39921875 0.009375 0.0109375
4 0.409375 0.4078125 0.0109375 0.01953125
4 0.3953125 0.4125 0.01640625 0.01953125
4 0.38125 0.4125 0.0109375 0.0234375
4 0.371875 0.4171875 0.01171875 0.01796875
4 0.3515625 0.41875 0.0203125 0.02109375
4 0.3328125 0.4234375 0.02109375 0.03046875
4 0.315625 0.4265625 0.0171875 0.02890625
4 0.2921875 0.425 0.03515625 0.04453125
4 0.2578125 0.43359375 0.04296875 0.04296875
5 0.046875 0.425 0.0234375 0.06640625
4 0.5234375 0.4046875 0.0109375 0.01796875
4 0.53203125 0.403125 0.00703125 0.0140625
4 0.55234375 0.41875 0.04765625 0.0609375
4 0.6140625 0.4109375 0.04921875 0.0484375
4 0.66484375 0.415625 0.04921875 0.046875
4 0.72734375 0.4125 0.10390625 0.06640625
6 0.91171875 0.31171875 0.17578125 0.6234375