4 0.4328125 0.44609375 0.0140625 0.01796875
4 0.4484375 0.4515625 0.01640625 0.025
4 0.4578125 0.45625 0.01953125 0.03046875
4 0.46875 0.459375 0.02734375 0.03203125
4 0.48828125 0.46015625 0.0265625 0.034375
4 0.5046875 0.4609375 0.02734375 0.040625
4 0.51953125 0.459375 0.03203125 0.04453125
4 0.540625 0.4609375 0.03984375 0.053125
4 0.69921875 0.4796875 0.11328125 0.109375
4 0.821875 0.47578125 0.1953125 0.19140625
4 0.578125 0.46328125 0.0640625 0.0734375
4 0.05 0.4796875 0.1 0.071875
4 0.3265625 0.44765625 0.01015625 0.0265625
4 0.3203125 0.44921875 0.0171875 0.02890625
4 0.2671875 0.465625 0.034375 0.0484375
4 0.24375 0.47421875 0.03125 0.046875
4 0.21953125 0.4765625 0.03203125 0.05546875
4 0.303125 0.45546875 0.025 0.0484375
4 0.19140625 0.4828125 0.06171875 0.05546875
4 0.3765625 0.44375 0.01484375 0.021875
6 0.39921875 0.434375 0.02265625 0.040625
4 0.0171875 0.51484375 0.03359375 0.09453125
4 0.3625 0.44375 0.01171875 0.0140625
4 0.3421875 0.44375 0.0171875 0.01796875
5 0.94609375 0.46640625 0.1078125 0.29296875
5 0.6703125 0.43046875 0.0171875 0.0359375