5 0.46640625 0.58515625 0.009375 0.040625
5 0.4484375 0.58203125 0.01015625 0.04140625
5 0.428125 0.58046875 0.01328125 0.040625
5 0.53125 0.59375 0.009375 0.0375
4 0.4140625 0.5859375 0.01015625 0.01796875
4 0.4734375 0.5875 0.01015625 0.02109375
4 0.45703125 0.5859375 0.01484375 0.028125
6 0.42265625 0.58046875 0.01484375 0.0265625
4 0.4828125 0.58515625 0.01015625 0.02109375
4 0.4921875 0.5890625 0.009375 0.0234375
4 0.559375 0.6015625 0.02890625 0.05390625
4 0.5859375 0.60625 0.0484375 0.05390625
4 0.35625 0.5828125 0.01953125 0.040625
4 0.346875 0.58984375 0.015625 0.03046875
4 0.33515625 0.590625 0.01875 0.028125
4 0.31796875 0.5890625 0.0265625 0.04140625
4 0.4015625 0.5859375 0.01953125 0.0234375
4 0.50859375 0.58984375 0.02265625 0.034375
4 0.2921875 0.59375 0.04375 0.05546875
4 0.1125 0.71875 0.225 0.378125