5 0.2171875 0.3828125 0.03515625 0.14140625
5 0.178125 0.38046875 0.0359375 0.1375
4 0.2828125 0.35546875 0.01015625 0.02109375
4 0.3609375 0.365625 0.03828125 0.071875
4 0.3953125 0.36796875 0.01875 0.04140625
4 0.4109375 0.3703125 0.0265625 0.0375
4 0.428125 0.37578125 0.01875 0.03046875
4 0.315625 0.3765625 0.075 0.1125
6 0.2296875 0.33828125 0.0515625 0.09296875
4 0.140625 0.3828125 0.0828125 0.11640625
4 0.2234375 0.36171875 0.05703125 0.07890625
4 0.2109375 0.3671875 0.05625 0.06796875
4 0.53828125 0.4421875 0.3109375 0.38046875
4 0.9046875 0.475 0.18828125 0.334375
5 0.6359375 0.3890625 0.04453125 0.09140625
6 0.6578125 0.353125 0.2109375 0.290625