6 0.7046875 0.57421875 0.09140625 0.15
4 0.58125 0.5703125 0.0328125 0.04453125
4 0.54296875 0.54296875 0.0140625 0.01953125
4 0.546875 0.565625 0.0234375 0.0375
4 0.49921875 0.54609375 0.009375 0.02109375
4 0.471875 0.53671875 0.0109375 0.01796875
4 0.5625 0.528125 0.01015625 0.01796875
4 0.5734375 0.525 0.01015625 0.0234375
4 0.5125 0.546875 0.01796875 0.0265625
4 0.528125 0.590625 0.03984375 0.0609375
4 0.3171875 0.61796875 0.096875 0.0984375
4 0.928125 0.58359375 0.0734375 0.0859375
5 0.7953125 0.59921875 0.021875 0.09296875
5 0.8484375 0.5859375 0.01796875 0.09453125
5 0.871875 0.59921875 0.01875 0.0859375
5 0.78125 0.5609375 0.0109375 0.05546875