4 0.88125 0.7703125 0.009375 0.028125
4 0.78125 0.76328125 0.0265625 0.0234375
4 0.7578125 0.7609375 0.01953125 0.0140625
4 0.74453125 0.75859375 0.015625 0.0234375
4 0.7203125 0.75625 0.03984375 0.01796875
4 0.68828125 0.7546875 0.01171875 0.01640625
4 0.67265625 0.753125 0.03046875 0.01640625
4 0.628125 0.75390625 0.034375 0.0140625
4 0.6015625 0.75390625 0.0234375 0.0140625
4 0.565625 0.74921875 0.04609375 0.0234375
4 0.1515625 0.74375 0.0234375 0.01796875
4 0.1203125 0.7390625 0.03984375 0.01796875
4 0.084375 0.7421875 0.01171875 0.02109375
4 0.0953125 0.74453125 0.01171875 0.01640625
4 0.06796875 0.7421875 0.0171875 0.040625
4 0.8875 0.78515625 0.03671875 0.084375
4 0.89453125 0.89765625 0.04375 0.19140625
5 0.31796875 0.8078125 0.03125 0.0484375
6 0.353125 0.7015625 0.378125 0.2484375
4 0.2171875 0.85625 0.17421875 0.2390625