5 0.31953125 0.58828125 0.015625 0.078125
5 0.053125 0.590625 0.02265625 0.05546875
4 0.5453125 0.559375 0.01875 0.0359375
4 0.496875 0.56875 0.02578125 0.028125
4 0.6296875 0.54765625 0.01171875 0.0234375
6 0.7375 0.5359375 0.0328125 0.05703125
4 0.58046875 0.54453125 0.0203125 0.0265625
4 0.46640625 0.5703125 0.0359375 0.0390625
4 0.4234375 0.5765625 0.03671875 0.040625
4 0.5234375 0.56484375 0.025 0.04296875
4 0.60625 0.56015625 0.03125 0.0375
4 0.6625 0.57578125 0.07578125 0.10703125
4 0.2828125 0.59140625 0.05234375 0.04609375
4 0.0234375 0.6171875 0.04609375 0.0515625