4 0.6390625 0.384375 0.03125 0.03046875
6 0.5875 0.41796875 0.0640625 0.10859375
4 0.6953125 0.384375 0.0890625 0.0390625
4 0.75 0.4078125 0.05234375 0.0359375
4 0.6734375 0.471875 0.14375 0.16640625
4 0.38203125 0.38359375 0.02578125 0.04609375
4 0.32421875 0.38125 0.1109375 0.209375
6 0.16875 0.39296875 0.30625 0.425
4 0.08125 0.440625 0.1625 0.578125
4 0.475 0.559375 0.2890625 0.4109375
4 0.84453125 0.559375 0.31015625 0.3640625
5 0.0546875 0.23515625 0.04140625 0.08046875
5 0.209375 0.4546875 0.08515625 0.4265625