6 0.659375 0.43828125 0.153125 0.21953125
4 0.4375 0.5578125 0.27265625 0.3875
4 0.5609375 0.48125 0.05234375 0.10390625
4 0.57734375 0.43046875 0.0234375 0.0390625
4 0.559375 0.40859375 0.01484375 0.028125
5 0.53125 0.3921875 0.0171875 0.01796875
5 0.1234375 0.421875 0.0515625 0.20546875
5 0.240625 0.41953125 0.02421875 0.11640625
5 0.21875 0.41171875 0.021875 0.12890625
5 0.1953125 0.42265625 0.025 0.09609375
5 0.8921875 0.57421875 0.01796875 0.003125
4 0.953125 0.5578125 0.09375 0.0890625
5 0.89140625 0.53515625 0.01796875 0.08046875
5 0.1109375 0.40546875 0.02578125 0.090625