4 0.0484375 0.50625 0.09453125 0.1265625
6 0.25703125 0.45390625 0.096875 0.1140625
4 0.421875 0.48359375 0.05078125 0.075
5 0.45234375 0.46875 0.009375 0.07109375
4 0.134375 0.503125 0.01640625 0.0484375
6 0.09296875 0.478125 0.07265625 0.15859375
4 0.3140625 0.47734375 0.0203125 0.03359375
4 0.325 0.46484375 0.02734375 0.03359375
4 0.346875 0.46875 0.0109375 0.0265625
4 0.3578125 0.46484375 0.01875 0.03359375
4 0.375 0.4625 0.01640625 0.03359375
4 0.3875 0.4609375 0.01171875 0.0265625
4 0.525 0.4578125 0.0625 0.04296875
4 0.471875 0.4515625 0.0109375 0.01640625
4 0.4125 0.446875 0.01484375 0.01796875
6 0.42890625 0.440625 0.0171875 0.03046875