4 0.571875 0.434375 0.00859375 0.015625
4 0.5875 0.42265625 0.009375 0.009375
4 0.590625 0.434375 0.0078125 0.0125
4 0.6078125 0.45390625 0.01953125 0.03046875
4 0.5546875 0.434375 0.00859375 0.01953125
4 0.54296875 0.434375 0.0078125 0.0140625
4 0.5453125 0.434375 0.00390625 0.01640625
4 0.534375 0.434375 0.00859375 0.02109375
4 0.5203125 0.434375 0.0109375 0.015625
4 0.5296875 0.4359375 0.009375 0.00859375
4 0.5296875 0.45 0.01171875 0.01953125
4 0.525 0.45546875 0.01328125 0.03046875
4 0.5046875 0.43671875 0.01171875 0.0140625
4 0.50625 0.465625 0.0265625 0.04453125
4 0.89765625 0.50703125 0.15625 0.1375
4 0.4421875 0.471875 0.0265625 0.0484375
4 0.471875 0.45546875 0.028125 0.028125
6 0.478125 0.43125 0.02421875 0.02109375
4 0.35 0.5328125 0.14140625 0.16796875
4 0.1109375 0.52734375 0.19609375 0.1765625
4 0.475 0.48515625 0.05078125 0.0765625
4 0.64453125 0.5015625 0.109375 0.1265625
4 0.56875 0.446875 0.01328125 0.0140625
4 0.5546875 0.4359375 0.009375 0.0125
6 0.69296875 0.43046875 0.12890625 0.16796875
4 0.9609375 0.546875 0.075 0.1890625
5 0.9828125 0.4375 0.0078125 0.02890625
5 0.96875 0.434375 0.0171875 0.05703125
5 0.26484375 0.475 0.0109375 0.05546875
5 0.2609375 0.484375 0.015625 0.06796875
4 0.6171875 0.43125 0.01875 0.0140625
5 0.2375 0.471875 0.0125 0.0625