5 0.2921875 0.45390625 0.0078125 0.02890625
5 0.29921875 0.45859375 0.009375 0.0375
5 0.35 0.46015625 0.009375 0.04140625
5 0.2078125 0.46328125 0.01171875 0.06796875
5 0.190625 0.465625 0.0125 0.0515625
6 0.0796875 0.42890625 0.159375 0.2015625
4 0.04921875 0.4859375 0.0984375 0.1359375
6 0.24296875 0.446875 0.0640625 0.103125
5 0.265625 0.46640625 0.01640625 0.059375
4 0.321875 0.46171875 0.03359375 0.0515625
5 0.3671875 0.45859375 0.01015625 0.0375
4 0.39375 0.4515625 0.0578125 0.04609375
5 0.42265625 0.4625 0.0078125 0.0375
5 0.43203125 0.46015625 0.01015625 0.034375
6 0.4671875 0.440625 0.06015625 0.06640625
5 0.4625 0.45859375 0.01015625 0.034375
4 0.4875 0.4640625 0.0234375 0.04609375
5 0.5359375 0.484375 0.03515625 0.1234375
4 0.63828125 0.409375 0.19375 0.35703125
5 0.7453125 0.4765625 0.021875 0.103125
5 0.75625 0.4546875 0.0140625 0.059375
5 0.76875 0.453125 0.01640625 0.04296875
5 0.778125 0.453125 0.01171875 0.04140625
5 0.97265625 0.49296875 0.05 0.16640625
5 0.9328125 0.4984375 0.028125 0.1859375
5 0.953125 0.48671875 0.01875 0.1015625
5 0.8828125 0.528125 0.02421875 0.109375
5 0.85234375 0.50546875 0.02578125 0.175
5 0.8203125 0.52109375 0.0546875 0.2265625
5 0.90859375 0.50625 0.0796875 0.2890625