4 0.3234375 0.64453125 0.05625 0.06953125
4 0.35703125 0.64140625 0.01484375 0.028125
4 0.371875 0.640625 0.0140625 0.0265625
4 0.4328125 0.63125 0.00859375 0.02109375
4 0.44140625 0.63046875 0.00625 0.0140625
4 0.525 0.640625 0.01015625 0.028125
4 0.5390625 0.640625 0.025 0.03046875
4 0.56640625 0.646875 0.03203125 0.04140625
4 0.6015625 0.65 0.05 0.065625
4 0.62265625 0.65859375 0.0484375 0.05859375
4 0.6609375 0.66953125 0.06640625 0.07890625
4 0.7234375 0.6859375 0.1109375 0.109375
4 0.2453125 0.67265625 0.1046875 0.10390625
5 0.1984375 0.65390625 0.01015625 0.05546875
5 0.17265625 0.6625 0.021875 0.06953125
4 0.47265625 0.6328125 0.03203125 0.05390625
6 0.415625 0.628125 0.02578125 0.04296875
5 0.884375 0.68125 0.025 0.13203125
5 0.85 0.69140625 0.025 0.10703125