5 0.16796875 0.409375 0.015625 0.103125
5 0.153125 0.4171875 0.01796875 0.11640625
5 0.13046875 0.428125 0.02734375 0.13203125
5 0.8390625 0.48515625 0.040625 0.14453125
4 0.3203125 0.4109375 0.0578125 0.059375
4 0.57421875 0.471875 0.065625 0.1484375
4 0.265625 0.46328125 0.13203125 0.18359375
6 0.446875 0.3640625 0.20078125 0.19453125
4 0.0921875 0.584375 0.184375 0.403125
4 0.4203125 0.53203125 0.38125 0.4265625
5 0.7609375 0.45 0.03359375 0.07890625
4 0.67734375 0.53359375 0.2140625 0.28203125