5 0.20859375 0.78828125 0.0109375 0.02109375
5 0.3234375 0.7890625 0.01328125 0.0359375
5 0.3671875 0.803125 0.01015625 0.078125
5 0.353125 0.80703125 0.0078125 0.071875
5 0.3453125 0.80625 0.0125 0.07109375
5 0.3125 0.80078125 0.0140625 0.059375
5 0.33359375 0.7984375 0.01171875 0.0640625
5 0.7078125 0.796875 0.00859375 0.0640625
5 0.6859375 0.79453125 0.01171875 0.0609375
5 0.715625 0.8046875 0.01953125 0.08203125
5 0.753125 0.803125 0.03515625 0.121875
4 0.56328125 0.775 0.015625 0.0140625
4 0.596875 0.77421875 0.0140625 0.02109375
4 0.60859375 0.78671875 0.0171875 0.0375
4 0.5515625 0.790625 0.0125 0.03046875
4 0.5625 0.7984375 0.0125 0.03203125
4 0.584375 0.796875 0.03984375 0.05546875
4 0.48515625 0.796875 0.01875 0.0375
4 0.5109375 0.7984375 0.0296875 0.04140625
6 0.5296875 0.78125 0.01796875 0.034375
6 0.6296875 0.77890625 0.02890625 0.05546875
6 0.6734375 0.775 0.0515625 0.1
4 0.2015625 0.81171875 0.02109375 0.03203125
4 0.21796875 0.80703125 0.0125 0.025
4 0.42578125 0.7921875 0.11015625 0.10703125
4 0.2671875 0.80625 0.10078125 0.065625
4 0.078125 0.81171875 0.15390625 0.0484375
4 0.828125 0.790625 0.14375 0.1515625
4 0.93203125 0.78671875 0.1359375 0.1859375
4 0.54296875 0.78671875 0.0125 0.0265625