5 0.35625 0.57265625 0.0125 0.03046875
4 0.44140625 0.5703125 0.00703125 0.01640625
4 0.4484375 0.57109375 0.01484375 0.0265625
4 0.43125 0.571875 0.01875 0.03359375
4 0.403125 0.56953125 0.01484375 0.02890625
4 0.38828125 0.5765625 0.01015625 0.02109375
4 0.3296875 0.578125 0.03203125 0.0515625
4 0.5 0.5734375 0.01875 0.03203125
4 0.3765625 0.58203125 0.0171875 0.0234375
4 0.41875 0.57734375 0.02265625 0.03359375
4 0.4671875 0.57734375 0.03046875 0.046875
4 0.1421875 0.584375 0.0640625 0.0734375
5 0.103125 0.57109375 0.01953125 0.04453125
5 0.125 0.6015625 0.021875 0.115625
6 0.52109375 0.55625 0.02890625 0.06796875
4 0.621875 0.54921875 0.13046875 0.2625
6 0.2390625 0.515625 0.1578125 0.2890625
6 0.82109375 0.3875 0.3546875 0.775
4 0.06328125 0.6125 0.1265625 0.15
4 0.0046875 0.6359375 0.009375 0.1109375