4 0.53125 0.471875 0.0046875 0.009375
4 0.51953125 0.471875 0.0109375 0.0109375
4 0.50859375 0.46875 0.01328125 0.0109375
4 0.5 0.47109375 0.01015625 0.0140625
4 0.49453125 0.46640625 0.00625 0.0234375
4 0.48671875 0.46875 0.01640625 0.03203125
4 0.475 0.47421875 0.01328125 0.0265625
4 0.5609375 0.47265625 0.00625 0.00859375
4 0.56953125 0.4671875 0.0125 0.01953125
4 0.6484375 0.471875 0.0265625 0.05390625
4 0.403125 0.48359375 0.06328125 0.0875
4 0.309375 0.49609375 0.1296875 0.1609375
5 0.434375 0.47734375 0.01015625 0.04453125
5 0.23515625 0.4625 0.015625 0.0609375
5 0.784375 0.47421875 0.0078125 0.053125
5 0.7921875 0.47265625 0.0078125 0.0515625
5 0.79765625 0.478125 0.01484375 0.06640625
5 0.82734375 0.453125 0.009375 0.01640625
5 0.85 0.44921875 0.00625 0.0109375
5 0.81640625 0.45546875 0.00625 0.009375
5 0.91640625 0.48203125 0.021875 0.09609375
5 0.953125 0.4734375 0.02109375 0.0609375
5 0.67890625 0.46328125 0.00546875 0.021875
5 0.684375 0.46796875 0.0078125 0.03046875
5 0.68828125 0.4703125 0.00625 0.03359375
5 0.6953125 0.4703125 0.00625 0.034375
5 0.775 0.4546875 0.00859375 0.01796875
4 0.8671875 0.496875 0.1078125 0.0890625
4 0.815625 0.484375 0.04296875 0.0515625
4 0.75 0.48125 0.06171875 0.059375
4 0.1296875 0.53125 0.24921875 0.253125
4 0.546875 0.47421875 0.02890625 0.04140625
4 0.4578125 0.47734375 0.0296875 0.04140625
6 0.60390625 0.446875 0.07265625 0.1265625
6 0.56640625 0.4484375 0.01640625 0.028125
4 0.96953125 0.459375 0.0328125 0.04140625