5 0.1171875 0.603125 0.03359375 0.15859375
5 0.31796875 0.6203125 0.0203125 0.08203125
5 0.35625 0.61640625 0.02265625 0.075
5 0.98515625 0.6421875 0.0296875 0.184375
5 0.8765625 0.6109375 0.01484375 0.0890625
5 0.66875 0.6125 0.0078125 0.0390625
5 0.68125 0.61484375 0.0140625 0.0640625
5 0.7046875 0.6125 0.0171875 0.075
5 0.74375 0.6109375 0.02265625 0.084375
5 0.80703125 0.62421875 0.0296875 0.1015625
5 0.896875 0.63671875 0.05625 0.171875
5 0.9578125 0.653125 0.046875 0.215625
4 0.471875 0.58984375 0.0453125 0.078125
4 0.45625 0.59140625 0.0390625 0.04609375
6 0.55546875 0.57734375 0.021875 0.0390625
4 0.5234375 0.6078125 0.05703125 0.0890625
4 0.57890625 0.6234375 0.12265625 0.08203125
5 0.3609375 0.6078125 0.01171875 0.07890625
4 0.45 0.6171875 0.0421875 0.0484375