5 0.6328125 0.51484375 0.00859375 0.04296875
5 0.6234375 0.51171875 0.01328125 0.0484375
5 0.58515625 0.509375 0.01015625 0.0484375
4 0.50234375 0.49296875 0.01328125 0.02109375
4 0.6640625 0.5296875 0.05625 0.05859375
4 0.73125 0.52734375 0.103125 0.1
4 0.846875 0.5375 0.1578125 0.134375
6 0.575 0.49140625 0.0375 0.06953125
4 0.8328125 0.584375 0.16484375 0.146875
4 0.4421875 0.475 0.00859375 0.02109375
4 0.4359375 0.4828125 0.015625 0.025
4 0.4140625 0.475 0.0203125 0.025
4 0.390625 0.484375 0.0140625 0.03359375
4 0.38125 0.48671875 0.01171875 0.028125
4 0.36953125 0.484375 0.0171875 0.0390625
4 0.23125 0.5234375 0.0703125 0.07109375
6 0.096875 0.46484375 0.19375 0.4515625
4 0.45859375 0.490625 0.03125 0.0609375
4 0.32890625 0.528125 0.09609375 0.13203125
4 0.0875 0.759375 0.175 0.35390625