5 0.5671875 0.3734375 0.02578125 0.121875
5 0.7796875 0.35546875 0.0265625 0.12109375
5 0.75625 0.34921875 0.01484375 0.09140625
5 0.73515625 0.36171875 0.0265625 0.12109375
4 0.41875 0.2703125 0.009375 0.01640625
4 0.4328125 0.26796875 0.009375 0.02109375
4 0.4546875 0.2578125 0.00703125 0.01640625
4 0.4546875 0.271875 0.0078125 0.01796875
4 0.42421875 0.3015625 0.01171875 0.02109375
4 0.40546875 0.30703125 0.02109375 0.0140625
4 0.421875 0.321875 0.01953125 0.01796875
4 0.4359375 0.31328125 0.0140625 0.0265625
4 0.4109375 0.33671875 0.0234375 0.04140625
4 0.4078125 0.33671875 0.02109375 0.03359375
4 0.3859375 0.3453125 0.0453125 0.05
4 0.4703125 0.33046875 0.009375 0.04609375
4 0.453125 0.33828125 0.0328125 0.046875
6 0.46015625 0.296875 0.0171875 0.0265625
4 0.3265625 0.303125 0.0140625 0.0140625
4 0.3125 0.30234375 0.0125 0.01640625
4 0.2890625 0.3125 0.01953125 0.02109375
4 0.128125 0.32109375 0.0234375 0.0375
4 0.3265625 0.28671875 0.01015625 0.0140625