4 0.08984375 0.47421875 0.178125 0.271875
4 0.45234375 0.43203125 0.05703125 0.0859375
4 0.215625 0.44375 0.1625 0.1765625
5 0.384375 0.42265625 0.01796875 0.078125
5 0.50546875 0.43203125 0.01484375 0.046875
4 0.35625 0.43203125 0.03125 0.0609375
4 0.3984375 0.43125 0.0234375 0.0625
4 0.4125 0.41875 0.015625 0.0359375
4 0.7828125 0.4515625 0.10390625 0.08359375
4 0.865625 0.44921875 0.07890625 0.084375
5 0.815625 0.42890625 0.01953125 0.05859375
6 0.50625 0.3953125 0.05390625 0.11953125
5 0.5765625 0.42421875 0.0125 0.078125
5 0.3375 0.428125 0.0140625 0.053125