5 0.6515625 0.37109375 0.01015625 0.03046875
4 0.33984375 0.396875 0.0109375 0.025
4 0.328125 0.39453125 0.0203125 0.03046875
6 0.3234375 0.3765625 0.02578125 0.03203125
4 0.3078125 0.39375 0.01796875 0.03203125
4 0.29375 0.39453125 0.021875 0.03359375
4 0.275 0.39296875 0.0265625 0.0359375
4 0.2140625 0.39296875 0.02890625 0.0515625
4 0.0203125 0.403125 0.0390625 0.08203125
4 0.6109375 0.39609375 0.109375 0.0625
4 0.48203125 0.39375 0.0203125 0.0265625
4 0.503125 0.40078125 0.015625 0.01640625
4 0.5140625 0.39765625 0.0125 0.01953125
4 0.5234375 0.3984375 0.0140625 0.02109375
4 0.546875 0.396875 0.021875 0.0234375
4 0.4171875 0.396875 0.01875 0.028125