5 0.059375 0.4671875 0.03828125 0.18046875
5 0.1109375 0.471875 0.03203125 0.24609375
5 0.978125 0.59609375 0.0265625 0.0609375
5 0.6234375 0.5296875 0.00625 0.03359375
5 0.615625 0.5328125 0.00625 0.021875
5 0.5609375 0.51640625 0.00625 0.02109375
4 0.1046875 0.465625 0.05546875 0.04609375
4 0.5921875 0.5328125 0.03359375 0.02109375
4 0.56796875 0.5296875 0.0203125 0.01640625
4 0.03515625 0.44453125 0.03828125 0.028125
6 0.0125 0.42578125 0.02421875 0.059375
4 0.98828125 0.659375 0.0234375 0.115625
4 0.8140625 0.665625 0.35 0.33203125
4 0.2953125 0.5046875 0.10703125 0.09140625
4 0.171875 0.47578125 0.07265625 0.06953125
4 0.4515625 0.58046875 0.24609375 0.3359375
6 0.03359375 0.4265625 0.02109375 0.00859375