5 0.15703125 0.4 0.04609375 0.234375
5 0.1 0.41796875 0.03984375 0.209375
5 0.47109375 0.371875 0.0328125 0.1625
5 0.7578125 0.38203125 0.03203125 0.13203125
5 0.9640625 0.3671875 0.040625 0.153125
5 0.3359375 0.3609375 0.02109375 0.10546875
5 0.225 0.346875 0.01015625 0.0515625
6 0.9140625 0.3265625 0.1125 0.103125
5 0.53828125 0.33984375 0.0046875 0.02890625
5 0.5078125 0.3453125 0.00859375 0.040625
5 0.51796875 0.346875 0.009375 0.04140625
5 0.7328125 0.35234375 0.0171875 0.07109375
5 0.815625 0.36015625 0.01796875 0.09609375
5 0.7859375 0.35234375 0.01953125 0.0765625
5 0.7140625 0.32734375 0.0125 0.03203125
5 0.8359375 0.35 0.01328125 0.071875
5 0.771875 0.3390625 0.00703125 0.071875
5 0.7609375 0.35234375 0.01484375 0.1015625
5 0.49609375 0.34921875 0.01171875 0.05390625
5 0.63125 0.35390625 0.009375 0.05546875
5 0.646875 0.34296875 0.01015625 0.05
5 0.54921875 0.3359375 0.0046875 0.01953125
5 0.54296875 0.340625 0.00625 0.02109375
4 0.56875 0.346875 0.02890625 0.04609375
4 0.62578125 0.340625 0.03125 0.0375
4 0.6140625 0.359375 0.046875 0.04453125
4 0.5921875 0.321875 0.00703125 0.009375
4 0.3046875 0.34609375 0.1609375 0.115625
4 0.103125 0.33984375 0.2046875 0.134375
5 0.0046875 0.35546875 0.009375 0.0734375