4 0.4109375 0.365625 0.04765625 0.08359375
4 0.3390625 0.36953125 0.0765625 0.14453125
4 0.3875 0.384375 0.028125 0.08046875
4 0.5453125 0.34140625 0.009375 0.01640625
4 0.4953125 0.353125 0.021875 0.034375
6 0.5296875 0.340625 0.021875 0.04453125
4 0.5796875 0.353125 0.02265625 0.04609375
4 0.5515625 0.3640625 0.0296875 0.04453125
6 0.6484375 0.34375 0.02578125 0.03359375
4 0.659375 0.359375 0.02890625 0.04453125
4 0.6984375 0.37109375 0.040625 0.04453125
4 0.6046875 0.3640625 0.0515625 0.0734375
4 0.4609375 0.37265625 0.05546875 0.084375
6 0.1578125 0.26484375 0.31328125 0.525
5 0.8234375 0.37890625 0.02265625 0.08359375
5 0.85078125 0.375 0.02265625 0.08046875
4 0.95625 0.38828125 0.084375 0.1890625
5 0.4015625 0.3796875 0.01875 0.109375