4 0.0359375 0.5 0.071875 0.1609375
4 0.0109375 0.4140625 0.0203125 0.02890625
6 0.16328125 0.45390625 0.1765625 0.1109375
4 0.0640625 0.41171875 0.04765625 0.040625
4 0.115625 0.4140625 0.05859375 0.021875
4 0.228125 0.421875 0.04765625 0.034375
4 0.296875 0.44375 0.09765625 0.0625
4 0.33515625 0.43984375 0.07421875 0.0609375
4 0.3828125 0.446875 0.0265625 0.028125
4 0.2671875 0.40703125 0.02890625 0.015625
4 0.3859375 0.415625 0.028125 0.02109375
4 0.415625 0.4171875 0.02890625 0.01953125
4 0.4453125 0.4125 0.025 0.028125
4 0.55546875 0.4296875 0.03125 0.034375
4 0.97421875 0.45234375 0.05 0.078125
5 0.8375 0.4703125 0.0265625 0.1
4 0.57578125 0.4140625 0.01875 0.0265625
4 0.58203125 0.4 0.015625 0.015625
4 0.5921875 0.39453125 0.0125 0.01953125
6 0.7015625 0.465625 0.15625 0.1859375
5 0.753125 0.428125 0.0171875 0.078125