5 0.5015625 0.53515625 0.028125 0.10703125
5 0.465625 0.50390625 0.00546875 0.01640625
5 0.70546875 0.54140625 0.02109375 0.10390625
5 0.7359375 0.63984375 0.05078125 0.3359375
5 0.8125 0.52265625 0.01796875 0.05703125
5 0.790625 0.53984375 0.02734375 0.09296875
5 0.67734375 0.509375 0.0765625 0.0484375
4 0.40546875 0.4890625 0.01015625 0.015625
5 0.39765625 0.4828125 0.00703125 0.0125
4 0.3890625 0.4828125 0.0109375 0.015625
5 0.378125 0.484375 0.009375 0.01796875
4 0.365625 0.4859375 0.01640625 0.01953125
4 0.34296875 0.484375 0.02265625 0.025
4 0.31640625 0.47265625 0.0140625 0.01640625
4 0.29375 0.4796875 0.0484375 0.040625
4 0.225 0.47421875 0.08125 0.0875
4 0.21875 0.453125 0.08828125 0.09609375
4 0.15390625 0.47265625 0.04453125 0.05
4 0.109375 0.459375 0.07265625 0.07109375
6 0.03828125 0.453125 0.0765625 0.1890625
4 0.44453125 0.5 0.0171875 0.02109375
4 0.42265625 0.50390625 0.02578125 0.034375
4 0.4796875 0.50546875 0.02421875 0.034375
4 0.5203125 0.51328125 0.02734375 0.053125
4 0.54921875 0.53671875 0.0234375 0.08203125
4 0.57421875 0.54375 0.0515625 0.0984375
4 0.6328125 0.56640625 0.12265625 0.175
4 0.86875 0.7203125 0.25703125 0.5484375