4 0.0625 0.47421875 0.12421875 0.08203125
4 0.5203125 0.38828125 0.01015625 0.01796875
4 0.5109375 0.39375 0.01484375 0.01796875
4 0.50703125 0.4015625 0.0171875 0.01796875
4 0.49375 0.4125 0.01875 0.03359375
4 0.4875 0.41484375 0.015625 0.04140625
4 0.465625 0.41796875 0.0359375 0.05546875
4 0.52734375 0.384375 0.009375 0.015625
4 0.5484375 0.384375 0.00859375 0.015625
4 0.4421875 0.43046875 0.0359375 0.0625
4 0.5734375 0.4015625 0.015625 0.0265625
4 0.578125 0.403125 0.01875 0.03046875
4 0.5875 0.40234375 0.02109375 0.03203125
4 0.60390625 0.415625 0.03828125 0.05859375
4 0.61796875 0.4265625 0.04921875 0.0625
4 0.6734375 0.403125 0.059375 0.0375
4 0.671875 0.39609375 0.0578125 0.03046875
4 0.640625 0.4 0.0140625 0.028125
6 0.565625 0.38515625 0.02421875 0.05
4 0.00859375 0.50625 0.0171875 0.059375
4 0.94296875 0.446875 0.1109375 0.1109375
6 0.91953125 0.41796875 0.0703125 0.1015625
5 0.76796875 0.459375 0.028125 0.14609375
4 0.4109375 0.446875 0.0546875 0.06953125
4 0.5546875 0.48203125 0.1046875 0.14296875