4 0.9625 0.49296875 0.03828125 0.0390625
5 0.9359375 0.48515625 0.0125 0.06953125
5 0.909375 0.48046875 0.01328125 0.0640625
5 0.503125 0.48125 0.01171875 0.05390625
5 0.49140625 0.47734375 0.0203125 0.0765625
5 0.090625 0.5640625 0.0625 0.0875
4 0.8453125 0.49375 0.13671875 0.08046875
4 0.76171875 0.45703125 0.05859375 0.03203125
4 0.703125 0.51328125 0.28359375 0.16640625
4 0.0953125 0.49765625 0.18984375 0.1890625
4 0.0796875 0.734375 0.1578125 0.3109375
6 0.23203125 0.36171875 0.46328125 0.3984375
5 0.1859375 0.54375 0.10390625 0.45
5 0.278125 0.60078125 0.1078125 0.5265625
4 0.9875 0.4890625 0.02265625 0.05