5 0.8859375 0.54765625 0.025 0.1015625
5 0.15 0.59375 0.01875 0.04140625
4 0.40078125 0.56640625 0.015625 0.040625
4 0.509375 0.5515625 0.02109375 0.046875
4 0.5359375 0.5734375 0.0421875 0.0640625
4 0.565625 0.56640625 0.02734375 0.05390625
6 0.57421875 0.528125 0.01484375 0.028125
6 0.6203125 0.48671875 0.0828125 0.0640625
4 0.3703125 0.59453125 0.059375 0.09140625
5 0.26328125 0.57109375 0.01171875 0.040625
4 0.31640625 0.640625 0.084375 0.13046875
4 0.64375 0.5921875 0.17421875 0.20859375
4 0.45625 0.634375 0.1328125 0.228125
4 0.23125 0.69765625 0.1859375 0.228125
4 0.18671875 0.8453125 0.05390625 0.19453125
4 0.95546875 0.8484375 0.08828125 0.3