5 0.2421875 0.540625 0.065625 0.27109375
5 0.0140625 0.5625 0.028125 0.16875
4 0.9953125 0.74765625 0.0078125 0.165625
4 0.4703125 0.496875 0.09921875 0.1140625
4 0.703125 0.471875 0.04375 0.0484375
4 0.5390625 0.49453125 0.05625 0.06796875
4 0.5640625 0.46796875 0.0546875 0.08359375
4 0.5921875 0.46953125 0.0359375 0.071875
4 0.61640625 0.46171875 0.03203125 0.0609375
4 0.6375 0.4578125 0.02265625 0.0484375
4 0.646875 0.45703125 0.0203125 0.046875
4 0.6703125 0.45390625 0.02734375 0.04140625
4 0.75546875 0.4640625 0.0328125 0.078125
6 0.8234375 0.44140625 0.1109375 0.225