4 0.303125 0.42265625 0.01484375 0.034375
4 0.284375 0.42578125 0.01953125 0.02890625
6 0.3265625 0.41328125 0.03671875 0.078125
6 0.22265625 0.45390625 0.1296875 0.16640625
5 0.14921875 0.409375 0.0171875 0.0375
4 0.19375 0.509375 0.0890625 0.18359375
4 0.340625 0.440625 0.06171875 0.10390625
4 0.41875 0.48125 0.11015625 0.19609375
4 0.096875 0.56328125 0.19296875 0.378125
5 0.48125 0.45859375 0.00859375 0.0609375
5 0.546875 0.45078125 0.0109375 0.034375
5 0.5609375 0.45 0.01171875 0.04296875
5 0.571875 0.471875 0.01171875 0.06796875
5 0.60625 0.48125 0.01484375 0.084375
5 0.5890625 0.48359375 0.0125 0.090625
5 0.628125 0.48984375 0.01953125 0.09609375
5 0.6421875 0.47265625 0.0171875 0.08359375
5 0.6671875 0.46796875 0.01953125 0.065625
4 0.8046875 0.60859375 0.3890625 0.4609375