5 0.0703125 0.5171875 0.02265625 0.071875
5 0.146875 0.48203125 0.01484375 0.040625
5 0.128125 0.49375 0.0078125 0.040625
5 0.134375 0.4921875 0.01015625 0.0375
4 0.2515625 0.52265625 0.02109375 0.0515625
4 0.203125 0.50703125 0.07890625 0.05546875
4 0.2765625 0.52890625 0.03671875 0.078125
4 0.47890625 0.49375 0.0078125 0.03046875
4 0.48515625 0.4921875 0.01328125 0.03359375
4 0.5015625 0.49609375 0.02734375 0.04453125
4 0.50625 0.4984375 0.0171875 0.034375
6 0.3234375 0.51015625 0.065625 0.12890625
6 0.64375 0.475 0.10703125 0.2140625
4 0.16875 0.5671875 0.15546875 0.15390625
4 0.51875 0.503125 0.03125 0.040625
4 0.7765625 0.55703125 0.17265625 0.1609375