5 0.42109375 0.39765625 0.0203125 0.09296875
5 0.3453125 0.38828125 0.0078125 0.05703125
5 0.3609375 0.40546875 0.02109375 0.0890625
4 0.6703125 0.3890625 0.10078125 0.10390625
4 0.521875 0.378125 0.13046875 0.12109375
4 0.0484375 0.384375 0.01328125 0.0140625
4 0.034375 0.396875 0.02421875 0.04140625
4 0.021875 0.403125 0.02109375 0.04140625
4 0.0125 0.4140625 0.025 0.05546875
4 0.26015625 0.3875 0.06015625 0.05546875
4 0.3015625 0.43515625 0.09765625 0.10546875
6 0.1453125 0.3515625 0.03046875 0.034375
4 0.16171875 0.5703125 0.26328125 0.425