4 0.5015625 0.44765625 0.05859375 0.071875
4 0.44140625 0.43515625 0.02578125 0.03359375
4 0.5953125 0.43671875 0.0203125 0.04140625
4 0.58125 0.43515625 0.01640625 0.053125
4 0.56875 0.434375 0.01328125 0.0265625
4 0.55625 0.43046875 0.01796875 0.02890625
4 0.5265625 0.4171875 0.0234375 0.0359375
4 0.5453125 0.4140625 0.01484375 0.0390625
6 0.9015625 0.446875 0.1734375 0.18203125
6 0.7046875 0.371875 0.225 0.3140625
5 0.065625 0.48359375 0.04921875 0.1234375
4 0.4734375 0.41875 0.01328125 0.021875
4 0.3171875 0.4359375 0.04921875 0.04140625
4 0.26953125 0.45546875 0.046875 0.046875