5 0.9765625 0.71484375 0.034375 0.06953125
5 0.94765625 0.72578125 0.0328125 0.1140625
5 0.765625 0.740625 0.01328125 0.05
5 0.7546875 0.746875 0.009375 0.0609375
5 0.72734375 0.7453125 0.01328125 0.0609375
5 0.659375 0.75390625 0.009375 0.0609375
5 0.62109375 0.7546875 0.01015625 0.053125
5 0.6375 0.75625 0.0125 0.0609375
5 0.6671875 0.771875 0.0125 0.0875
5 0.68125 0.7453125 0.0125 0.053125
5 0.70859375 0.7421875 0.01171875 0.0625
5 0.71953125 0.746875 0.00859375 0.06796875
5 0.8734375 0.7453125 0.015625 0.08359375
4 0.43125 0.784375 0.04453125 0.0640625
4 0.3640625 0.815625 0.0828125 0.13203125
4 0.146875 0.85 0.13828125 0.209375
4 0.88359375 0.740625 0.11875 0.075
4 0.52734375 0.8109375 0.153125 0.2640625
4 0.259375 0.86171875 0.1921875 0.2484375
6 0.87265625 0.721875 0.11796875 0.096875
4 0.040625 0.87734375 0.08125 0.1375
4 0.95234375 0.825 0.0921875 0.18046875
4 0.396875 0.77734375 0.0203125 0.04296875