4 0.33671875 0.51171875 0.00625 0.01796875
4 0.3296875 0.51015625 0.00546875 0.01953125
4 0.3234375 0.509375 0.00625 0.02109375
4 0.31953125 0.51171875 0.00625 0.021875
4 0.31328125 0.51171875 0.00625 0.025
4 0.30625 0.51015625 0.009375 0.03046875
4 0.296875 0.5109375 0.01015625 0.03046875
4 0.2796875 0.5109375 0.02421875 0.03359375
4 0.4140625 0.51484375 0.01640625 0.02109375
4 0.49375 0.52421875 0.03671875 0.05
4 0.5140625 0.53046875 0.03828125 0.0515625
4 0.5546875 0.534375 0.0578125 0.084375
4 0.57578125 0.54921875 0.05 0.0859375
4 0.65546875 0.54140625 0.1359375 0.178125
4 0.8171875 0.575 0.29375 0.2890625
4 0.1015625 0.5296875 0.05859375 0.08203125
6 0.40859375 0.50859375 0.0296875 0.02890625
4 0.0375 0.521875 0.0734375 0.12109375
4 0.4296875 0.51640625 0.01796875 0.025
4 0.359375 0.5125 0.01640625 0.025
4 0.24375 0.51484375 0.0375 0.0484375
6 0.46640625 0.50859375 0.0359375 0.05390625
5 0.459375 0.51875 0.0109375 0.0515625
4 0.9515625 0.7125 0.0953125 0.221875