4 0.4734375 0.4046875 0.04296875 0.0625
4 0.30390625 0.4171875 0.01875 0.040625
6 0.26875 0.396875 0.05703125 0.0859375
6 0.2359375 0.40546875 0.0390625 0.0765625
6 0.1734375 0.409375 0.09921875 0.125
6 0.5109375 0.41875 0.071875 0.096875
4 0.3828125 0.48671875 0.1890625 0.28046875
5 0.7625 0.396875 0.0375 0.121875
5 0.728125 0.39140625 0.0390625 0.1375
5 0.6265625 0.40859375 0.021875 0.1
5 0.6171875 0.4125 0.021875 0.1125
5 0.584375 0.41484375 0.02890625 0.1125
5 0.5984375 0.40703125 0.02734375 0.09140625
5 0.91640625 0.3828125 0.034375 0.109375
5 0.96640625 0.38125 0.02578125 0.10703125
4 0.5140625 0.4171875 0.08046875 0.07890625
5 0.05078125 0.43828125 0.02265625 0.07890625
5 0.015625 0.4375 0.02265625 0.0609375
5 0.1125 0.4375 0.0140625 0.06640625