5 0.025 0.42890625 0.02890625 0.15
5 0.7859375 0.45859375 0.0328125 0.1375
5 0.0875 0.43984375 0.03359375 0.1375
5 0.503125 0.43359375 0.0140625 0.05
4 0.465625 0.42734375 0.009375 0.02109375
4 0.4578125 0.42890625 0.0140625 0.025
4 0.4484375 0.43125 0.01875 0.0375
4 0.434375 0.42890625 0.028125 0.05859375
6 0.396875 0.42265625 0.06640625 0.10390625
4 0.4921875 0.43125 0.01484375 0.02109375
4 0.51171875 0.428125 0.01015625 0.03046875
4 0.51796875 0.4328125 0.0140625 0.034375
4 0.5265625 0.434375 0.01875 0.04296875
4 0.5421875 0.4375 0.0328125 0.05859375
4 0.55703125 0.44609375 0.040625 0.05859375
4 0.3671875 0.44375 0.0734375 0.10390625
4 0.98203125 0.5 0.03359375 0.08359375