5 0.8015625 0.48046875 0.02578125 0.13203125
4 0.69140625 0.4703125 0.0375 0.04140625
5 0.690625 0.46640625 0.01328125 0.06953125
5 0.66953125 0.4765625 0.01328125 0.0625
5 0.625 0.46640625 0.0125 0.034375
5 0.2921875 0.5015625 0.00859375 0.04296875
5 0.31328125 0.49921875 0.00859375 0.046875
5 0.1453125 0.51328125 0.00859375 0.05859375
5 0.0671875 0.5171875 0.01953125 0.07109375
5 0.0265625 0.528125 0.01953125 0.1015625
5 0.003125 0.53515625 0.00625 0.0734375
4 0.1171875 0.515625 0.03046875 0.05390625
4 0.20390625 0.5265625 0.08671875 0.08046875
4 0.3734375 0.49140625 0.0125 0.0375
4 0.409375 0.49140625 0.009375 0.04140625
4 0.3921875 0.48828125 0.02890625 0.046875
6 0.521875 0.47109375 0.071875 0.10859375