5 0.7609375 0.58359375 0.04140625 0.19453125
5 0.69140625 0.54453125 0.01796875 0.08046875
5 0.671875 0.5484375 0.01796875 0.084375
5 0.64453125 0.54453125 0.0171875 0.1
4 0.3453125 0.521875 0.01015625 0.01796875
4 0.3359375 0.52421875 0.0140625 0.025
4 0.4296875 0.51328125 0.01875 0.025
4 0.2734375 0.51171875 0.0140625 0.01796875
4 0.2671875 0.52890625 0.0171875 0.0375
4 0.2578125 0.534375 0.0171875 0.0484375
4 0.4734375 0.515625 0.01015625 0.01796875
4 0.4828125 0.5375 0.01484375 0.0625
4 0.50625 0.53828125 0.04609375 0.07109375
4 0.4515625 0.540625 0.0515625 0.0625
4 0.03671875 0.55859375 0.07265625 0.14453125
4 0.56015625 0.54765625 0.084375 0.10859375
4 0.396875 0.5421875 0.06015625 0.0859375
4 0.3046875 0.540625 0.0625 0.08203125
6 0.159375 0.48984375 0.18046875 0.2625
4 0.01640625 0.575 0.0328125 0.12890625
4 0.9203125 0.671875 0.1578125 0.29609375