4 0.4359375 0.465625 0.00859375 0.0140625
4 0.43046875 0.46953125 0.01015625 0.01640625
4 0.41875 0.4734375 0.0203125 0.0359375
4 0.384375 0.47890625 0.01328125 0.03359375
4 0.48984375 0.46953125 0.01015625 0.02109375
4 0.49375 0.471875 0.01171875 0.01796875
4 0.4984375 0.47265625 0.01015625 0.0234375
4 0.50625 0.478125 0.0125 0.0234375
4 0.5109375 0.47734375 0.01171875 0.025
4 0.5171875 0.478125 0.0140625 0.03359375
4 0.52421875 0.47890625 0.01640625 0.0375
6 0.453125 0.453125 0.028125 0.04140625
6 0.4765625 0.4609375 0.01328125 0.0234375
4 0.54375 0.48125 0.03828125 0.046875
4 0.453125 0.478125 0.0296875 0.04296875
4 0.4 0.478125 0.0328125 0.04296875
4 0.3703125 0.4828125 0.03515625 0.046875
5 0.34921875 0.484375 0.01171875 0.0390625
5 0.7828125 0.51015625 0.03125 0.12109375
5 0.7515625 0.51640625 0.02109375 0.06640625
5 0.6734375 0.48984375 0.0203125 0.0765625
5 0.8078125 0.51328125 0.01796875 0.1109375