5 0.946875 0.43203125 0.09453125 0.346875
4 0.16875 0.28984375 0.02109375 0.02109375
4 0.2328125 0.29375 0.0359375 0.0140625
4 0.3796875 0.284375 0.02265625 0.0140625
4 0.3140625 0.2859375 0.03125 0.0140625
4 0.540625 0.275 0.02109375 0.0140625
4 0.1109375 0.29609375 0.01328125 0.01796875
4 0.446875 0.4171875 0.02890625 0.05546875
4 0.478125 0.43046875 0.04609375 0.06796875
4 0.3515625 0.42734375 0.01953125 0.0375
4 0.5359375 0.434375 0.0734375 0.1125
4 0.16875 0.44453125 0.07890625 0.05859375
6 0.075 0.4140625 0.14921875 0.12890625
4 0.0625 0.48359375 0.12421875 0.16796875
4 0.39765625 0.4390625 0.0859375 0.1265625
4 0.70625 0.446875 0.3203125 0.39609375