5 0.19765625 0.39609375 0.01875 0.103125
5 0.2796875 0.38515625 0.01015625 0.0484375
5 0.2609375 0.384375 0.01328125 0.04140625
5 0.3796875 0.36796875 0.015625 0.0515625
5 0.5125 0.353125 0.01015625 0.0375
5 0.521875 0.35234375 0.0078125 0.040625
5 0.5640625 0.365625 0.01484375 0.075
5 0.571875 0.3671875 0.0171875 0.09296875
5 0.58125 0.36875 0.015625 0.09609375
5 0.61171875 0.3625 0.01328125 0.075
5 0.6171875 0.3671875 0.0171875 0.07890625
5 0.63203125 0.37578125 0.02265625 0.08203125
5 0.646875 0.371875 0.01328125 0.0890625
5 0.6609375 0.3625 0.015625 0.07890625
5 0.6734375 0.3546875 0.01171875 0.071875
5 0.6828125 0.34296875 0.01875 0.05390625
5 0.69375 0.371875 0.01484375 0.103125
5 0.70078125 0.334375 0.01171875 0.03359375
5 0.72109375 0.34140625 0.01328125 0.065625
5 0.73515625 0.35859375 0.01953125 0.0984375
5 0.74765625 0.371875 0.02890625 0.13046875
5 0.7578125 0.35859375 0.01015625 0.084375
5 0.77109375 0.353125 0.015625 0.09296875
5 0.7875 0.3140625 0.0171875 0.0375
5 0.78359375 0.37109375 0.0171875 0.10546875
5 0.79296875 0.35546875 0.01171875 0.075
5 0.8078125 0.36640625 0.02109375 0.115625
5 0.8296875 0.36171875 0.015625 0.109375
5 0.8359375 0.37421875 0.0234375 0.121875
5 0.8578125 0.3484375 0.04453125 0.0984375
5 0.86875 0.41640625 0.05 0.215625
5 0.92421875 0.3546875 0.0328125 0.13359375
5 0.9375 0.3125 0.0171875 0.05859375
5 0.94453125 0.3109375 0.01328125 0.046875
5 0.96953125 0.2953125 0.009375 0.03359375
5 0.9703125 0.4578125 0.0578125 0.34453125
4 0.23125 0.40234375 0.07265625 0.078125
4 0.3046875 0.3765625 0.05234375 0.06796875
4 0.35625 0.36640625 0.01953125 0.034375
4 0.3421875 0.37265625 0.03125 0.046875
4 0.43125 0.34609375 0.0078125 0.03046875
4 0.4671875 0.38828125 0.090625 0.18046875
6 0.55234375 0.32578125 0.06875 0.10859375
4 0.59921875 0.36640625 0.0328125 0.05859375