4 0.46640625 0.43671875 0.00625 0.01953125
4 0.45625 0.4421875 0.0109375 0.02109375
4 0.446875 0.4453125 0.009375 0.02890625
4 0.403125 0.43515625 0.05078125 0.05546875
6 0.3515625 0.4328125 0.06640625 0.084375
4 0.25859375 0.47265625 0.0734375 0.103125
4 0.31640625 0.48046875 0.0953125 0.121875
4 0.1125 0.56328125 0.225 0.31640625
4 0.559375 0.45390625 0.03203125 0.05
4 0.565625 0.459375 0.01875 0.04609375
4 0.58359375 0.46875 0.0296875 0.05703125
4 0.61953125 0.47890625 0.071875 0.08203125
4 0.7109375 0.49296875 0.14453125 0.165625
4 0.50703125 0.44765625 0.0578125 0.0375
4 0.4828125 0.44140625 0.0171875 0.025
5 0.9359375 0.475 0.04453125 0.18046875
4 0.95 0.609375 0.09765625 0.2734375