4 0.4640625 0.42421875 0.02109375 0.040625
4 0.47578125 0.41640625 0.0078125 0.02109375
4 0.4890625 0.44140625 0.03984375 0.0609375
4 0.5109375 0.421875 0.01015625 0.0265625
4 0.4484375 0.4203125 0.01171875 0.028125
4 0.54453125 0.46875 0.0921875 0.13359375
6 0.640625 0.44375 0.09921875 0.11640625
4 0.7578125 0.49140625 0.17265625 0.19453125
4 0.290625 0.415625 0.02890625 0.028125
4 0.29765625 0.4390625 0.05703125 0.065625
4 0.075 0.44140625 0.11328125 0.09296875
4 0.3828125 0.47578125 0.1515625 0.228125
6 0.3203125 0.403125 0.03671875 0.07890625
5 0.15703125 0.40859375 0.01015625 0.040625