4 0.3953125 0.52890625 0.0078125 0.015625
4 0.471875 0.58359375 0.0421875 0.075
4 0.434375 0.54296875 0.0171875 0.0125
4 0.440625 0.5484375 0.02265625 0.00859375
6 0.46875 0.534375 0.0234375 0.0359375
6 0.50625 0.553125 0.05390625 0.09296875
5 0.2421875 0.5546875 0.0078125 0.02109375
5 0.2203125 0.553125 0.00859375 0.0265625
5 0.225 0.56875 0.01328125 0.0484375
5 0.234375 0.57265625 0.0109375 0.04296875
5 0.2 0.5484375 0.0046875 0.015625
5 0.203125 0.55625 0.0109375 0.03046875
5 0.2140625 0.55703125 0.00390625 0.0265625
5 0.2109375 0.56953125 0.00859375 0.0609375
5 0.19375 0.56953125 0.00859375 0.0609375
5 0.18125 0.5625 0.0046875 0.0265625
5 0.17734375 0.5734375 0.0078125 0.0484375
5 0.1671875 0.5734375 0.00859375 0.05546875
5 0.15625 0.559375 0.00703125 0.0375
5 0.153125 0.57109375 0.009375 0.04296875
5 0.14375 0.56328125 0.00390625 0.03046875
5 0.1296875 0.5734375 0.00703125 0.04140625
5 0.1203125 0.578125 0.009375 0.06796875
5 0.1109375 0.565625 0.00859375 0.034375
5 0.0703125 0.57421875 0.0125 0.0640625
5 0.2921875 0.5546875 0.0078125 0.02109375
5 0.309375 0.54609375 0.00703125 0.03046875
5 0.315625 0.54765625 0.0046875 0.02109375
5 0.31875 0.546875 0.00390625 0.021875
5 0.3234375 0.546875 0.0046875 0.0265625
5 0.33515625 0.5390625 0.00546875 0.0234375
4 0.2578125 0.54453125 0.0234375 0.028125
4 0.3296875 0.5453125 0.01171875 0.0265625
4 0.346875 0.5328125 0.01328125 0.01953125
4 0.3796875 0.52734375 0.0125 0.02109375
4 0.38359375 0.53125 0.0109375 0.015625
4 0.265625 0.571875 0.0359375 0.04453125
4 0.4078125 0.621875 0.1234375 0.23359375
4 0.540625 0.58203125 0.078125 0.06953125
5 0.6046875 0.58125 0.01171875 0.06796875
5 0.6203125 0.5734375 0.01171875 0.065625
5 0.659375 0.56171875 0.0125 0.03046875
4 0.79296875 0.73046875 0.4125 0.44140625
5 0.0078125 0.58046875 0.01328125 0.0859375