5 0.0140625 0.34296875 0.015625 0.04140625
4 0.5 0.36484375 0.00859375 0.0125
4 0.4875 0.3671875 0.0125 0.02109375
4 0.4796875 0.3703125 0.0109375 0.015625
4 0.4421875 0.36640625 0.00859375 0.01953125
4 0.4328125 0.371875 0.01328125 0.02890625
4 0.34375 0.37421875 0.03046875 0.0484375
4 0.5375 0.37109375 0.00546875 0.0140625
4 0.540625 0.375 0.009375 0.01953125
4 0.5515625 0.37734375 0.015625 0.0265625
4 0.5234375 0.3890625 0.03671875 0.05703125
4 0.46015625 0.3859375 0.040625 0.05859375
4 0.415625 0.38203125 0.04296875 0.05
4 0.37734375 0.378125 0.02734375 0.03359375
4 0.32890625 0.38203125 0.0203125 0.0609375
5 0.6953125 0.4328125 0.04296875 0.17890625
5 0.671875 0.38828125 0.01484375 0.05859375
6 0.26015625 0.384375 0.134375 0.13359375
4 0.06953125 0.39140625 0.1390625 0.125
4 0.51953125 0.35390625 0.009375 0.015625
4 0.52734375 0.35390625 0.009375 0.01953125