5 0.921875 0.49609375 0.015625 0.06796875
5 0.93359375 0.50234375 0.015625 0.07890625
5 0.978125 0.5 0.02265625 0.07109375
5 0.78203125 0.465625 0.01875 0.05390625
5 0.734375 0.48203125 0.0171875 0.078125
5 0.715625 0.478125 0.01171875 0.07109375
5 0.665625 0.5 0.04609375 0.103125
5 0.6109375 0.4890625 0.01484375 0.05390625
4 0.365625 0.5921875 0.5 0.64453125
6 0.084375 0.34921875 0.16796875 0.6984375
4 0.99375 0.503125 0.009375 0.04140625
5 0.9109375 0.503125 0.034375 0.07890625
4 0.88671875 0.5 0.01484375 0.046875