5 0.6578125 0.51015625 0.02109375 0.04453125
5 0.6453125 0.4984375 0.01953125 0.05859375
5 0.3984375 0.53359375 0.0265625 0.1234375
4 0.1203125 0.44375 0.01171875 0.0234375
4 0.17421875 0.459375 0.015625 0.028125
4 0.33046875 0.49140625 0.01953125 0.0265625
4 0.3578125 0.49609375 0.0234375 0.0265625
4 0.1328125 0.45078125 0.0234375 0.028125
4 0.15625 0.4515625 0.02109375 0.03046875
4 0.0796875 0.46796875 0.03671875 0.06796875
4 0.3109375 0.48515625 0.02734375 0.0515625
4 0.65625 0.67109375 0.3375 0.3
4 0.23125 0.5171875 0.14375 0.221875
6 0.03359375 0.421875 0.0671875 0.196875
4 0.859375 0.78125 0.28046875 0.34140625