4 0.2375 0.48125 0.0109375 0.0125
4 0.21875 0.49921875 0.0125 0.03046875
4 0.22890625 0.49921875 0.01171875 0.0234375
4 0.265625 0.4890625 0.00703125 0.02109375
4 0.2703125 0.50078125 0.01640625 0.046875
4 0.3921875 0.515625 0.03046875 0.05546875
4 0.4359375 0.515625 0.0140625 0.0390625
6 0.4640625 0.490625 0.05078125 0.0234375
4 0.4984375 0.509375 0.0140625 0.01640625
4 0.46640625 0.5296875 0.06015625 0.0734375
4 0.746875 0.56875 0.2625 0.25859375
4 0.52734375 0.54609375 0.0921875 0.09453125
4 0.32109375 0.5671875 0.1484375 0.2140625
5 0.525 0.490625 0.009375 0.01796875
5 0.5140625 0.48984375 0.0078125 0.01796875
4 0.93125 0.62421875 0.134375 0.28046875