6 0.21796875 0.57109375 0.16328125 0.22890625
4 0.4609375 0.5671875 0.00859375 0.0125
4 0.453125 0.56953125 0.009375 0.015625
4 0.44375 0.56875 0.01171875 0.01640625
4 0.4359375 0.57265625 0.0109375 0.01796875
4 0.409375 0.578125 0.01015625 0.01953125
4 0.403125 0.58046875 0.0140625 0.021875
4 0.3953125 0.58125 0.0125 0.02109375
4 0.38125 0.5828125 0.0171875 0.028125
4 0.42265625 0.5765625 0.02109375 0.025
4 0.31875 0.61015625 0.13203125 0.18046875
4 0.48125 0.5625 0.009375 0.0109375
4 0.4953125 0.55859375 0.0140625 0.01953125
4 0.5796875 0.55390625 0.05625 0.04453125
5 0.6125 0.559375 0.0125 0.04453125
5 0.91328125 0.52265625 0.03828125 0.184375