5 0.35 0.38984375 0.01015625 0.0375
4 0.421875 0.3953125 0.01171875 0.01953125
4 0.40703125 0.396875 0.01328125 0.01953125
4 0.39453125 0.4 0.01015625 0.01796875
4 0.3875 0.3984375 0.0109375 0.0125
4 0.38046875 0.396875 0.01015625 0.01640625
4 0.36875 0.4 0.01484375 0.01796875
4 0.31875 0.40078125 0.02734375 0.0234375
6 0.4203125 0.3796875 0.0140625 0.0140625
6 0.4515625 0.3875 0.021875 0.05
4 0.4671875 0.3921875 0.01171875 0.01796875
4 0.48671875 0.4015625 0.03515625 0.04296875
4 0.55625 0.43828125 0.128125 0.165625
4 0.7421875 0.4 0.053125 0.05703125
4 0.8515625 0.4171875 0.1671875 0.159375
4 0.2125 0.403125 0.1515625 0.103125
4 0.0453125 0.4390625 0.08984375 0.159375
4 0.29765625 0.40703125 0.01484375 0.02109375