5 0.7875 0.61328125 0.01640625 0.09140625
5 0.784375 0.6078125 0.01171875 0.078125
5 0.8109375 0.609375 0.01328125 0.08359375
5 0.8453125 0.590625 0.01015625 0.034375
5 0.83671875 0.596875 0.01015625 0.0390625
5 0.82734375 0.60390625 0.01015625 0.05859375
5 0.72265625 0.59140625 0.009375 0.0515625
5 0.728125 0.590625 0.009375 0.053125
5 0.7375 0.58828125 0.01015625 0.05
5 0.76328125 0.5921875 0.01171875 0.0515625
5 0.7765625 0.59453125 0.01015625 0.05703125
5 0.79921875 0.57734375 0.01015625 0.021875
5 0.7140625 0.5921875 0.01171875 0.046875
5 0.75 0.60625 0.01875 0.0859375
5 0.79765625 0.61171875 0.02421875 0.1
6 0.540625 0.525 0.03125 0.01953125
4 0.5953125 0.5578125 0.028125 0.0234375
4 0.5328125 0.5484375 0.0328125 0.0359375
4 0.5515625 0.55078125 0.06484375 0.0390625
4 0.5125 0.56015625 0.01640625 0.01796875
4 0.490625 0.565625 0.02890625 0.0390625
4 0.4609375 0.58046875 0.03671875 0.1125
4 0.40625 0.60234375 0.1078125 0.1734375
4 0.18359375 0.6921875 0.3671875 0.425
4 0.8984375 0.69453125 0.19921875 0.278125
4 0.6171875 0.7765625 0.44296875 0.44453125
5 0.35 0.55546875 0.0078125 0.0375