5 0.03125 0.4578125 0.04921875 0.225
5 0.5859375 0.45234375 0.171875 0.4140625
5 0.7265625 0.3859375 0.17421875 0.509375
5 0.9828125 0.259375 0.0328125 0.17890625
5 0.971875 0.2109375 0.028125 0.0640625
5 0.6921875 0.26328125 0.02109375 0.05546875
5 0.70234375 0.284375 0.01015625 0.08359375
5 0.7140625 0.2765625 0.01171875 0.08359375
4 0.175 0.403125 0.0515625 0.059375
4 0.3390625 0.378125 0.05625 0.08359375
4 0.284375 0.371875 0.0359375 0.05390625
4 0.2109375 0.39453125 0.03359375 0.0390625
4 0.2265625 0.3828125 0.028125 0.03359375
4 0.2453125 0.371875 0.0234375 0.0375
4 0.2578125 0.36796875 0.01171875 0.0375
4 0.38359375 0.36328125 0.0375 0.0515625
6 0.37109375 0.31953125 0.03125 0.034375
4 0.3015625 0.35703125 0.02109375 0.0265625
4 0.3171875 0.346875 0.0140625 0.02890625
5 0.63125 0.303125 0.009375 0.05859375
6 0.0171875 0.3734375 0.03125 0.2125
4 0.97734375 0.5203125 0.04375 0.215625