5 0.0875 0.7484375 0.03203125 0.10390625
5 0.24375 0.7765625 0.015625 0.096875
4 0.7375 0.884375 0.1765625 0.17890625
4 0.878125 0.846875 0.08125 0.13359375
4 0.809375 0.8484375 0.0625 0.08203125
4 0.95078125 0.853125 0.028125 0.0515625
4 0.9796875 0.85703125 0.03828125 0.05703125
6 0.784375 0.7796875 0.08359375 0.08359375
6 0.4453125 0.784375 0.03515625 0.06640625
4 0.3171875 0.7859375 0.03359375 0.040625
4 0.29453125 0.7796875 0.015625 0.04140625
6 0.3140625 0.74453125 0.03203125 0.04296875
4 0.4109375 0.7828125 0.0296875 0.053125
4 0.39375 0.7859375 0.0125 0.03203125
4 0.384375 0.78984375 0.01875 0.0234375