4 0.13359375 0.5015625 0.19921875 0.19453125
4 0.384375 0.409375 0.034375 0.05390625
4 0.28125 0.44140625 0.078125 0.1
6 0.653125 0.38515625 0.2421875 0.44609375
4 0.1109375 0.421875 0.10390625 0.096875
4 0.203125 0.45 0.07734375 0.1234375
4 0.1765625 0.38203125 0.034375 0.0125
4 0.04140625 0.37734375 0.07109375 0.05390625
4 0.025 0.4171875 0.04921875 0.05546875
5 0.0515625 0.4015625 0.01640625 0.0734375
5 0.08125 0.3921875 0.01640625 0.04453125
4 0.32265625 0.40390625 0.03984375 0.0640625
4 0.34375 0.403125 0.01171875 0.03359375
4 0.35078125 0.3984375 0.01171875 0.02890625
4 0.4046875 0.40078125 0.01484375 0.025
6 0.4515625 0.39296875 0.053125 0.096875
5 0.43515625 0.4578125 0.03984375 0.1390625
6 0.28359375 0.37421875 0.01796875 0.0265625
4 0.271875 0.38828125 0.01796875 0.01796875
4 0.2375 0.41171875 0.025 0.04453125
6 0.4984375 0.39765625 0.08125 0.19296875