4 0.0265625 0.3890625 0.053125 0.090625
4 0.8625 0.6484375 0.2734375 0.38359375
4 0.053125 0.3703125 0.01953125 0.03359375
4 0.0796875 0.39296875 0.0546875 0.0625
4 0.07734375 0.37109375 0.015625 0.015625
4 0.1375 0.390625 0.01953125 0.046875
4 0.178125 0.39453125 0.04140625 0.040625
4 0.39375 0.415625 0.01484375 0.03359375
4 0.45 0.4265625 0.03359375 0.040625
4 0.3625 0.415625 0.021875 0.03046875
4 0.415625 0.42578125 0.04140625 0.06640625
6 0.590625 0.44296875 0.0703125 0.08203125
5 0.6703125 0.459375 0.0140625 0.08046875
5 0.7265625 0.459375 0.00859375 0.0625
5 0.7140625 0.465625 0.01328125 0.075
5 0.940625 0.459375 0.0203125 0.025
5 0.89375 0.45703125 0.01640625 0.0484375
5 0.65546875 0.44140625 0.01796875 0.065625
5 0.6421875 0.434375 0.009375 0.03359375
5 0.5484375 0.43359375 0.0125 0.0484375
5 0.5375 0.428125 0.01328125 0.053125
5 0.52890625 0.4296875 0.01015625 0.04453125
5 0.5 0.4265625 0.0078125 0.03203125
5 0.4921875 0.425 0.0078125 0.03203125
5 0.48359375 0.42265625 0.01015625 0.03359375
5 0.47109375 0.415625 0.0078125 0.0359375
5 0.90703125 0.45703125 0.0265625 0.04453125