4 0.0453125 0.39921875 0.090625 0.0609375
4 0.4421875 0.42734375 0.059375 0.08359375
4 0.57734375 0.46015625 0.02890625 0.05859375
6 0.375 0.3921875 0.0234375 0.05
6 0.3484375 0.3953125 0.03046875 0.05859375
4 0.203125 0.371875 0.0171875 0.028125
4 0.25859375 0.38125 0.04296875 0.025
4 0.39375 0.4078125 0.02578125 0.04140625
4 0.5109375 0.47578125 0.12109375 0.15859375
4 0.6265625 0.47265625 0.0890625 0.09140625
6 0.8859375 0.53828125 0.22734375 0.2125
5 0.740625 0.465625 0.01484375 0.06640625
5 0.76328125 0.446875 0.0203125 0.0390625
5 0.784375 0.4671875 0.01328125 0.06640625
5 0.7984375 0.45625 0.01171875 0.0390625