5 0.7671875 0.56171875 0.028125 0.13203125
5 0.809375 0.57734375 0.03671875 0.10703125
5 0.6609375 0.565625 0.03984375 0.11796875
5 0.87109375 0.56953125 0.01640625 0.078125
5 0.96015625 0.58046875 0.0234375 0.10390625
5 0.13203125 0.559375 0.028125 0.14453125
5 0.17734375 0.565625 0.0234375 0.13046875
5 0.096875 0.57734375 0.034375 0.128125
5 0.003125 0.5265625 0.00625 0.090625
5 0.0109375 0.52734375 0.0125 0.071875
5 0.0171875 0.496875 0.0125 0.02890625
5 0.02421875 0.534375 0.0234375 0.10546875
5 0.0453125 0.5546875 0.03125 0.14609375
5 0.0671875 0.55625 0.025 0.1484375
5 0.059375 0.50703125 0.0125 0.046875
5 0.153125 0.5546875 0.01640625 0.1
5 0.09375 0.5015625 0.01953125 0.0265625
5 0.09296875 0.4890625 0.01640625 0.028125
5 0.1140625 0.51328125 0.01171875 0.0625
5 0.190625 0.5359375 0.015625 0.09140625
5 0.125 0.496875 0.01171875 0.0375
5 0.2125 0.5234375 0.02265625 0.05546875
5 0.2265625 0.52421875 0.01328125 0.04296875
5 0.24375 0.521875 0.01875 0.04140625
5 0.253125 0.51640625 0.01171875 0.028125
5 0.925 0.5625 0.02109375 0.075
5 0.9078125 0.5625 0.01875 0.078125
5 0.9796875 0.5734375 0.0109375 0.0859375
5 0.9859375 0.5796875 0.0125 0.09140625
5 0.99375 0.57578125 0.0109375 0.096875
4 0.3328125 0.58203125 0.28046875 0.14609375
4 0.01875 0.61171875 0.03671875 0.071875
4 0.4234375 0.53203125 0.07421875 0.07890625
4 0.47265625 0.55 0.04453125 0.078125
4 0.49765625 0.55234375 0.00859375 0.04296875
4 0.621875 0.5515625 0.03125 0.06953125
4 0.678125 0.56171875 0.01953125 0.04453125
6 0.7453125 0.52734375 0.11328125 0.159375
4 0.515625 0.546875 0.0109375 0.0609375
4 0.646875 0.5546875 0.01171875 0.04453125