4 0.5125 0.44375 0.0171875 0.03359375
4 0.5015625 0.4453125 0.01875 0.0515625
4 0.48984375 0.45 0.021875 0.07109375
4 0.56875 0.4484375 0.021875 0.0390625
4 0.54375 0.45 0.03984375 0.05546875
6 0.6109375 0.44296875 0.06015625 0.09140625
5 0.2703125 0.453125 0.01328125 0.10703125
5 0.25703125 0.45390625 0.0203125 0.109375
5 0.24375 0.4578125 0.015625 0.1015625
5 0.2296875 0.43046875 0.0203125 0.05390625
5 0.2109375 0.4578125 0.034375 0.10703125
5 0.0546875 0.43828125 0.0203125 0.09453125
5 0.0671875 0.46640625 0.021875 0.140625
5 0.0875 0.4625 0.03125 0.1375
5 0.1203125 0.46328125 0.03125 0.128125
5 0.1546875 0.4703125 0.02578125 0.10390625
5 0.21953125 0.465625 0.0203125 0.10703125
5 0.02109375 0.46796875 0.0421875 0.16796875
5 0.6484375 0.43515625 0.01015625 0.04609375
5 0.6578125 0.43046875 0.015625 0.0515625
5 0.65234375 0.45078125 0.0171875 0.05546875
5 0.665625 0.45234375 0.01875 0.0890625
5 0.6796875 0.42421875 0.0140625 0.04296875
5 0.6921875 0.440625 0.0171875 0.04609375
5 0.709375 0.4140625 0.01328125 0.0234375
5 0.7296875 0.42265625 0.01171875 0.03046875
5 0.7453125 0.41875 0.0203125 0.0234375
5 0.7828125 0.41796875 0.0171875 0.03046875
5 0.80625 0.41875 0.02578125 0.0390625
5 0.8390625 0.42578125 0.0171875 0.0359375
5 0.8546875 0.42421875 0.02578125 0.04296875
5 0.934375 0.4703125 0.0546875 0.134375
5 0.9609375 0.4625 0.0375 0.115625
6 0.9390625 0.45859375 0.1203125 0.178125
4 0.77890625 0.584375 0.321875 0.340625
5 0.0328125 0.41796875 0.02421875 0.1125
5 0.009375 0.421875 0.01796875 0.109375