5 0.3 0.36953125 0.02734375 0.12109375
5 0.3265625 0.3796875 0.02421875 0.09296875
5 0.38203125 0.378125 0.01171875 0.05390625
5 0.36875 0.37109375 0.0125 0.05546875
5 0.3953125 0.378125 0.009375 0.04453125
5 0.4078125 0.38046875 0.0078125 0.046875
5 0.43828125 0.38515625 0.00703125 0.04296875
4 0.5015625 0.428125 0.125 0.20859375
4 0.6109375 0.43828125 0.0890625 0.11796875
6 0.596875 0.3671875 0.06171875 0.06953125
5 0.69453125 0.42734375 0.0125 0.04296875
5 0.6859375 0.4171875 0.00703125 0.04140625
5 0.7171875 0.4328125 0.009375 0.04296875