4 0.03828125 0.328125 0.07421875 0.10390625
4 0.18203125 0.51875 0.36328125 0.56953125
4 0.315625 0.44609375 0.09453125 0.1515625
4 0.425 0.434375 0.14140625 0.17890625
4 0.496875 0.43125 0.03671875 0.071875
4 0.55546875 0.4625 0.09921875 0.159375
6 0.628125 0.4265625 0.0671875 0.10859375
4 0.6203125 0.4484375 0.0265625 0.059375
4 0.646875 0.45703125 0.0671875 0.0890625
4 0.7171875 0.465625 0.12890625 0.19140625
6 0.746875 0.409375 0.146875 0.2359375
5 0.9484375 0.45859375 0.01796875 0.05703125
5 0.965625 0.4625 0.015625 0.08359375
5 0.984375 0.475 0.01796875 0.07890625
5 0.9828125 0.46796875 0.01796875 0.0765625