4 0.44375 0.42109375 0.01796875 0.0375
4 0.525 0.4265625 0.01640625 0.03203125
4 0.30234375 0.43984375 0.07421875 0.090625
4 0.215625 0.4421875 0.11484375 0.1375
6 0.4984375 0.378125 0.0390625 0.05546875
5 0.9875 0.49296875 0.01640625 0.11953125
5 0.97421875 0.4890625 0.01484375 0.13203125
5 0.94609375 0.47421875 0.01796875 0.0984375
5 0.95625 0.42265625 0.0046875 0.02109375
5 0.96015625 0.47890625 0.01953125 0.1265625
5 0.93203125 0.48828125 0.01953125 0.11953125
4 0.4234375 0.4203125 0.025 0.04140625
4 0.628125 0.43984375 0.0359375 0.04453125
5 0.37734375 0.41171875 0.0078125 0.0375
5 0.38359375 0.41015625 0.0078125 0.034375
5 0.4 0.4203125 0.00859375 0.03203125
5 0.6515625 0.440625 0.01328125 0.0375
4 0.559375 0.43359375 0.01640625 0.0265625
4 0.54375 0.43359375 0.02109375 0.0375
4 0.496875 0.434375 0.0578125 0.09296875
4 0.75078125 0.48046875 0.1515625 0.178125
4 0.3375 0.421875 0.07421875 0.0875
4 0.8734375 0.48984375 0.10390625 0.121875
4 0.0890625 0.43359375 0.178125 0.2890625
5 0.46015625 0.4203125 0.00859375 0.0265625