5 0.3265625 0.43671875 0.02421875 0.090625
5 0.840625 0.38984375 0.00703125 0.02109375
5 0.86875 0.415625 0.01328125 0.05390625
5 0.87734375 0.40625 0.01171875 0.05703125
5 0.88671875 0.4203125 0.02265625 0.09609375
5 0.91875 0.44296875 0.03125 0.1234375
5 0.975 0.43828125 0.01953125 0.134375
5 0.990625 0.440625 0.01640625 0.125
5 0.4078125 0.45078125 0.0390625 0.190625
5 0.37890625 0.43125 0.01171875 0.059375
4 0.31328125 0.41953125 0.03203125 0.05546875
4 0.340625 0.4265625 0.04609375 0.0390625
4 0.53125 0.43984375 0.01484375 0.05703125
4 0.6203125 0.459375 0.11171875 0.18046875
6 0.4859375 0.3921875 0.0484375 0.0890625
6 0.59765625 0.36640625 0.12109375 0.275
4 0.4703125 0.4609375 0.09375 0.13203125
4 0.203125 0.48515625 0.225 0.2640625
4 0.771875 0.559375 0.34140625 0.371875