4 0.30390625 0.5109375 0.00625 0.0109375
4 0.296875 0.52578125 0.0078125 0.0265625
4 0.28828125 0.528125 0.0078125 0.0265625
4 0.2796875 0.528125 0.00859375 0.03046875
4 0.271875 0.528125 0.009375 0.03046875
4 0.2625 0.528125 0.00859375 0.03203125
4 0.390625 0.5234375 0.00625 0.0234375
4 0.36484375 0.51640625 0.00859375 0.01953125
4 0.378125 0.5296875 0.0265625 0.0390625
4 0.44296875 0.51953125 0.0078125 0.025
4 0.4375 0.51328125 0.00703125 0.0140625
4 0.45 0.521875 0.01484375 0.03203125
4 0.45234375 0.53125 0.01484375 0.0390625
4 0.46640625 0.534375 0.0296875 0.046875
4 0.4921875 0.5328125 0.01640625 0.021875
4 0.0625 0.51875 0.05 0.1234375
6 0.01953125 0.396875 0.0390625 0.38046875
4 0.234375 0.51875 0.04453125 0.05703125
4 0.3328125 0.534375 0.0671875 0.096875
4 0.4125 0.53359375 0.04375 0.0640625
6 0.4390625 0.496875 0.01171875 0.01796875
6 0.4203125 0.49453125 0.02421875 0.01640625
5 0.0890625 0.51796875 0.00546875 0.0484375
5 0.115625 0.5140625 0.00546875 0.04296875
5 0.1265625 0.51328125 0.003125 0.034375
5 0.1203125 0.5078125 0.0046875 0.01796875
5 0.134375 0.521875 0.01015625 0.05546875
5 0.16953125 0.51875 0.0046875 0.0390625
5 0.1828125 0.52109375 0.0109375 0.040625
5 0.1578125 0.5171875 0.00390625 0.0359375
5 0.1515625 0.51875 0.009375 0.05
5 0.5390625 0.53125 0.00625 0.03046875
5 0.5640625 0.5265625 0.01015625 0.0265625
5 0.575 0.525 0.009375 0.028125
5 0.59375 0.52265625 0.009375 0.02890625
5 0.60625 0.52265625 0.01484375 0.040625
5 0.4796875 0.540625 0.00703125 0.0390625
5 0.48515625 0.54609375 0.00546875 0.0359375
5 0.5328125 0.53359375 0.00703125 0.0390625
5 0.52109375 0.52890625 0.00546875 0.034375
5 0.509375 0.53125 0.0078125 0.028125