4 0.4921875 0.50078125 0.0171875 0.028125
4 0.4796875 0.503125 0.021875 0.04609375
4 0.446875 0.509375 0.0671875 0.115625
6 0.38984375 0.5390625 0.1015625 0.15546875
4 0.5421875 0.503125 0.0109375 0.03046875
4 0.55390625 0.50703125 0.01484375 0.0515625
4 0.5828125 0.51171875 0.04375 0.08203125
4 0.59375 0.52890625 0.04609375 0.06796875
4 0.62890625 0.5421875 0.06484375 0.096875
4 0.68984375 0.578125 0.125 0.15859375
5 0.9640625 0.50625 0.03203125 0.12109375
5 0.9140625 0.490625 0.02734375 0.0515625
5 0.8671875 0.48671875 0.015625 0.04296875
5 0.85 0.48046875 0.015625 0.04453125
5 0.8296875 0.48203125 0.01171875 0.03359375
5 0.8171875 0.4859375 0.015625 0.03046875
5 0.803125 0.48125 0.01796875 0.0390625
5 0.7921875 0.48671875 0.009375 0.028125
5 0.7734375 0.4859375 0.0171875 0.0375
5 0.7578125 0.490625 0.01328125 0.0265625
5 0.7328125 0.48359375 0.0171875 0.025
5 0.721875 0.48203125 0.01328125 0.03046875
5 0.7 0.48203125 0.01171875 0.01953125
5 0.690625 0.4859375 0.01171875 0.01953125
5 0.675 0.48359375 0.01328125 0.028125
5 0.6640625 0.48359375 0.01015625 0.02109375
5 0.6453125 0.478125 0.009375 0.01640625
4 0.8375 0.64375 0.296875 0.27890625
4 0.95859375 0.76328125 0.0828125 0.3359375
6 0.18515625 0.53203125 0.3703125 0.93203125
4 0.51875 0.50078125 0.0328125 0.05703125