4 0.109375 0.44453125 0.21875 0.190625
4 0.3078125 0.4265625 0.121875 0.071875
4 0.46796875 0.43125 0.06015625 0.0875
4 0.515625 0.428125 0.0359375 0.05546875
4 0.496875 0.40234375 0.01875 0.03359375
4 0.51875 0.39453125 0.01875 0.01953125
4 0.4703125 0.378125 0.025 0.015625
4 0.4890625 0.375 0.01640625 0.01640625
4 0.50859375 0.37734375 0.01640625 0.01640625
4 0.6453125 0.4140625 0.03203125 0.0359375
4 0.6734375 0.45234375 0.08984375 0.09140625
6 0.5609375 0.39765625 0.0265625 0.05390625
5 0.86640625 0.42890625 0.0140625 0.075
4 0.6734375 0.4015625 0.0265625 0.0109375
4 0.65390625 0.39609375 0.02265625 0.01640625
5 0.60625 0.4125 0.009375 0.02890625
4 0.5890625 0.4140625 0.0296875 0.03203125
4 0.61875 0.415625 0.015625 0.028125
4 0.7640625 0.4015625 0.03203125 0.028125
4 0.521875 0.37890625 0.00703125 0.01953125