5 0.33046875 0.921875 0.02734375 0.12890625
5 0.28203125 0.93359375 0.01875 0.11796875
5 0.3328125 0.91953125 0.025 0.13359375
4 0.39921875 0.884375 0.01640625 0.025
4 0.37734375 0.88828125 0.01875 0.0234375
4 0.4203125 0.88359375 0.0171875 0.025
4 0.3640625 0.88359375 0.0140625 0.015625
4 0.35 0.890625 0.0171875 0.025
4 0.2984375 0.8984375 0.01875 0.03359375
4 0.2515625 0.91953125 0.025 0.04140625
6 0.4 0.8640625 0.01796875 0.03203125
5 0.4546875 0.88125 0.00703125 0.034375
5 0.4390625 0.87421875 0.00625 0.0359375