4 0.2890625 0.528125 0.01484375 0.01796875
4 0.303125 0.5265625 0.01015625 0.02109375
4 0.2796875 0.528125 0.015625 0.0234375
4 0.2546875 0.5328125 0.02109375 0.03359375
4 0.53125 0.52421875 0.0234375 0.03046875
4 0.8609375 0.5265625 0.0578125 0.0640625
4 0.74765625 0.51953125 0.04453125 0.05390625
4 0.921875 0.5265625 0.08671875 0.06796875
4 0.6828125 0.51953125 0.040625 0.034375
6 0.1984375 0.534375 0.0265625 0.046875
4 0.1609375 0.53984375 0.05234375 0.046875
4 0.44296875 0.51875 0.01328125 0.0234375
4 0.40703125 0.52109375 0.01953125 0.028125
5 0.365625 0.52265625 0.01171875 0.0375
4 0.328125 0.54765625 0.0609375 0.078125
4 0.5609375 0.52265625 0.04453125 0.065625
4 0.6296875 0.54453125 0.07265625 0.084375
4 0.4859375 0.565625 0.09921875 0.140625
4 0.97578125 0.52890625 0.04765625 0.078125
4 0.0796875 0.6296875 0.159375 0.221875