5 0.7890625 0.4609375 0.0140625 0.09453125
5 0.8234375 0.43515625 0.01953125 0.08046875
5 0.875 0.45 0.06015625 0.14609375
5 0.9 0.4328125 0.02421875 0.0984375
4 0.459375 0.4609375 0.0171875 0.02890625
4 0.475 0.4640625 0.0234375 0.04296875
4 0.5484375 0.453125 0.0234375 0.02109375
4 0.55 0.478125 0.0234375 0.05546875
4 0.5640625 0.48046875 0.0265625 0.0890625
4 0.6015625 0.48046875 0.07109375 0.109375
4 0.60703125 0.5 0.0546875 0.1109375
4 0.5109375 0.4765625 0.0640625 0.0625
4 0.6796875 0.51640625 0.15859375 0.175
6 0.4046875 0.43359375 0.090625 0.15390625
4 0.1828125 0.48046875 0.14765625 0.15859375
4 0.3125 0.49921875 0.115625 0.13359375
4 0.08515625 0.50234375 0.1703125 0.23046875
4 0.9265625 0.61484375 0.14453125 0.5390625