5 0.0609375 0.4375 0.0109375 0.0765625
4 0.43046875 0.4640625 0.0125 0.03203125
4 0.41796875 0.465625 0.01796875 0.0375
4 0.38515625 0.428125 0.0390625 0.01953125
4 0.29140625 0.4609375 0.0671875 0.10703125
6 0.2078125 0.46875 0.1171875 0.109375
4 0.02734375 0.51328125 0.0546875 0.12890625
4 0.3640625 0.490625 0.109375 0.14140625
4 0.46875 0.45625 0.0125 0.0375
4 0.45 0.465625 0.0296875 0.053125
4 0.490625 0.465625 0.040625 0.06640625
4 0.56875 0.446875 0.11875 0.25859375
5 0.6671875 0.4734375 0.00859375 0.028125
4 0.7703125 0.503125 0.203125 0.2234375
6 0.85390625 0.4359375 0.20703125 0.2390625
4 0.990625 0.553125 0.0140625 0.125