5 0.85 0.43046875 0.03046875 0.14609375
4 0.153125 0.434375 0.08671875 0.07890625
4 0.38125 0.40546875 0.0140625 0.025
4 0.2140625 0.4203125 0.06328125 0.08359375
4 0.2625 0.4234375 0.03515625 0.0515625
4 0.28671875 0.415625 0.02421875 0.05390625
4 0.30390625 0.4140625 0.01875 0.0375
5 0.32421875 0.403125 0.0125 0.05390625
4 0.3234375 0.4140625 0.02109375 0.0375
4 0.334375 0.409375 0.009375 0.025
4 0.35078125 0.403125 0.0234375 0.03046875
6 0.4703125 0.39453125 0.0328125 0.059375
4 0.4453125 0.39921875 0.0125 0.04140625
4 0.40625 0.40078125 0.0140625 0.0265625
4 0.390625 0.39921875 0.0125 0.02890625
6 0.66953125 0.37421875 0.09453125 0.13359375
6 0.8015625 0.3671875 0.07734375 0.0640625
4 0.7515625 0.40703125 0.1390625 0.071875
4 0.853125 0.421875 0.09453125 0.096875
4 0.86875 0.359375 0.05859375 0.02890625