4 0.4796875 0.40390625 0.009375 0.0234375
4 0.46328125 0.4140625 0.0171875 0.0375
4 0.4515625 0.41484375 0.01171875 0.03046875
4 0.4328125 0.41796875 0.0359375 0.05546875
4 0.41640625 0.428125 0.02109375 0.0609375
4 0.534375 0.40078125 0.009375 0.02109375
4 0.5515625 0.4125 0.01953125 0.034375
4 0.55234375 0.421875 0.01015625 0.03046875
4 0.5625 0.421875 0.01484375 0.040625
4 0.5875 0.415625 0.0484375 0.084375
4 0.6 0.4328125 0.0359375 0.0984375
4 0.634375 0.44140625 0.08203125 0.1125
4 0.721875 0.465625 0.15546875 0.22109375
4 0.48515625 0.403125 0.01328125 0.02109375
4 0.50078125 0.40234375 0.015625 0.0234375
4 0.521875 0.40703125 0.02109375 0.03359375
6 0.3859375 0.4234375 0.0609375 0.0859375
5 0.3234375 0.4921875 0.10703125 0.3890625
5 0.153125 0.51484375 0.1 0.3859375
5 0.98125 0.35078125 0.0359375 0.06796875
4 0.86640625 0.51953125 0.26640625 0.32109375