5 0.2875 0.4390625 0.0171875 0.0484375
5 0.26953125 0.453125 0.02109375 0.09609375
5 0.18046875 0.4375 0.0171875 0.0625
5 0.140625 0.50859375 0.05625 0.29453125
5 0.1453125 0.5015625 0.096875 0.27109375
5 0.09609375 0.515625 0.09453125 0.321875
5 0.853125 0.50078125 0.028125 0.0984375
5 0.8328125 0.49296875 0.01953125 0.0765625
5 0.8125 0.50859375 0.02734375 0.090625
5 0.6546875 0.46171875 0.0109375 0.028125
4 0.521875 0.4625 0.009375 0.0265625
4 0.53046875 0.4671875 0.00859375 0.02890625
4 0.54140625 0.4671875 0.0265625 0.0359375
4 0.58203125 0.471875 0.034375 0.0625
6 0.63359375 0.453125 0.08359375 0.1234375
4 0.7046875 0.50234375 0.16015625 0.109375
4 0.403125 0.4375 0.01640625 0.0375
4 0.3890625 0.446875 0.02265625 0.040625
4 0.3671875 0.4484375 0.028125 0.040625
4 0.340625 0.45234375 0.0265625 0.0609375
4 0.3109375 0.4546875 0.05390625 0.06953125
6 0.446875 0.42734375 0.08125 0.159375
4 0.0640625 0.46875 0.128125 0.134375