4 0.00859375 0.42109375 0.0171875 0.065625
4 0.02890625 0.4171875 0.03671875 0.05859375
4 0.0640625 0.4171875 0.04609375 0.053125
6 0.0859375 0.38359375 0.06171875 0.096875
4 0.128125 0.3953125 0.034375 0.04296875
4 0.1828125 0.4015625 0.03828125 0.04140625
4 0.2109375 0.4015625 0.02578125 0.03203125
4 0.259375 0.39453125 0.01796875 0.03203125
4 0.30078125 0.3953125 0.02578125 0.0234375
4 0.27890625 0.38828125 0.0203125 0.01953125
4 0.28125 0.4109375 0.02890625 0.04140625
4 0.33203125 0.4015625 0.01796875 0.021875
4 0.346875 0.39765625 0.01796875 0.0234375
4 0.3625 0.409375 0.021875 0.02890625
4 0.38046875 0.415625 0.01875 0.0359375
4 0.409375 0.43046875 0.0546875 0.084375
4 0.43671875 0.4515625 0.06015625 0.0875
4 0.459375 0.46484375 0.0734375 0.1
4 0.315625 0.4234375 0.03984375 0.0609375
4 0.25234375 0.446875 0.0546875 0.078125
4 0.3515625 0.46484375 0.075 0.10390625
4 0.5109375 0.48671875 0.10546875 0.1234375
5 0.0125 0.421875 0.01484375 0.06796875
5 0.2484375 0.45 0.03671875 0.1234375
5 0.5859375 0.453125 0.0125 0.1
5 0.61953125 0.45 0.0328125 0.1390625
5 0.64375 0.453125 0.02890625 0.12109375
5 0.6625 0.43828125 0.0234375 0.1140625
5 0.67890625 0.45859375 0.0234375 0.0875
5 0.76015625 0.47578125 0.05703125 0.17890625
5 0.76015625 0.496875 0.03515625 0.20703125
5 0.7953125 0.48046875 0.05859375 0.20390625
5 0.8265625 0.471875 0.0453125 0.178125
5 0.8 0.478125 0.021875 0.140625