4 0.35703125 0.48359375 0.0546875 0.05859375
4 0.0296875 0.47890625 0.0484375 0.040625
4 0.309375 0.475 0.028125 0.02109375
4 0.54375 0.48125 0.01640625 0.01640625
4 0.5703125 0.48203125 0.009375 0.0125
4 0.5765625 0.48203125 0.0078125 0.021875
4 0.584375 0.48515625 0.009375 0.0265625
4 0.5921875 0.48359375 0.01171875 0.02890625
4 0.6 0.4859375 0.015625 0.034375
4 0.61953125 0.48984375 0.03203125 0.05546875
6 0.4734375 0.475 0.01796875 0.03046875
5 0.525 0.48203125 0.00390625 0.01640625
5 0.53046875 0.4828125 0.00390625 0.015625
5 0.671875 0.48984375 0.00859375 0.0265625
5 0.6921875 0.490625 0.00859375 0.02890625
5 0.6578125 0.48515625 0.00546875 0.03046875