4 0.196875 0.5953125 0.18984375 0.25390625
4 0.4203125 0.5515625 0.03828125 0.06640625
4 0.3703125 0.5546875 0.03203125 0.0484375
4 0.3015625 0.5609375 0.02578125 0.05
4 0.34765625 0.55859375 0.0140625 0.0359375
6 0.3265625 0.5390625 0.02734375 0.05859375
6 0.3703125 0.521875 0.025 0.01640625
5 0.82109375 0.525 0.021875 0.1359375
5 0.7953125 0.5359375 0.0265625 0.11953125
5 0.5609375 0.53125 0.009375 0.0484375
5 0.584375 0.53359375 0.0140625 0.05
5 0.5984375 0.53515625 0.0125 0.0484375
5 0.6328125 0.53671875 0.01640625 0.05703125