6 0.4546875 0.5609375 0.02265625 0.03203125
4 0.515625 0.571875 0.0078125 0.03203125
4 0.484375 0.56953125 0.01328125 0.015625
4 0.496875 0.5703125 0.01015625 0.0234375
4 0.50859375 0.571875 0.01328125 0.0265625
4 0.46171875 0.578125 0.02109375 0.01796875
4 0.42421875 0.578125 0.0265625 0.040625
4 0.528125 0.57265625 0.025 0.040625
4 0.5640625 0.57578125 0.05390625 0.0765625
4 0.340625 0.6125 0.0921875 0.1140625
4 0.1453125 0.6078125 0.11171875 0.0765625
5 0.78828125 0.57734375 0.02265625 0.09609375