4 0.3171875 0.3546875 0.0265625 0.04296875
4 0.309375 0.36640625 0.02421875 0.053125
4 0.271875 0.36328125 0.06328125 0.1234375
4 0.0984375 0.3875 0.04296875 0.053125
4 0.19453125 0.3609375 0.02734375 0.05546875
4 0.4078125 0.34921875 0.02734375 0.04453125
4 0.3640625 0.3765625 0.09140625 0.15390625
6 0.04765625 0.3078125 0.0953125 0.2640625
5 0.55 0.35078125 0.0109375 0.059375
4 0.5203125 0.3453125 0.025 0.0359375
4 0.9734375 0.48828125 0.05234375 0.23203125
4 0.89375 0.421875 0.21015625 0.27109375
4 0.665625 0.446875 0.278125 0.328125