4 0.26875 0.37578125 0.0546875 0.04296875
4 0.20625 0.38671875 0.0609375 0.0625
4 0.32890625 0.359375 0.02734375 0.04453125
4 0.3484375 0.3671875 0.02109375 0.05390625
4 0.4265625 0.40859375 0.17265625 0.2625
4 0.06796875 0.41953125 0.1359375 0.40546875
6 0.109375 0.32421875 0.13828125 0.23203125
4 0.803125 0.459375 0.31640625 0.26796875
5 0.96875 0.340625 0.0265625 0.159375
5 0.9859375 0.346875 0.02421875 0.1625
5 0.91171875 0.34140625 0.03359375 0.13046875
5 0.878125 0.31484375 0.028125 0.084375
5 0.859375 0.3234375 0.01875 0.05859375
5 0.834375 0.3171875 0.021875 0.04453125
5 0.6609375 0.35859375 0.02109375 0.10546875
5 0.53515625 0.36640625 0.0140625 0.07109375
5 0.56484375 0.36796875 0.0140625 0.07109375