4 0.10703125 0.58125 0.2125 0.3375
4 0.965625 0.6046875 0.0671875 0.2375
4 0.5296875 0.63125 0.20859375 0.30703125
4 0.234375 0.55234375 0.13828125 0.15703125
4 0.309375 0.51875 0.10390625 0.12109375
4 0.6203125 0.52109375 0.103125 0.19453125
4 0.53359375 0.46796875 0.05546875 0.0375
4 0.7125 0.5015625 0.05390625 0.090625
4 0.6765625 0.50625 0.01953125 0.05859375
4 0.69375 0.48828125 0.02578125 0.03046875
4 0.76640625 0.53671875 0.1078125 0.11796875
6 0.396875 0.4546875 0.096875 0.16953125
4 0.45625 0.471875 0.0265625 0.09609375
4 0.490625 0.4671875 0.0265625 0.0359375
5 0.9234375 0.5265625 0.02109375 0.06953125
5 0.903125 0.52421875 0.01796875 0.07109375
5 0.8328125 0.5140625 0.01640625 0.05