5 0.24921875 0.35390625 0.015625 0.075
5 0.315625 0.359375 0.0140625 0.0359375
5 0.30859375 0.36328125 0.0140625 0.04453125
5 0.228125 0.365625 0.021875 0.10703125
5 0.203125 0.3671875 0.021875 0.10859375
5 0.08125 0.359375 0.046875 0.146875
5 0.84375 0.4609375 0.06484375 0.2234375
5 0.5515625 0.378125 0.00859375 0.04453125
5 0.54375 0.38125 0.00703125 0.02890625
5 0.5296875 0.38125 0.009375 0.0390625
5 0.52109375 0.37890625 0.00859375 0.03359375
4 0.428125 0.3796875 0.01328125 0.0234375
4 0.41796875 0.37734375 0.0109375 0.02109375
4 0.440625 0.3734375 0.01328125 0.028125
4 0.45625 0.3671875 0.02421875 0.053125
4 0.4640625 0.378125 0.01875 0.03203125
4 0.47421875 0.3796875 0.01328125 0.028125
4 0.4828125 0.37890625 0.015625 0.04296875
4 0.40625 0.37890625 0.0140625 0.02890625
4 0.3921875 0.37265625 0.021875 0.0515625
4 0.3828125 0.3734375 0.01875 0.0484375
4 0.36875 0.38828125 0.03359375 0.075
4 0.50234375 0.3796875 0.03125 0.04453125
6 0.3953125 0.353125 0.02421875 0.0390625
6 0.41015625 0.359375 0.009375 0.015625
6 0.60390625 0.39765625 0.0984375 0.1359375
4 0.9421875 0.584375 0.1125 0.2484375
5 0.97734375 0.51953125 0.0421875 0.5015625