5 0.10859375 0.521875 0.01484375 0.05546875
5 0.04296875 0.53125 0.01875 0.07890625
4 0.4734375 0.5171875 0.01015625 0.0140625
4 0.4984375 0.52578125 0.01328125 0.01953125
4 0.509375 0.5265625 0.0234375 0.0265625
4 0.546875 0.540625 0.021875 0.0375
4 0.55546875 0.54453125 0.021875 0.0375
5 0.609375 0.51640625 0.00703125 0.01796875
5 0.5984375 0.51640625 0.0078125 0.0125
4 0.5765625 0.540625 0.03984375 0.0609375
4 0.59296875 0.553125 0.05078125 0.0609375
4 0.6375 0.5625 0.06640625 0.10390625
6 0.28515625 0.5 0.06875 0.084375
4 0.465625 0.5171875 0.00625 0.0125
4 0.30859375 0.5359375 0.0484375 0.06640625
4 0.16171875 0.5359375 0.0484375 0.1
4 0.4296875 0.515625 0.00625 0.0140625
4 0.409375 0.5203125 0.009375 0.01796875
4 0.396875 0.51796875 0.01640625 0.021875
4 0.228125 0.53828125 0.1140625 0.1390625
4 0.484375 0.52421875 0.01484375 0.0234375
4 0.4453125 0.53359375 0.0390625 0.05703125
4 0.3609375 0.53515625 0.078125 0.11640625
4 0.515625 0.5296875 0.02578125 0.02890625
4 0.41875 0.521875 0.01796875 0.028125
4 0.703125 0.57578125 0.13125 0.15390625
4 0.9015625 0.653125 0.19453125 0.25390625