4 0.47734375 0.56875 0.02265625 0.0484375
4 0.4578125 0.57578125 0.03828125 0.0484375
4 0.4296875 0.58828125 0.04453125 0.06796875
4 0.2859375 0.60625 0.0515625 0.1109375
4 0.25625 0.5921875 0.05546875 0.08359375
4 0.2125 0.60546875 0.08671875 0.1125
6 0.5484375 0.553125 0.04453125 0.0859375
4 0.51875 0.58671875 0.0703125 0.10546875
4 0.35546875 0.60078125 0.12734375 0.1984375
4 0.1359375 0.7078125 0.27109375 0.58046875
5 0.678125 0.5703125 0.01171875 0.05859375
5 0.6703125 0.5765625 0.01640625 0.078125
5 0.68984375 0.5734375 0.01875 0.071875
5 0.71015625 0.57734375 0.0203125 0.0859375