4 0.6796875 0.66171875 0.03984375 0.059375
4 0.6171875 0.65703125 0.0171875 0.05859375
4 0.8640625 0.671875 0.0234375 0.03046875
4 0.8875 0.6734375 0.028125 0.03359375
4 0.9140625 0.68359375 0.03671875 0.0375
4 0.8265625 0.6625 0.0125 0.01796875
4 0.78828125 0.659375 0.0265625 0.01640625
4 0.81171875 0.659375 0.0203125 0.021875
4 0.8421875 0.671875 0.021875 0.03203125
4 0.6484375 0.67578125 0.0640625 0.06953125
4 0.5703125 0.6578125 0.07890625 0.090625
6 0.2546875 0.690625 0.37109375 0.50859375
4 0.96015625 0.70390625 0.07734375 0.125
5 0.4625 0.61640625 0.00859375 0.0265625
5 0.45 0.63828125 0.01484375 0.0765625
5 0.0359375 0.615625 0.0234375 0.0875
4 0.0890625 0.640625 0.034375 0.109375
5 0.0109375 0.61484375 0.01875 0.0984375