4 0.309375 0.653125 0.02734375 0.04453125
4 0.20234375 0.6359375 0.03046875 0.0375
4 0.0140625 0.621875 0.02734375 0.046875
5 0.103125 0.65 0.03671875 0.159375
5 0.1203125 0.66328125 0.04453125 0.184375
6 0.521875 0.5515625 0.34140625 0.759375
4 0.73515625 0.7109375 0.01484375 0.02109375
5 0.7203125 0.70078125 0.01015625 0.0609375
4 0.77109375 0.7078125 0.01875 0.0375
6 0.79609375 0.703125 0.0421875 0.065625
4 0.83046875 0.7265625 0.0234375 0.03359375
4 0.871875 0.734375 0.07890625 0.08203125
6 0.98046875 0.7171875 0.03828125 0.15390625
5 0.95 0.740625 0.00859375 0.04609375