4 0.01875 0.29296875 0.03671875 0.0515625
4 0.13203125 0.421875 0.26328125 0.3109375
4 0.328125 0.27265625 0.01484375 0.028125
4 0.8296875 0.25546875 0.03203125 0.065625
6 0.421875 0.259375 0.034375 0.06796875
4 0.3984375 0.25625 0.00859375 0.01796875
4 0.3921875 0.2640625 0.00859375 0.015625
4 0.3484375 0.27265625 0.03125 0.040625
4 0.45859375 0.29453125 0.053125 0.07890625
4 0.38125 0.26484375 0.01640625 0.0265625
5 0.23515625 0.2765625 0.0125 0.0640625
5 0.80546875 0.3015625 0.03828125 0.1390625
5 0.7546875 0.3 0.025 0.1359375
5 0.965625 0.29375 0.0453125 0.15703125
5 0.6046875 0.29140625 0.021875 0.10546875
5 0.5875 0.265625 0.0125 0.046875
5 0.55 0.26640625 0.0140625 0.07109375
4 0.80390625 0.2484375 0.08125 0.08046875