5 0.48125 0.453125 0.009375 0.040625
5 0.5859375 0.47265625 0.01171875 0.05703125
4 0.51640625 0.4734375 0.0171875 0.05703125
4 0.540625 0.4765625 0.05 0.078125
4 0.425 0.44453125 0.01484375 0.02109375
4 0.4140625 0.446875 0.01015625 0.021875
4 0.365625 0.43984375 0.02265625 0.0265625
6 0.334375 0.4203125 0.03359375 0.071875
4 0.296875 0.43984375 0.02265625 0.0375
4 0.275 0.4359375 0.02578125 0.04296875
4 0.23046875 0.421875 0.0359375 0.0375
4 0.1421875 0.415625 0.0609375 0.053125
4 0.08125 0.409375 0.0625 0.046875
4 0.45625 0.4453125 0.01796875 0.0234375