4 0.0546875 0.6625 0.10859375 0.15546875
4 0.31328125 0.6171875 0.065625 0.07109375
4 0.4265625 0.609375 0.059375 0.08359375
4 0.39921875 0.6046875 0.01875 0.07109375
4 0.571875 0.59453125 0.0203125 0.06640625
6 0.62265625 0.5671875 0.03046875 0.1234375
6 0.7140625 0.5609375 0.165625 0.28359375
5 0.9546875 0.57734375 0.03125 0.14609375
5 0.9265625 0.57109375 0.0234375 0.10859375
5 0.903125 0.565625 0.021875 0.09140625
5 0.87734375 0.565625 0.01953125 0.0890625
5 0.8640625 0.559375 0.0171875 0.07109375
5 0.85625 0.60078125 0.0140625 0.090625
5 0.8484375 0.559375 0.01171875 0.0625
5 0.81171875 0.5703125 0.009375 0.0734375
5 0.8015625 0.57265625 0.00546875 0.07890625
4 0.503125 0.6453125 0.146875 0.2015625