6 0.1796875 0.34296875 0.35703125 0.6859375
4 0.68828125 0.475 0.17890625 0.184375
4 0.596875 0.4453125 0.0828125 0.125
4 0.56640625 0.43828125 0.040625 0.109375
4 0.5515625 0.428125 0.02421875 0.09296875
4 0.546875 0.421875 0.0234375 0.09140625
4 0.359375 0.4203125 0.01640625 0.075
4 0.37109375 0.41171875 0.02421875 0.06640625
4 0.384375 0.4109375 0.0265625 0.059375
4 0.39921875 0.409375 0.01953125 0.046875
4 0.40859375 0.4078125 0.0171875 0.04609375
4 0.41953125 0.4046875 0.01640625 0.0390625
4 0.42890625 0.40078125 0.01640625 0.034375
4 0.440625 0.39921875 0.01953125 0.025
4 0.4484375 0.396875 0.009375 0.02109375
4 0.4578125 0.396875 0.009375 0.01796875
6 0.46875 0.3890625 0.01640625 0.04609375
4 0.5046875 0.40546875 0.0703125 0.12890625
5 0.74453125 0.396875 0.01953125 0.07109375
5 0.8 0.409375 0.02890625 0.09609375