5 0.1078125 0.5015625 0.04765625 0.23359375
5 0.1578125 0.4890625 0.04609375 0.175
5 0.74453125 0.4484375 0.025 0.125
5 0.66640625 0.43984375 0.01875 0.10390625
5 0.65 0.4390625 0.01640625 0.06796875
5 0.63359375 0.4296875 0.01875 0.0625
5 0.61484375 0.42578125 0.01875 0.065625
5 0.303125 0.46328125 0.01015625 0.0625
5 0.2953125 0.465625 0.0109375 0.06953125
5 0.24921875 0.50078125 0.01484375 0.121875
5 0.234375 0.50078125 0.0109375 0.11640625
5 0.2234375 0.49140625 0.01484375 0.10703125
5 0.2125 0.509375 0.01953125 0.11796875
5 0.3296875 0.45546875 0.015625 0.06796875
5 0.3390625 0.45859375 0.0078125 0.046875
5 0.35234375 0.46015625 0.0125 0.05703125
5 0.275 0.4671875 0.0125 0.09140625
5 0.2859375 0.46484375 0.009375 0.08046875
5 0.42109375 0.46328125 0.0125 0.06640625
4 0.48125 0.4671875 0.01328125 0.0390625
6 0.39453125 0.4328125 0.0625 0.1234375
4 0.465625 0.465625 0.028125 0.04140625
4 0.5078125 0.4578125 0.04375 0.06796875