5 0.27421875 0.56015625 0.0265625 0.14609375
5 0.234375 0.55859375 0.03125 0.14609375
5 0.2984375 0.5546875 0.015625 0.08203125
5 0.315625 0.546875 0.009375 0.075
5 0.3546875 0.55234375 0.01328125 0.06796875
5 0.740625 0.5265625 0.02734375 0.06796875
5 0.7234375 0.559375 0.01875 0.115625
4 0.4203125 0.53984375 0.01328125 0.0375
4 0.440625 0.57890625 0.03125 0.11640625
6 0.6421875 0.55859375 0.103125 0.1734375
4 0.39453125 0.546875 0.05 0.0890625
4 0.521875 0.56875 0.153125 0.296875
6 0.859375 0.609375 0.2796875 0.30390625