6 0.0390625 0.69453125 0.0765625 0.128125
4 0.02734375 0.775 0.0546875 0.128125
6 0.1890625 0.72109375 0.215625 0.190625
5 0.0625 0.765625 0.034375 0.15703125
4 0.4890625 0.75546875 0.015625 0.028125
4 0.4734375 0.75625 0.0171875 0.0375
4 0.4546875 0.75703125 0.015625 0.046875
4 0.4484375 0.759375 0.01796875 0.0390625
4 0.42265625 0.75859375 0.0359375 0.05546875
5 0.4234375 0.75390625 0.0140625 0.075
4 0.3296875 0.75625 0.1390625 0.20546875
4 0.525 0.69375 0.04765625 0.0390625
4 0.5671875 0.72734375 0.0125 0.025
4 0.53515625 0.73984375 0.071875 0.10859375
4 0.590625 0.74296875 0.04140625 0.05546875
4 0.659375 0.7453125 0.0296875 0.0640625
5 0.62890625 0.728125 0.01015625 0.04140625
5 0.68125 0.728125 0.01015625 0.03359375
5 0.6921875 0.7359375 0.009375 0.05546875
5 0.7 0.73203125 0.01171875 0.05546875
5 0.6578125 0.746875 0.01796875 0.07109375
5 0.734375 0.7328125 0.01171875 0.0609375
5 0.746875 0.7421875 0.0171875 0.0734375
5 0.7828125 0.72890625 0.02734375 0.109375
4 0.90234375 0.76328125 0.1921875 0.3125