4 0.49765625 0.5953125 0.02109375 0.06953125
4 0.4734375 0.57421875 0.0140625 0.0359375
4 0.41796875 0.5796875 0.01171875 0.065625
6 0.4421875 0.5984375 0.04765625 0.084375
5 0.37890625 0.59921875 0.05 0.1859375
5 0.51484375 0.609375 0.0421875 0.17890625
5 0.9546875 0.659375 0.03203125 0.125
5 0.85 0.64609375 0.0296875 0.1265625
5 0.8140625 0.6296875 0.02578125 0.14609375
5 0.7640625 0.646875 0.02734375 0.11953125
5 0.7 0.628125 0.0171875 0.09140625
5 0.6765625 0.62421875 0.0234375 0.103125
5 0.2265625 0.6140625 0.028125 0.1375