5 0.50390625 0.559375 0.02578125 0.075
5 0.7984375 0.603125 0.0828125 0.3125
5 0.475 0.56328125 0.01484375 0.075
4 0.12890625 0.60234375 0.115625 0.11796875
4 0.24765625 0.59140625 0.10078125 0.14296875
4 0.0109375 0.58359375 0.021875 0.0828125
6 0.03125 0.55234375 0.06171875 0.11796875
6 0.3375 0.5578125 0.02109375 0.04140625
4 0.9140625 0.596875 0.1703125 0.15390625
4 0.403125 0.56171875 0.02578125 0.03359375
4 0.40859375 0.5453125 0.01484375 0.00859375
4 0.371875 0.56015625 0.01484375 0.021875
4 0.38359375 0.56171875 0.009375 0.025
4 0.06875 0.58359375 0.03359375 0.046875