5 0.0828125 0.646875 0.021875 0.11796875
5 0.63515625 0.6171875 0.00859375 0.0625
4 0.45546875 0.62734375 0.02421875 0.078125
4 0.434375 0.6171875 0.015625 0.04609375
4 0.42421875 0.615625 0.01875 0.0734375
6 0.45078125 0.57890625 0.01953125 0.01796875
4 0.3890625 0.61953125 0.0609375 0.103125
4 0.3421875 0.59765625 0.028125 0.0234375
4 0.315625 0.640625 0.04140625 0.084375
4 0.24296875 0.65390625 0.13359375 0.1109375
4 0.3625 0.653125 0.08671875 0.10390625
6 0.5734375 0.60625 0.0859375 0.18046875
4 0.5125 0.640625 0.1125 0.18359375