4 0.49765625 0.38515625 0.00859375 0.015625
4 0.503125 0.384375 0.00859375 0.01640625
4 0.51328125 0.384375 0.0109375 0.015625
4 0.521875 0.38203125 0.009375 0.01953125
4 0.5265625 0.3875 0.0078125 0.021875
4 0.5375 0.3859375 0.01875 0.03046875
4 0.53671875 0.390625 0.01484375 0.0265625
4 0.54375 0.396875 0.0171875 0.04453125
4 0.56796875 0.3890625 0.03984375 0.06796875
4 0.5921875 0.403125 0.04765625 0.071875
4 0.6234375 0.4171875 0.05 0.1140625
4 0.4859375 0.37734375 0.01328125 0.0125
4 0.484375 0.39453125 0.02109375 0.02890625
4 0.465625 0.39140625 0.028125 0.04140625
4 0.45703125 0.39765625 0.01953125 0.04296875
4 0.44921875 0.4015625 0.01328125 0.05703125
6 0.378125 0.35546875 0.13671875 0.23203125
4 0.81875 0.384375 0.36171875 0.628125
5 0.0359375 0.4171875 0.04453125 0.2109375
5 0.09375 0.4125 0.05 0.21796875