4 0.040625 0.503125 0.08125 0.096875
4 0.1515625 0.51171875 0.13671875 0.1125
4 0.3328125 0.51953125 0.1859375 0.2015625
4 0.4484375 0.50625 0.04609375 0.05546875
4 0.48046875 0.4984375 0.021875 0.04140625
4 0.5171875 0.5 0.0234375 0.03203125
4 0.53515625 0.503125 0.01796875 0.021875
4 0.94140625 0.54921875 0.115625 0.090625
5 0.6765625 0.528125 0.01796875 0.08046875
5 0.6984375 0.521875 0.02109375 0.09296875
5 0.71875 0.51953125 0.0171875 0.075
5 0.740625 0.5140625 0.025 0.07890625
6 0.55859375 0.4921875 0.0234375 0.065625
5 0.8765625 0.51875 0.02421875 0.1015625