5 0.33125 0.4328125 0.0140625 0.040625
5 0.30625 0.44140625 0.01875 0.05859375
5 0.290625 0.446875 0.01171875 0.05
5 0.275 0.4609375 0.01640625 0.0515625
5 0.2359375 0.440625 0.01484375 0.0375
4 0.32265625 0.48671875 0.12109375 0.0765625
5 0.35859375 0.49765625 0.04140625 0.2109375
4 0.6515625 0.45859375 0.078125 0.0734375
6 0.74140625 0.44375 0.1109375 0.09296875
4 0.8109375 0.45078125 0.1125 0.0765625
4 0.9875 0.4265625 0.0203125 0.05390625
4 0.9234375 0.46171875 0.1390625 0.125
4 0.528125 0.5890625 0.27578125 0.4140625
5 0.2546875 0.45703125 0.01328125 0.04296875
4 0.1578125 0.63359375 0.31484375 0.390625