4 0.490625 0.37109375 0.0171875 0.02109375
4 0.5109375 0.371875 0.0265625 0.02890625
4 0.5328125 0.36953125 0.01640625 0.0234375
4 0.5484375 0.3671875 0.0140625 0.02890625
6 0.57890625 0.34375 0.05234375 0.1109375
4 0.325 0.384375 0.059375 0.09296875
4 0.2703125 0.3984375 0.1046875 0.10546875
4 0.16640625 0.421875 0.1625 0.153125
4 0.071875 0.47734375 0.13984375 0.228125
4 0.3984375 0.396875 0.121875 0.20859375
5 0.896875 0.37109375 0.02734375 0.096875
5 0.86796875 0.378125 0.021875 0.0875
4 0.7875 0.3734375 0.04296875 0.0625