4 0.4859375 0.41328125 0.0171875 0.01953125
4 0.4515625 0.41015625 0.01328125 0.025
4 0.4375 0.415625 0.0171875 0.02109375
4 0.415625 0.4140625 0.015625 0.025
4 0.4078125 0.4140625 0.01171875 0.028125
4 0.4046875 0.415625 0.0140625 0.028125
4 0.390625 0.4109375 0.0171875 0.03046875
4 0.3765625 0.4171875 0.0203125 0.0390625
4 0.3578125 0.421875 0.03828125 0.0484375
4 0.3203125 0.41953125 0.04140625 0.078125
4 0.215625 0.4546875 0.19375 0.23046875
4 0.50078125 0.415625 0.02890625 0.0359375
4 0.52109375 0.41953125 0.028125 0.04609375
4 0.559375 0.41796875 0.06484375 0.090625
4 0.6171875 0.4515625 0.10078125 0.12109375
6 0.83671875 0.490625 0.3265625 0.39453125
4 0.06875 0.48828125 0.13515625 0.4625
5 0.47578125 0.41640625 0.01171875 0.053125