4 0.5984375 0.4515625 0.01796875 0.02109375
4 0.584375 0.478125 0.02734375 0.07890625
4 0.603125 0.4671875 0.01796875 0.0484375
4 0.61953125 0.465625 0.0265625 0.0484375
4 0.64140625 0.46796875 0.04921875 0.05546875
4 0.678125 0.46171875 0.03984375 0.08046875
4 0.7328125 0.47421875 0.115625 0.128125
4 0.8859375 0.4640625 0.1171875 0.09296875
6 0.3375 0.46796875 0.0515625 0.1234375
4 0.303125 0.50859375 0.05703125 0.08046875
4 0.4671875 0.49375 0.21875 0.40390625
4 0.95625 0.46796875 0.0859375 0.10703125
6 0.84921875 0.40859375 0.12890625 0.1609375
5 0.1109375 0.5109375 0.01875 0.065625