6 0.2453125 0.36796875 0.03125 0.04140625
6 0.12890625 0.3578125 0.09375 0.115625
4 0.01875 0.365625 0.02734375 0.1125
4 0.365625 0.40546875 0.01171875 0.0140625
4 0.37578125 0.4078125 0.01328125 0.0234375
4 0.38984375 0.4078125 0.00625 0.01796875
4 0.40234375 0.41015625 0.01875 0.03359375
4 0.3453125 0.4125 0.040625 0.046875
4 0.428125 0.42265625 0.03125 0.05859375
6 0.45703125 0.3984375 0.02734375 0.05546875
4 0.4875 0.428125 0.0515625 0.071875
6 0.56875 0.3921875 0.09609375 0.1609375
4 0.596875 0.4671875 0.090625 0.1015625
5 0.6671875 0.43125 0.01015625 0.046875
5 0.68359375 0.4328125 0.0171875 0.04453125
5 0.715625 0.44296875 0.01953125 0.05546875
5 0.815625 0.45546875 0.01953125 0.09609375
5 0.85 0.45703125 0.0234375 0.0984375
5 0.87109375 0.4703125 0.01953125 0.08203125
5 0.971875 0.48984375 0.01015625 0.09296875
5 0.953125 0.47890625 0.01953125 0.109375
5 0.934375 0.4875 0.01875 0.103125
5 0.9140625 0.47734375 0.0234375 0.10546875
5 0.8984375 0.4734375 0.0171875 0.09296875