5 0.840625 0.48125 0.04453125 0.16796875
5 0.79609375 0.478125 0.03359375 0.128125
5 0.7546875 0.471875 0.021875 0.10703125
5 0.5828125 0.45859375 0.01796875 0.103125
5 0.5546875 0.45859375 0.01640625 0.0890625
5 0.0890625 0.428125 0.0109375 0.05546875
5 0.065625 0.43046875 0.015625 0.0765625
5 0.0484375 0.453125 0.0203125 0.1125
5 0.0078125 0.4296875 0.01484375 0.09609375
4 0.33359375 0.4203125 0.00625 0.02890625
4 0.340625 0.41796875 0.009375 0.025
4 0.3265625 0.421875 0.01796875 0.04296875
4 0.36875 0.428125 0.02890625 0.05546875
4 0.39921875 0.434375 0.0140625 0.0359375
4 0.4171875 0.44375 0.0359375 0.0515625
4 0.29453125 0.428125 0.04765625 0.08046875
4 0.46875 0.45390625 0.0734375 0.10703125
4 0.5375 0.44609375 0.0734375 0.115625
4 0.928125 0.4625 0.1390625 0.13203125
4 0.884375 0.69921875 0.22578125 0.490625
6 0.3609375 0.39453125 0.0265625 0.02890625
4 0.3609375 0.440625 0.0390625 0.05703125