4 0.07265625 0.56875 0.1453125 0.14140625
4 0.8984375 0.5453125 0.1953125 0.4625
4 0.7453125 0.578125 0.15390625 0.16796875
4 0.43125 0.51796875 0.015625 0.03046875
4 0.440625 0.52734375 0.01328125 0.02109375
4 0.4703125 0.52421875 0.01875 0.03359375
4 0.5328125 0.528125 0.0078125 0.040625
4 0.5390625 0.528125 0.009375 0.04140625
4 0.546875 0.52421875 0.0125 0.05
5 0.69375 0.51796875 0.0171875 0.04453125
5 0.66875 0.528125 0.015625 0.05859375
5 0.6515625 0.528125 0.01640625 0.0609375
4 0.45 0.5328125 0.025 0.03359375
4 0.50546875 0.525 0.04609375 0.071875
4 0.56875 0.52578125 0.03671875 0.0640625
6 0.4765625 0.509375 0.02734375 0.0484375
6 0.334375 0.471875 0.196875 0.33359375