5 0.3078125 0.48515625 0.01171875 0.06953125
5 0.2 0.5015625 0.01796875 0.08046875
5 0.1828125 0.48046875 0.0140625 0.04609375
4 0.546875 0.45546875 0.01015625 0.01796875
5 0.234375 0.49453125 0.021875 0.0890625
5 0.2625 0.48046875 0.009375 0.07109375
5 0.38984375 0.47890625 0.01328125 0.04453125
5 0.4328125 0.47265625 0.01015625 0.04296875
5 0.5625 0.45625 0.0109375 0.03359375
5 0.6015625 0.459375 0.01015625 0.0515625
4 0.5703125 0.4546875 0.01015625 0.01796875
4 0.521875 0.459375 0.028125 0.03203125
4 0.515625 0.47421875 0.025 0.03203125
6 0.665625 0.43359375 0.06015625 0.103125
6 0.10625 0.55078125 0.2125 0.228125