5 0.26953125 0.64609375 0.0140625 0.0625
5 0.2984375 0.6359375 0.01328125 0.053125
4 0.24375 0.6328125 0.009375 0.01640625
4 0.234375 0.634375 0.0109375 0.0125
4 0.2234375 0.640625 0.0171875 0.01796875
4 0.21015625 0.6421875 0.01015625 0.01796875
4 0.196875 0.64609375 0.01484375 0.01796875
4 0.2515625 0.6421875 0.0078125 0.028125
4 0.25859375 0.6453125 0.0171875 0.0234375
4 0.31015625 0.6390625 0.0078125 0.03203125
4 0.325 0.63359375 0.01875 0.04296875
4 0.325 0.6390625 0.009375 0.03203125
4 0.3375 0.634375 0.0140625 0.059375
4 0.359375 0.63671875 0.04296875 0.075
4 0.3609375 0.6421875 0.02734375 0.059375
4 0.3984375 0.63671875 0.0671875 0.075
6 0.11640625 0.646875 0.09765625 0.15390625
4 0.0328125 0.70234375 0.065625 0.06953125
4 0.98984375 0.534375 0.01796875 0.0875