4 0.4 0.5734375 0.01171875 0.021875
4 0.40859375 0.5796875 0.009375 0.021875
4 0.3890625 0.57578125 0.01875 0.0265625
4 0.3765625 0.5859375 0.01640625 0.034375
4 0.3609375 0.584375 0.021875 0.04609375
4 0.4578125 0.571875 0.01875 0.034375
4 0.4609375 0.5796875 0.01953125 0.04296875
4 0.4734375 0.5828125 0.02421875 0.04140625
6 0.421875 0.56796875 0.028125 0.05859375
4 0.34296875 0.590625 0.0375 0.04296875
4 0.43125 0.58671875 0.03828125 0.05546875
4 0.49296875 0.590625 0.04296875 0.0515625
5 0.60390625 0.6 0.0171875 0.05859375
5 0.64140625 0.603125 0.01875 0.0890625
4 0.89609375 0.7953125 0.20390625 0.40546875
4 0.95390625 0.61640625 0.05546875 0.0859375