5 0.11875 0.38125 0.01796875 0.0765625
5 0.0703125 0.38046875 0.021875 0.084375
5 0.0328125 0.390625 0.03125 0.1109375
5 0.75859375 0.3765625 0.02421875 0.1140625
5 0.6921875 0.396875 0.01953125 0.08359375
5 0.00859375 0.38203125 0.0171875 0.11640625
5 0.978125 0.41015625 0.040625 0.18359375
4 0.3796875 0.36484375 0.01875 0.0234375
4 0.34375 0.359375 0.01953125 0.0234375
4 0.35546875 0.37109375 0.03203125 0.034375
4 0.33046875 0.3734375 0.025 0.034375
4 0.2515625 0.37265625 0.053125 0.08359375
4 0.2796875 0.40546875 0.1046875 0.125
6 0.4515625 0.271875 0.1875 0.453125