5 0.1734375 0.525 0.0171875 0.084375
5 0.16171875 0.51953125 0.01484375 0.071875
5 0.125 0.5421875 0.0234375 0.11953125
5 0.096875 0.52265625 0.01484375 0.084375
4 0.4296875 0.51328125 0.009375 0.0234375
4 0.4171875 0.51640625 0.01484375 0.03046875
4 0.4078125 0.51640625 0.0078125 0.0265625
4 0.3765625 0.5109375 0.009375 0.028125
5 0.3703125 0.5046875 0.00625 0.0265625
4 0.35546875 0.51484375 0.01484375 0.03046875
4 0.3296875 0.52734375 0.03046875 0.046875
4 0.39296875 0.525 0.03125 0.0515625
4 0.459375 0.51328125 0.01328125 0.01796875
4 0.4453125 0.521875 0.02109375 0.040625
6 0.509375 0.50859375 0.05390625 0.065625
4 0.47265625 0.51484375 0.009375 0.0265625
4 0.4875 0.53203125 0.04609375 0.075
6 0.23359375 0.53671875 0.09453125 0.10859375
4 0.06484375 0.5984375 0.12890625 0.15703125
5 0.725 0.55078125 0.01171875 0.07109375
5 0.71328125 0.5296875 0.0078125 0.05546875
4 0.85859375 0.60703125 0.2765625 0.26640625
4 0.625 0.59453125 0.19140625 0.24609375
5 0.33359375 0.49765625 0.0078125 0.0265625
5 0.30390625 0.51953125 0.00625 0.0484375
5 0.3109375 0.51640625 0.0078125 0.05859375
5 0.29140625 0.52734375 0.01015625 0.0609375