5 0.690625 0.496875 0.0171875 0.09296875
4 0.2140625 0.50859375 0.009375 0.02890625
4 0.19296875 0.51328125 0.0328125 0.0484375
4 0.16484375 0.51484375 0.02890625 0.0515625
4 0.090625 0.515625 0.13046875 0.1375
4 0.0171875 0.53984375 0.03203125 0.0640625
4 0.2359375 0.5109375 0.0421875 0.04140625
4 0.44296875 0.48671875 0.00859375 0.01640625
4 0.43671875 0.5 0.01171875 0.0359375
4 0.4296875 0.5015625 0.015625 0.040625
4 0.41640625 0.503125 0.02109375 0.0484375
4 0.409375 0.509375 0.01953125 0.05546875
4 0.39375 0.50859375 0.034375 0.05390625
4 0.4890625 0.48984375 0.00859375 0.015625
4 0.4921875 0.49609375 0.00859375 0.0234375
4 0.503125 0.49296875 0.01953125 0.021875
4 0.51171875 0.50078125 0.025 0.0375
4 0.69609375 0.49296875 0.03125 0.02890625
4 0.74765625 0.4859375 0.08984375 0.05
6 0.553125 0.471875 0.05859375 0.13046875
4 0.5953125 0.5171875 0.08515625 0.109375
4 0.459375 0.50078125 0.03828125 0.05859375
4 0.325 0.51484375 0.1328125 0.13203125
4 0.63671875 0.48515625 0.01484375 0.021875