4 0.2671875 0.509375 0.015625 0.05
4 0.28515625 0.50703125 0.02265625 0.015625
4 0.29453125 0.51796875 0.0375 0.03203125
6 0.346875 0.5125 0.06640625 0.05859375
4 0.3828125 0.5296875 0.03046875 0.04296875
4 0.4375 0.496875 0.02578125 0.01953125
4 0.4046875 0.515625 0.0203125 0.0234375
4 0.5875 0.53359375 0.046875 0.0390625
4 0.54375 0.54453125 0.06796875 0.02890625
6 0.625 0.53203125 0.0359375 0.06953125
4 0.11875 0.5203125 0.053125 0.05546875
4 0.08203125 0.521875 0.06484375 0.05859375
4 0.03515625 0.521875 0.053125 0.0640625
5 0.31953125 0.52734375 0.00859375 0.05
5 0.54609375 0.5484375 0.01015625 0.0625
5 0.603125 0.54609375 0.01875 0.06953125
5 0.58671875 0.54140625 0.015625 0.0734375
4 0.8765625 0.61484375 0.2453125 0.4234375
4 0.446875 0.59140625 0.1328125 0.19296875
5 0.3328125 0.51875 0.01328125 0.04609375