4 0.4484375 0.4703125 0.01171875 0.01796875
4 0.44765625 0.46796875 0.0140625 0.028125
4 0.41796875 0.4734375 0.015625 0.028125
4 0.41015625 0.47578125 0.0203125 0.028125
4 0.3984375 0.46953125 0.0203125 0.04609375
4 0.38515625 0.4734375 0.02734375 0.0484375
4 0.365625 0.48359375 0.02734375 0.05390625
4 0.503125 0.46796875 0.015625 0.028125
4 0.5109375 0.47734375 0.02734375 0.0515625
4 0.5359375 0.4796875 0.05625 0.0765625
4 0.56484375 0.490625 0.0546875 0.0734375
4 0.28125 0.496875 0.04609375 0.0859375
4 0.1578125 0.4515625 0.03046875 0.025
6 0.4328125 0.46171875 0.02265625 0.0484375
4 0.5875 0.503125 0.0828125 0.09453125
4 0.3234375 0.50390625 0.09140625 0.10703125
5 0.13125 0.4890625 0.021875 0.0859375
4 0.6203125 0.44140625 0.03984375 0.025