4 0.428125 0.41953125 0.0171875 0.0234375
4 0.4046875 0.4296875 0.03671875 0.0625
4 0.33515625 0.4296875 0.0234375 0.03359375
4 0.3046875 0.440625 0.01875 0.04453125
4 0.284375 0.44296875 0.03046875 0.05
4 0.25546875 0.446875 0.0328125 0.05390625
4 0.228125 0.45859375 0.04765625 0.0625
4 0.1640625 0.46484375 0.0953125 0.0890625
4 0.371875 0.4546875 0.07109375 0.10390625
4 0.521875 0.42578125 0.0125 0.06796875
6 0.5640625 0.409375 0.0796875 0.14296875
5 0.12734375 0.42578125 0.01953125 0.04140625
5 0.1921875 0.41796875 0.01015625 0.01796875
5 0.1578125 0.415625 0.01328125 0.0125
5 0.23046875 0.421875 0.0125 0.015625
5 0.6046875 0.4234375 0.00703125 0.04609375
5 0.61484375 0.4296875 0.0125 0.05
5 0.6265625 0.428125 0.00703125 0.0625
5 0.63828125 0.421875 0.01015625 0.05
5 0.6640625 0.43671875 0.0171875 0.08046875
5 0.6890625 0.42578125 0.015625 0.06796875
5 0.76875 0.4640625 0.02578125 0.14296875
5 0.91328125 0.4703125 0.0328125 0.15703125
5 0.8640625 0.46171875 0.0390625 0.1484375