4 0.234375 0.48046875 0.0390625 0.0390625
4 0.1953125 0.4859375 0.06171875 0.075
4 0.084375 0.4921875 0.16171875 0.1734375
4 0.88828125 0.50390625 0.2203125 0.4859375
4 0.56875 0.425 0.021875 0.0390625
6 0.6578125 0.40390625 0.13671875 0.228125
5 0.72109375 0.46484375 0.025 0.125
5 0.7453125 0.45859375 0.021875 0.12890625
4 0.490625 0.4375 0.0265625 0.04296875
4 0.5234375 0.44453125 0.0484375 0.08203125
4 0.421875 0.44140625 0.0546875 0.0875
4 0.3359375 0.46640625 0.16171875 0.234375
4 0.7703125 0.425 0.0734375 0.09609375