5 0.11171875 0.4 0.02265625 0.0484375
5 0.0984375 0.40859375 0.02265625 0.046875
5 0.05234375 0.40859375 0.02734375 0.0890625
4 0.4609375 0.43984375 0.0359375 0.08203125
4 0.5078125 0.4734375 0.08203125 0.121875
6 0.2890625 0.39765625 0.07890625 0.078125
6 0.2203125 0.45 0.0828125 0.084375
4 0.1359375 0.490625 0.1578125 0.13046875
4 0.73046875 0.5078125 0.03984375 0.109375
6 0.65390625 0.44765625 0.1421875 0.18359375
6 0.828125 0.4953125 0.18984375 0.22890625
4 0.61796875 0.54296875 0.18828125 0.2140625
4 0.053125 0.48671875 0.10625 0.1984375
4 0.3453125 0.5734375 0.284375 0.3859375
4 0.9265625 0.5875 0.14609375 0.1765625