6 0.0796875 0.3921875 0.04375 0.07109375
4 0.0328125 0.41015625 0.015625 0.0234375
4 0.02109375 0.41328125 0.01640625 0.0265625
4 0.184375 0.4015625 0.01484375 0.015625
4 0.1703125 0.4046875 0.0078125 0.015625
4 0.15078125 0.40546875 0.01640625 0.01640625
4 0.2078125 0.403125 0.01484375 0.01640625
4 0.21875 0.4046875 0.009375 0.0265625
6 0.246875 0.38515625 0.04453125 0.084375
4 0.25625 0.4140625 0.01328125 0.04453125
4 0.265625 0.41640625 0.01953125 0.0609375
4 0.27734375 0.4203125 0.028125 0.075
4 0.3296875 0.43828125 0.1109375 0.15546875
5 0.12578125 0.41953125 0.025 0.1359375