5 0.84921875 0.421875 0.03671875 0.15390625
5 0.68125 0.490625 0.05 0.20546875
5 0.23671875 0.4171875 0.0171875 0.0375
5 0.2171875 0.42890625 0.0171875 0.07109375
5 0.99296875 0.5328125 0.01328125 0.20546875
4 0.3890625 0.390625 0.01015625 0.02109375
4 0.3796875 0.39453125 0.015625 0.028125
4 0.4296875 0.4 0.01171875 0.0265625
4 0.4140625 0.409375 0.03828125 0.040625
4 0.4375 0.390625 0.015625 0.02109375
4 0.45703125 0.396875 0.01953125 0.0234375
4 0.48671875 0.4 0.01328125 0.034375
4 0.4921875 0.40234375 0.01953125 0.04453125
4 0.509375 0.403125 0.03125 0.0515625
4 0.5171875 0.41171875 0.03828125 0.05859375
4 0.609375 0.46328125 0.05546875 0.109375
4 0.6984375 0.475 0.17890625 0.20390625
4 0.85859375 0.4140625 0.065625 0.08203125
4 0.9203125 0.3828125 0.0484375 0.0140625
4 0.89453125 0.4046875 0.075 0.034375
4 0.90078125 0.4359375 0.08984375 0.075
6 0.7953125 0.41328125 0.078125 0.103125
4 0.41015625 0.44609375 0.05 0.075
4 0.465625 0.41328125 0.02890625 0.04140625
4 0.53203125 0.42578125 0.040625 0.05859375
4 0.3140625 0.50078125 0.17265625 0.25546875
4 0.02265625 0.475 0.0453125 0.05859375
4 0.10234375 0.52421875 0.2046875 0.1984375