4 0.9078125 0.6859375 0.18203125 0.1765625
4 0.7171875 0.70390625 0.2078125 0.146875
5 0.59609375 0.68125 0.02578125 0.10546875
5 0.5328125 0.675 0.0359375 0.11953125
4 0.17109375 0.63828125 0.0140625 0.03359375
4 0.14765625 0.63984375 0.015625 0.02109375
4 0.18828125 0.65234375 0.028125 0.04609375
4 0.23125 0.65625 0.05234375 0.078125
4 0.2453125 0.678125 0.06796875 0.08046875
4 0.12265625 0.6421875 0.00546875 0.021875
4 0.115625 0.63984375 0.01171875 0.021875
4 0.10859375 0.6421875 0.0140625 0.03359375
4 0.1015625 0.64453125 0.0171875 0.0375
4 0.0921875 0.64296875 0.01875 0.040625
4 0.0859375 0.6484375 0.01953125 0.05
4 0.0734375 0.65078125 0.015625 0.06796875
4 0.05625 0.65859375 0.03828125 0.08359375
4 0.025 0.64921875 0.04921875 0.16640625
6 0.2953125 0.634375 0.05390625 0.046875