4 0.9125 0.6078125 0.1734375 0.40859375
5 0.021875 0.51484375 0.04140625 0.184375
4 0.4296875 0.46953125 0.0203125 0.04296875
4 0.44375 0.46640625 0.0109375 0.04296875
4 0.57265625 0.46484375 0.02890625 0.06640625
4 0.5875 0.4765625 0.04453125 0.0765625
4 0.60703125 0.48671875 0.03671875 0.10859375
4 0.459375 0.45234375 0.015625 0.025
4 0.48671875 0.453125 0.00859375 0.021875
5 0.540625 0.4734375 0.0265625 0.08203125
6 0.52109375 0.44375 0.05859375 0.1390625
6 0.571875 0.4015625 0.04921875 0.06796875
6 0.2515625 0.421875 0.2109375 0.353125
4 0.4109375 0.47890625 0.03046875 0.0484375
4 0.66796875 0.48203125 0.1234375 0.184375
5 0.73515625 0.46015625 0.025 0.10859375