4 0.228125 0.478125 0.01328125 0.0140625
4 0.2171875 0.47890625 0.00859375 0.0125
4 0.20625 0.48359375 0.009375 0.009375
4 0.20625 0.48984375 0.009375 0.0125
4 0.2078125 0.49609375 0.00703125 0.0140625
4 0.215625 0.50078125 0.01328125 0.0140625
4 0.1859375 0.484375 0.015625 0.015625
4 0.1734375 0.4875 0.0109375 0.01953125
4 0.19921875 0.5015625 0.0109375 0.00859375
4 0.2015625 0.5140625 0.01484375 0.015625
4 0.18828125 0.5234375 0.02890625 0.04453125
4 0.18828125 0.53203125 0.01953125 0.0484375
4 0.17265625 0.5328125 0.03125 0.05
4 0.15625 0.54453125 0.04296875 0.05546875
4 0.128125 0.546875 0.0421875 0.0640625
4 0.26875 0.5046875 0.01171875 0.01953125
4 0.2734375 0.51015625 0.01171875 0.015625
4 0.27890625 0.5140625 0.0078125 0.015625
4 0.2875 0.51484375 0.0109375 0.01640625
4 0.2984375 0.51484375 0.015625 0.02109375
4 0.30234375 0.52109375 0.015625 0.01953125
4 0.3140625 0.52421875 0.01484375 0.0265625
4 0.3234375 0.53046875 0.01953125 0.028125
4 0.3421875 0.53828125 0.02109375 0.02890625
4 0.35859375 0.53984375 0.01953125 0.03359375
4 0.378125 0.54140625 0.028125 0.0359375
4 0.4 0.5484375 0.028125 0.0359375
4 0.5171875 0.57421875 0.03125 0.0609375
4 0.5375 0.5796875 0.04296875 0.075
4 0.6390625 0.515625 0.040625 0.0265625
4 0.675 0.5234375 0.02890625 0.028125
4 0.72734375 0.52109375 0.0703125 0.046875
4 0.8140625 0.521875 0.02421875 0.015625
4 0.83125 0.53203125 0.0234375 0.01640625
4 0.8625 0.53515625 0.040625 0.0375
4 0.9296875 0.5515625 0.1265625 0.05546875
4 0.98125 0.56171875 0.0328125 0.034375
4 0.8875 0.50625 0.02109375 0.02109375
4 0.80625 0.5375 0.08359375 0.04453125
4 0.7296875 0.521875 0.071875 0.0515625
6 0.596875 0.49609375 0.04296875 0.0484375
6 0.60625 0.590625 0.12578125 0.1484375
6 0.06953125 0.54140625 0.10625 0.10546875
4 0.45625 0.59140625 0.115625 0.15859375
4 0.00625 0.58359375 0.0125 0.07109375
5 0.8671875 0.6390625 0.03828125 0.15390625
5 0.9171875 0.6390625 0.03671875 0.17890625
5 0.5265625 0.540625 0.00703125 0.02109375
5 0.15546875 0.49453125 0.00859375 0.02890625
5 0.01953125 0.515625 0.01171875 0.046875
5 0.0078125 0.50703125 0.0109375 0.046875
4 0.21796875 0.50703125 0.01640625 0.01953125