4 0.9703125 0.82890625 0.05703125 0.3359375
4 0.015625 0.6453125 0.02890625 0.109375
4 0.06875 0.61953125 0.09609375 0.109375
4 0.2390625 0.6140625 0.028125 0.078125
4 0.271875 0.603125 0.05078125 0.08046875
4 0.359375 0.60390625 0.0109375 0.03359375
4 0.3421875 0.60625 0.02578125 0.046875
4 0.45 0.61015625 0.01328125 0.0359375
4 0.6171875 0.646875 0.1109375 0.125
4 0.8265625 0.68046875 0.31796875 0.328125
4 0.1640625 0.621875 0.1359375 0.1515625
6 0.4078125 0.56328125 0.075 0.1875
4 0.3109375 0.6109375 0.02578125 0.046875
5 0.325 0.60390625 0.0140625 0.09140625
5 0.309375 0.6078125 0.01875 0.10390625
4 0.4640625 0.61171875 0.0265625 0.0375