4 0.478125 0.30234375 0.0171875 0.028125
4 0.5546875 0.321875 0.034375 0.07109375
4 0.62734375 0.315625 0.0390625 0.05859375
4 0.459375 0.3140625 0.0546875 0.0765625
4 0.340625 0.32734375 0.04609375 0.05546875
4 0.26484375 0.30546875 0.0734375 0.11953125
4 0.3984375 0.32734375 0.0875 0.1015625
6 0.50859375 0.26328125 0.0359375 0.04609375
4 0.51875 0.3421875 0.0828125 0.11953125
4 0.5890625 0.32578125 0.05625 0.08203125
4 0.70703125 0.34765625 0.16640625 0.24140625
4 0.903125 0.31796875 0.1921875 0.2140625
4 0.1625 0.45234375 0.325 0.4640625
5 0.35 0.32109375 0.0140625 0.0640625
4 0.984375 0.40859375 0.03046875 0.0859375