5 0.790625 0.4453125 0.0390625 0.13359375
5 0.76328125 0.4203125 0.025 0.08203125
5 0.6421875 0.421875 0.00859375 0.03359375
5 0.63203125 0.421875 0.009375 0.03046875
4 0.503125 0.428125 0.0140625 0.046875
6 0.4921875 0.396875 0.0265625 0.03359375
4 0.528125 0.4390625 0.04296875 0.07109375
4 0.540625 0.446875 0.03828125 0.06953125
4 0.5578125 0.45546875 0.04453125 0.08203125
4 0.60078125 0.46796875 0.084375 0.1140625
4 0.7078125 0.5015625 0.17578125 0.196875
4 0.4109375 0.4203125 0.025 0.0375
4 0.38046875 0.4375 0.05078125 0.06953125
4 0.340625 0.45078125 0.04921875 0.11796875
4 0.2875 0.4421875 0.10234375 0.18046875
4 0.153125 0.465625 0.259375 0.28359375
4 0.4609375 0.46796875 0.1078125 0.1484375
4 0.884375 0.56015625 0.22890625 0.4234375