4 0.4953125 0.30546875 0.0171875 0.04140625
4 0.48359375 0.315625 0.0171875 0.0375
4 0.47578125 0.32890625 0.03359375 0.05
4 0.4484375 0.33046875 0.03359375 0.0765625
4 0.4046875 0.34375 0.06953125 0.11796875
4 0.33671875 0.3859375 0.1296875 0.153125
4 0.13828125 0.33359375 0.12421875 0.115625
4 0.0625 0.31796875 0.11796875 0.1375
4 0.053125 0.36171875 0.10234375 0.15703125
4 0.5265625 0.32578125 0.0453125 0.071875
6 0.565625 0.29375 0.03046875 0.02109375
4 0.56640625 0.328125 0.02890625 0.04296875
6 0.6890625 0.2953125 0.1984375 0.31796875
4 0.88828125 0.51015625 0.2234375 0.346875
5 0.9296875 0.3 0.0390625 0.06640625