6 0.4375 0.48203125 0.0109375 0.03046875
4 0.43984375 0.48671875 0.00703125 0.0140625
6 0.45 0.490625 0.02109375 0.028125
4 0.4515625 0.503125 0.01484375 0.02109375
4 0.503125 0.503125 0.02890625 0.04609375
4 0.76015625 0.5125 0.05390625 0.071875
4 0.396875 0.48671875 0.0109375 0.0140625
4 0.3953125 0.49765625 0.01015625 0.01640625
4 0.384375 0.503125 0.01484375 0.0234375
4 0.3125 0.51484375 0.05703125 0.090625
4 0.303125 0.52578125 0.0296875 0.078125
5 0.1015625 0.51875 0.02890625 0.128125
5 0.028125 0.5390625 0.0546875 0.2015625
5 0.6890625 0.5375 0.04609375 0.18359375
4 0.3578125 0.490625 0.03125 0.06953125
4 0.4609375 0.503125 0.02421875 0.0234375
4 0.415625 0.5 0.03125 0.0234375
4 0.86953125 0.5359375 0.23671875 0.25546875
4 0.2296875 0.528125 0.14921875 0.190625
6 0.5921875 0.459375 0.1609375 0.28203125