4 0.51328125 0.4234375 0.034375 0.021875
4 0.4234375 0.428125 0.046875 0.03046875
6 0.2109375 0.4296875 0.12734375 0.0484375
4 0.05859375 0.46484375 0.08203125 0.0625
4 0.5828125 0.41875 0.03046875 0.01953125
4 0.6078125 0.421875 0.01953125 0.01953125
4 0.6328125 0.41875 0.03203125 0.02890625
4 0.659375 0.421875 0.025 0.01953125
4 0.7078125 0.4296875 0.01875 0.02109375
4 0.684375 0.4671875 0.06953125 0.0984375
4 0.965625 0.41953125 0.05625 0.04140625
4 0.9796875 0.4515625 0.03671875 0.0640625
5 0.79609375 0.44375 0.0109375 0.034375
5 0.865625 0.42421875 0.0109375 0.03046875
5 0.80078125 0.4203125 0.00703125 0.0265625
4 0.465625 0.41484375 0.0125 0.015625
4 0.446875 0.41875 0.01796875 0.01796875