4 0.70546875 0.4984375 0.02421875 0.05859375
4 0.75625 0.509375 0.10546875 0.12890625
4 0.82578125 0.553125 0.1203125 0.178125
4 0.5640625 0.465625 0.06953125 0.04609375
4 0.5015625 0.5015625 0.06015625 0.04296875
4 0.45625 0.50703125 0.0234375 0.0359375
4 0.440625 0.503125 0.01640625 0.053125
4 0.4046875 0.509375 0.07265625 0.109375
4 0.35390625 0.50625 0.03984375 0.03359375
4 0.26796875 0.509375 0.0421875 0.04140625
4 0.1703125 0.51171875 0.0453125 0.0515625
4 0.06171875 0.5359375 0.05625 0.10390625
4 0.0390625 0.55703125 0.07734375 0.13046875
4 0.56875 0.5328125 0.08984375 0.12109375
6 0.9328125 0.48671875 0.13125 0.5734375
5 0.6265625 0.51484375 0.0125 0.090625
5 0.6921875 0.51484375 0.01796875 0.1140625
5 0.653125 0.503125 0.01328125 0.0484375