5 0.0234375 0.52421875 0.02109375 0.040625
5 0.04375 0.5109375 0.0140625 0.0375
5 0.0515625 0.51796875 0.03515625 0.06796875
5 0.0921875 0.52421875 0.025 0.065625
5 0.1078125 0.5421875 0.01875 0.04609375
5 0.14296875 0.55078125 0.028125 0.0859375
5 0.146875 0.56796875 0.02421875 0.12109375
5 0.16875 0.5796875 0.03359375 0.1234375
5 0.1890625 0.590625 0.02578125 0.1265625
5 0.209375 0.603125 0.0390625 0.15703125
5 0.23046875 0.60234375 0.02890625 0.1484375
5 0.31171875 0.5671875 0.01640625 0.05390625
5 0.88125 0.6328125 0.03359375 0.1109375
5 0.90390625 0.6078125 0.01640625 0.065625
5 0.88125 0.63828125 0.02421875 0.1125
5 0.65625 0.578125 0.0140625 0.03203125
5 0.709375 0.61171875 0.01875 0.08046875
5 0.6984375 0.6171875 0.0140625 0.08359375
5 0.68671875 0.61875 0.01640625 0.08046875
5 0.6796875 0.61640625 0.0140625 0.08203125
5 0.675 0.61796875 0.01171875 0.075
5 0.58125 0.5703125 0.00703125 0.0234375
5 0.5765625 0.5703125 0.0078125 0.03046875
5 0.56796875 0.571875 0.00859375 0.03359375
5 0.565625 0.56953125 0.00859375 0.04609375
5 0.55859375 0.56796875 0.01171875 0.0359375
4 0.50234375 0.559375 0.00859375 0.02109375
4 0.509375 0.56015625 0.01640625 0.021875
4 0.51796875 0.565625 0.01171875 0.02890625
4 0.3921875 0.5796875 0.04375 0.09140625
4 0.4125 0.56640625 0.00859375 0.028125
4 0.5703125 0.61171875 0.03125 0.06640625
4 0.61875 0.63046875 0.1140625 0.1390625
4 0.4515625 0.62890625 0.11484375 0.17890625
4 0.5359375 0.559375 0.0296875 0.05859375
4 0.103125 0.73828125 0.2046875 0.39453125
6 0.47109375 0.53515625 0.02890625 0.02890625
5 0.853125 0.628125 0.025 0.10859375