4 0.128125 0.69609375 0.2546875 0.3625
4 0.45078125 0.571875 0.03828125 0.05546875
4 0.2359375 0.59453125 0.09375 0.11796875
5 0.7109375 0.56484375 0.0109375 0.075
5 0.69609375 0.56015625 0.0171875 0.07890625
5 0.6859375 0.540625 0.01171875 0.046875
5 0.73125 0.578125 0.0234375 0.1140625
5 0.715625 0.52578125 0.0109375 0.03046875
5 0.8140625 0.5625 0.01875 0.109375
5 0.8390625 0.56015625 0.02265625 0.10703125
5 0.6578125 0.571875 0.02109375 0.1
5 0.79453125 0.59453125 0.02734375 0.1484375
5 0.896875 0.565625 0.03046875 0.128125
4 0.35 0.61328125 0.109375 0.18203125
4 0.415625 0.5640625 0.0234375 0.034375
6 0.5453125 0.565625 0.1734375 0.30703125
4 0.4 0.56015625 0.0125 0.03046875