4 0.45546875 0.453125 0.00703125 0.01796875
4 0.4390625 0.45078125 0.0234375 0.03046875
4 0.43125 0.45703125 0.02109375 0.034375
4 0.40625 0.4640625 0.04140625 0.05703125
4 0.46875 0.46171875 0.0109375 0.03046875
4 0.4859375 0.46484375 0.021875 0.04609375
4 0.50078125 0.446875 0.01015625 0.0375
4 0.34375 0.54453125 0.1421875 0.2
5 0.2578125 0.4734375 0.01875 0.1109375
5 0.7171875 0.43984375 0.0125 0.034375
5 0.70546875 0.4734375 0.0125 0.04140625
5 0.703125 0.4296875 0.01015625 0.028125
5 0.696875 0.45390625 0.0171875 0.08046875
5 0.678125 0.46796875 0.00625 0.0609375
5 0.6734375 0.4296875 0.00859375 0.03359375
5 0.6546875 0.4625 0.015625 0.0765625
5 0.6875 0.4640625 0.0109375 0.08359375
4 0.978125 0.46953125 0.0390625 0.0890625
4 0.96015625 0.609375 0.07578125 0.253125
4 0.83125 0.48359375 0.26484375 0.253125
4 0.56640625 0.51796875 0.165625 0.2390625
4 0.19609375 0.45234375 0.0609375 0.06796875
4 0.303125 0.44921875 0.06015625 0.04609375
4 0.1234375 0.42890625 0.03671875 0.021875
4 0.14453125 0.45859375 0.046875 0.05859375
6 0.0703125 0.43984375 0.1375 0.17890625