4 0.475 0.4625 0.0125 0.02109375
4 0.490625 0.46484375 0.0125 0.03046875
4 0.49765625 0.4625 0.00703125 0.03046875
4 0.50390625 0.46015625 0.01328125 0.05390625
4 0.5296875 0.46171875 0.040625 0.06796875
4 0.4484375 0.45859375 0.0421875 0.0359375
4 0.47578125 0.46171875 0.01171875 0.0265625
4 0.4296875 0.446875 0.0109375 0.0234375
4 0.4234375 0.45703125 0.0078125 0.0265625
4 0.409375 0.4640625 0.0328125 0.05
4 0.4484375 0.478125 0.04375 0.0640625
4 0.5859375 0.49375 0.06953125 0.1765625
4 0.7140625 0.5328125 0.2390625 0.3375
4 0.328125 0.49921875 0.0671875 0.2109375
6 0.1609375 0.38125 0.321875 0.759375
4 0.88359375 0.534375 0.23046875 0.603125
5 0.3640625 0.46015625 0.009375 0.040625
5 0.3734375 0.459375 0.0078125 0.04453125
6 0.85 0.3984375 0.04296875 0.06953125
5 0.12265625 0.59453125 0.16640625 0.5140625