5 0.24921875 0.553125 0.01953125 0.0609375
4 0.53125 0.5078125 0.0171875 0.015625
4 0.51796875 0.50625 0.009375 0.015625
4 0.509375 0.5078125 0.0125 0.01796875
4 0.4921875 0.509375 0.021875 0.01640625
4 0.47734375 0.5078125 0.01484375 0.01796875
4 0.55703125 0.51796875 0.01484375 0.0234375
4 0.35859375 0.521875 0.03125 0.021875
4 0.33125 0.5234375 0.02265625 0.02109375
4 0.3046875 0.54140625 0.0421875 0.0609375
4 0.27734375 0.553125 0.046875 0.053125
4 0.409375 0.53203125 0.0375 0.05546875
4 0.37734375 0.54453125 0.03203125 0.040625
4 0.3453125 0.55 0.0484375 0.0515625
4 0.57421875 0.52421875 0.0296875 0.04609375
6 0.0515625 0.54140625 0.10234375 0.10859375
4 0.8734375 0.553125 0.14140625 0.11796875
4 0.9203125 0.6859375 0.1578125 0.371875
4 0.54453125 0.509375 0.0109375 0.0125