5 0.57109375 0.50546875 0.0125 0.028125
5 0.55 0.48828125 0.01015625 0.053125
4 0.48125 0.41640625 0.040625 0.1484375
4 0.90234375 0.51796875 0.15078125 0.125
4 0.93984375 0.540625 0.11796875 0.10546875
4 0.1296875 0.49296875 0.05390625 0.08359375
5 0.0765625 0.503125 0.0203125 0.1234375
4 0.05625 0.49609375 0.1125 0.1515625
6 0.3796875 0.36796875 0.10546875 0.109375
4 0.3484375 0.64140625 0.38828125 0.49140625
4 0.953125 0.74140625 0.08984375 0.265625
4 0.671875 0.5453125 0.1828125 0.203125
5 0.5203125 0.47421875 0.00546875 0.028125
5 0.534375 0.47109375 0.00703125 0.02109375