6 0.490625 0.30078125 0.021875 0.0390625
6 0.5328125 0.26015625 0.05625 0.1125
4 0.484375 0.321875 0.021875 0.0359375
4 0.45 0.340625 0.0515625 0.07890625
4 0.590625 0.459375 0.24765625 0.3734375
4 0.6609375 0.29453125 0.01015625 0.015625
4 0.690625 0.2953125 0.0125 0.0125
4 0.696875 0.29375 0.009375 0.0125
5 0.690625 0.30625 0.009375 0.046875
4 0.66953125 0.29375 0.0109375 0.0125
5 0.828125 0.3 0.0234375 0.09296875
4 0.8078125 0.2671875 0.02109375 0.028125
4 0.1671875 0.50703125 0.334375 0.4953125