4 0.475 0.2625 0.01015625 0.021875
4 0.5015625 0.2640625 0.00859375 0.021875
4 0.51640625 0.25859375 0.01484375 0.015625
4 0.4875 0.271875 0.0234375 0.0375
4 0.58203125 0.2625 0.04296875 0.071875
6 0.76875 0.21171875 0.1296875 0.1359375
4 0.634375 0.28515625 0.06328125 0.08046875
4 0.54375 0.2734375 0.0484375 0.08203125
4 0.440625 0.303125 0.0875 0.11953125
4 0.2328125 0.32265625 0.29765625 0.38203125
4 0.04296875 0.3546875 0.0859375 0.1609375
4 0.765625 0.31796875 0.16953125 0.1609375
4 0.9546875 0.2484375 0.06953125 0.071875
5 0.8765625 0.26640625 0.01953125 0.1109375
5 0.8578125 0.25078125 0.01484375 0.0765625
5 0.98671875 0.26328125 0.02421875 0.10703125
5 0.403125 0.26015625 0.01328125 0.04140625
5 0.3890625 0.26875 0.00859375 0.04140625