6 0.446875 0.3734375 0.0109375 0.02890625
4 0.4578125 0.38828125 0.01484375 0.0234375
4 0.4296875 0.3875 0.01875 0.028125
4 0.3140625 0.403125 0.0109375 0.0109375
4 0.3125 0.39140625 0.009375 0.0109375
4 0.3296875 0.40078125 0.015625 0.0109375
4 0.328125 0.3890625 0.00859375 0.0109375
4 0.34921875 0.39609375 0.01484375 0.009375
4 0.37421875 0.39140625 0.0078125 0.0109375
4 0.3640625 0.39140625 0.00859375 0.0109375
4 0.359375 0.38515625 0.00703125 0.0109375
4 0.4015625 0.3875 0.0078125 0.0109375
4 0.38203125 0.390625 0.0078125 0.009375
4 0.2875 0.403125 0.02265625 0.02109375
4 0.303125 0.403125 0.0140625 0.015625
4 0.2640625 0.4125 0.03125 0.02109375
4 0.2265625 0.40625 0.01640625 0.025
6 0.25234375 0.3890625 0.0328125 0.04453125
6 0.3703125 0.37890625 0.00859375 0.015625
5 0.5375 0.38515625 0.009375 0.05703125
4 0.209375 0.4203125 0.0359375 0.02890625
4 0.1109375 0.578125 0.221875 0.465625