4 0.13359375 0.53046875 0.2203125 0.13046875
4 0.27421875 0.48203125 0.0796875 0.09609375
6 0.5390625 0.4703125 0.01875 0.021875
6 0.5734375 0.475 0.02890625 0.028125
4 0.5359375 0.5078125 0.0203125 0.0640625
4 0.55625 0.503125 0.021875 0.04453125
4 0.578125 0.51484375 0.021875 0.046875
4 0.884375 0.4640625 0.21875 0.08359375
4 0.71015625 0.553125 0.2046875 0.1359375
4 0.3484375 0.48203125 0.07890625 0.09296875
4 0.85859375 0.54453125 0.2796875 0.1859375
5 0.18125 0.534375 0.0484375 0.146875
5 0.296875 0.49375 0.0265625 0.078125
5 0.375 0.48203125 0.025 0.075
5 0.6359375 0.51875 0.028125 0.04609375
5 0.6765625 0.50625 0.01953125 0.04609375