5 0.1265625 0.61328125 0.01953125 0.078125
5 0.5546875 0.62265625 0.04765625 0.109375
5 0.5375 0.6125 0.015625 0.0609375
4 0.246875 0.5875 0.01328125 0.02109375
4 0.23125 0.5859375 0.025 0.0234375
4 0.21640625 0.58984375 0.015625 0.03046875
4 0.20390625 0.59609375 0.03046875 0.04140625
4 0.1828125 0.603125 0.01953125 0.04140625
4 0.165625 0.60859375 0.02734375 0.0484375
4 0.13203125 0.61640625 0.05 0.05546875
4 0.31796875 0.5890625 0.015625 0.03359375
4 0.32578125 0.59609375 0.01875 0.0375
4 0.3484375 0.60390625 0.040625 0.05859375
6 0.409375 0.6296875 0.1078125 0.14296875
4 0.4828125 0.67578125 0.13671875 0.15
4 0.2609375 0.5859375 0.0171875 0.01796875
4 0.2765625 0.5859375 0.01171875 0.01796875
4 0.290625 0.58515625 0.01171875 0.02109375
4 0.30859375 0.58515625 0.01015625 0.0265625
4 0.928125 0.6609375 0.14375 0.15
4 0.7640625 0.803125 0.46796875 0.39140625