4 0.3484375 0.60390625 0.31875 0.465625
4 0.30859375 0.35 0.04375 0.05390625
5 0.05546875 0.3859375 0.0171875 0.090625
5 0.1515625 0.37421875 0.01640625 0.08359375
5 0.16875 0.37578125 0.01171875 0.0640625
5 0.21171875 0.371875 0.00859375 0.04609375
5 0.2 0.365625 0.009375 0.0390625
5 0.1078125 0.346875 0.009375 0.025
5 0.11796875 0.346875 0.00859375 0.03203125
5 0.128125 0.353125 0.0109375 0.0359375
5 0.496875 0.403125 0.0109375 0.04453125
5 0.71015625 0.42578125 0.0328125 0.1609375
4 0.06796875 0.384375 0.1328125 0.075
4 0.24375 0.38671875 0.0484375 0.053125
4 0.2796875 0.36484375 0.01875 0.021875
4 0.33125 0.35390625 0.0109375 0.0234375
6 0.3703125 0.3234375 0.06015625 0.115625
6 0.8671875 0.48046875 0.26484375 0.68046875
5 0.4734375 0.37890625 0.00703125 0.040625