5 0.4953125 0.42578125 0.00625 0.034375
5 0.51640625 0.42890625 0.00625 0.03359375
5 0.5109375 0.42734375 0.00625 0.028125
5 0.240625 0.42109375 0.01015625 0.03046875
5 0.2546875 0.41015625 0.00546875 0.01796875
5 0.25 0.41328125 0.009375 0.0234375
5 0.2328125 0.4171875 0.009375 0.0375
5 0.221875 0.4203125 0.01015625 0.03359375
4 0.3765625 0.40078125 0.01015625 0.0140625
4 0.36796875 0.409375 0.015625 0.0265625
4 0.3875 0.434375 0.025 0.0484375
6 0.3234375 0.4109375 0.03984375 0.03046875
4 0.3140625 0.446875 0.0171875 0.04453125
4 0.30625 0.45234375 0.01953125 0.05390625
4 0.35 0.4234375 0.03828125 0.034375
4 0.428125 0.484375 0.1015625 0.153125
4 0.265625 0.4515625 0.065625 0.0859375
4 0.13125 0.425 0.05703125 0.046875
4 0.1671875 0.471875 0.09765625 0.1265625
4 0.0625 0.50390625 0.125 0.2015625