5 0.8 0.5484375 0.02109375 0.09296875
5 0.765625 0.55234375 0.01875 0.0859375
5 0.58125 0.55625 0.01875 0.084375
5 0.5609375 0.5453125 0.0171875 0.0484375
4 0.39375 0.53984375 0.00625 0.01796875
4 0.3984375 0.54140625 0.01015625 0.028125
4 0.4390625 0.5515625 0.02265625 0.0375
4 0.4578125 0.5546875 0.03046875 0.040625
4 0.47734375 0.55703125 0.03125 0.0484375
4 0.5 0.56171875 0.0484375 0.05859375
4 0.278125 0.53984375 0.0421875 0.04140625
4 0.4078125 0.53984375 0.01875 0.03359375
6 0.3671875 0.5296875 0.01015625 0.0234375