4 0.50234375 0.646875 0.128125 0.2015625
4 0.35703125 0.62421875 0.10078125 0.08203125
4 0.6703125 0.65234375 0.10546875 0.1234375
4 0.8828125 0.640625 0.04921875 0.04453125
4 0.14296875 0.609375 0.1234375 0.07109375
4 0.2046875 0.603125 0.0375 0.0484375
4 0.2984375 0.615625 0.07734375 0.0625
4 0.421875 0.615625 0.0375 0.04453125
4 0.5640625 0.6265625 0.021875 0.05546875
4 0.8515625 0.63828125 0.03125 0.0390625
4 0.7765625 0.62578125 0.01796875 0.02890625
4 0.734375 0.62265625 0.01875 0.01953125
4 0.71796875 0.61875 0.01796875 0.01796875
4 0.6203125 0.615625 0.02890625 0.0234375
6 0.5609375 0.58125 0.02109375 0.0359375
4 0.978125 0.65625 0.04296875 0.04296875
4 0.92421875 0.64453125 0.05 0.0484375
4 0.7484375 0.6265625 0.01796875 0.0234375
5 0.7890625 0.6375 0.01640625 0.0625
5 0.271875 0.5953125 0.0078125 0.02109375
4 0.4453125 0.609375 0.0203125 0.02890625