5 0.43359375 0.425 0.01328125 0.05859375
6 0.478125 0.3921875 0.08046875 0.15
4 0.58828125 0.403125 0.01328125 0.02109375
4 0.6046875 0.4 0.01171875 0.025
4 0.64609375 0.39609375 0.01171875 0.0234375
4 0.6609375 0.396875 0.02265625 0.040625
4 0.68359375 0.3984375 0.034375 0.0640625
4 0.91953125 0.4109375 0.06484375 0.07890625
4 0.578125 0.4109375 0.03125 0.0734375
4 0.37421875 0.409375 0.04140625 0.07109375
4 0.2234375 0.33828125 0.221875 0.0515625
4 0.21875 0.546875 0.4375 0.44375
4 0.934375 0.546875 0.13046875 0.428125
4 0.96640625 0.3796875 0.06328125 0.1
4 0.528125 0.409375 0.0890625 0.15546875
4 0.625 0.409375 0.0375 0.05390625
4 0.728125 0.41875 0.0859375 0.10390625
4 0.8140625 0.396875 0.071875 0.1015625