4 0.521875 0.4046875 0.034375 0.03359375
4 0.49921875 0.40546875 0.03125 0.0484375
4 0.4734375 0.4078125 0.0390625 0.0484375
4 0.4375 0.396875 0.034375 0.040625
4 0.3984375 0.396875 0.0359375 0.03046875
4 0.41015625 0.415625 0.04609375 0.0484375
5 0.37890625 0.41484375 0.03125 0.06640625
4 0.353125 0.41875 0.0546875 0.0484375
4 0.2765625 0.42578125 0.06328125 0.05859375
5 0.2265625 0.42265625 0.0140625 0.05390625
5 0.215625 0.4171875 0.01171875 0.0484375
5 0.19375 0.428125 0.021875 0.0640625
4 0.0828125 0.44375 0.07890625 0.1125
4 0.009375 0.43671875 0.0171875 0.05390625
4 0.6984375 0.38203125 0.0171875 0.02109375
4 0.703125 0.390625 0.0203125 0.01953125
4 0.715625 0.409375 0.0328125 0.06953125
6 0.80625 0.39296875 0.1734375 0.30546875
5 0.9171875 0.41640625 0.01015625 0.05859375
5 0.90546875 0.41328125 0.015625 0.07109375
4 0.5875 0.3859375 0.0875 0.0515625
4 0.6296875 0.53828125 0.23359375 0.32109375
4 0.953125 0.48203125 0.09140625 0.30546875