4 0.4796875 0.653125 0.0140625 0.0234375
4 0.490625 0.65859375 0.0109375 0.01640625
4 0.4984375 0.6546875 0.009375 0.0265625
4 0.50625 0.659375 0.009375 0.034375
4 0.509375 0.659375 0.01171875 0.0359375
4 0.51640625 0.65546875 0.0140625 0.05703125
4 0.5296875 0.6640625 0.0265625 0.065625
4 0.5515625 0.66796875 0.04296875 0.075
4 0.6125 0.6828125 0.12421875 0.1625
4 0.409375 0.65546875 0.01328125 0.03203125
4 0.4015625 0.65625 0.01328125 0.0390625
4 0.39609375 0.659375 0.0078125 0.0390625
4 0.3921875 0.65625 0.01171875 0.04609375
4 0.3734375 0.659375 0.03515625 0.0640625
4 0.3640625 0.66484375 0.0234375 0.05859375
4 0.3296875 0.67109375 0.0609375 0.0765625
4 0.70078125 0.6609375 0.04140625 0.01640625
5 0.2171875 0.6421875 0.0203125 0.09453125
5 0.73203125 0.67578125 0.0265625 0.09609375
6 0.0234375 0.5515625 0.046875 0.478125