6 0.3953125 0.33046875 0.01875 0.04140625
5 0.140625 0.41953125 0.03515625 0.1234375
5 0.225 0.40078125 0.0234375 0.11796875
5 0.8265625 0.34921875 0.01640625 0.05703125
6 0.4703125 0.33671875 0.01875 0.05
4 0.37734375 0.34765625 0.015625 0.025
4 0.4234375 0.340625 0.01171875 0.028125
4 0.4140625 0.340625 0.01328125 0.025
4 0.7625 0.334375 0.02578125 0.025
4 0.77578125 0.3390625 0.015625 0.03046875
5 0.9375 0.3515625 0.0203125 0.0765625
5 0.51875 0.34375 0.0078125 0.02109375
5 0.5890625 0.34296875 0.01171875 0.04453125
4 0.40390625 0.346875 0.0171875 0.028125
4 0.45 0.33984375 0.01015625 0.01640625
4 0.4375 0.3390625 0.009375 0.02109375
4 0.9359375 0.64765625 0.12578125 0.378125