4 0.26640625 0.109375 0.0109375 0.01953125
6 0.240625 0.109375 0.01015625 0.0234375
6 0.29140625 0.1171875 0.00703125 0.01796875
6 0.27265625 0.1265625 0.0109375 0.01796875
6 0.3015625 0.1171875 0.00859375 0.01796875
6 0.3265625 0.11328125 0.015625 0.01796875
6 0.32578125 0.146875 0.0171875 0.03359375
4 0.3046875 0.16484375 0.01328125 0.03359375
4 0.32109375 0.1859375 0.021875 0.04140625
4 0.34375 0.18203125 0.01015625 0.0234375
4 0.3578125 0.1875 0.02421875 0.04453125
4 0.3828125 0.196875 0.0328125 0.05390625
4 0.3828125 0.21640625 0.02421875 0.0625
4 0.41875 0.2203125 0.0515625 0.09140625
4 0.28359375 0.1671875 0.01328125 0.03046875
4 0.27265625 0.16640625 0.01328125 0.0234375
4 0.2640625 0.1765625 0.02578125 0.0390625
4 0.25625 0.134375 0.01015625 0.021875
4 0.184375 0.15703125 0.0234375 0.01796875
4 0.15546875 0.16328125 0.0296875 0.021875
4 0.1265625 0.1765625 0.034375 0.03046875
4 0.0828125 0.178125 0.0265625 0.053125
4 0.05078125 0.1828125 0.0484375 0.05546875
4 0.01640625 0.2109375 0.0328125 0.14296875
5 0.1859375 0.165625 0.01015625 0.0265625
5 0.240625 0.15703125 0.00703125 0.01796875
5 0.2234375 0.12265625 0.00703125 0.01953125
4 0.5578125 0.15703125 0.0578125 0.04296875
4 0.49375 0.1703125 0.0625 0.034375
4 0.8421875 0.30703125 0.31328125 0.3265625