4 0.084375 0.565625 0.16484375 0.7109375
6 0.83125 0.4203125 0.3359375 0.62890625
6 0.675 0.45625 0.159375 0.2109375
6 0.57421875 0.471875 0.10078125 0.125
6 0.35390625 0.45546875 0.040625 0.09609375
4 0.4515625 0.49296875 0.07578125 0.109375
4 0.17421875 0.47109375 0.04453125 0.10390625
4 0.2140625 0.46640625 0.05859375 0.090625
4 0.140625 0.453125 0.0375 0.11640625
4 0.23359375 0.4515625 0.02890625 0.05390625
4 0.2515625 0.44375 0.009375 0.0390625
4 0.2609375 0.43828125 0.01171875 0.025
6 0.290625 0.43046875 0.0421875 0.09609375
5 0.2875 0.459375 0.01640625 0.05
4 0.3234375 0.440625 0.01796875 0.040625
4 0.4171875 0.45546875 0.0171875 0.01796875
4 0.41015625 0.453125 0.0140625 0.0265625
4 0.4 0.4453125 0.01640625 0.025
4 0.4953125 0.4796875 0.01640625 0.04140625