6 0.4390625 0.44765625 0.0390625 0.09140625
6 0.46484375 0.4515625 0.009375 0.05703125
6 0.54765625 0.43125 0.15625 0.315625
5 0.6453125 0.46171875 0.00703125 0.040625
5 0.634375 0.4765625 0.01484375 0.071875
5 0.8515625 0.47421875 0.0234375 0.14453125
5 0.88125 0.496875 0.0359375 0.1734375
5 0.9375 0.47890625 0.0234375 0.1609375
5 0.9484375 0.4921875 0.02421875 0.1875
5 0.96328125 0.5015625 0.02109375 0.1890625
5 0.9796875 0.5 0.034375 0.19609375
5 0.825 0.48359375 0.025 0.1140625
4 0.41484375 0.45078125 0.0109375 0.034375
4 0.309375 0.4796875 0.0328125 0.10703125
4 0.2265625 0.46796875 0.15390625 0.19453125
4 0.1234375 0.41953125 0.165625 0.19453125
4 0.1296875 0.5890625 0.259375 0.63046875
4 0.37109375 0.496875 0.11796875 0.20390625
4 0.721875 0.515625 0.17578125 0.1859375