4 0.53671875 0.40390625 0.01015625 0.02109375
4 0.54765625 0.4015625 0.01953125 0.0265625
4 0.559375 0.4109375 0.00546875 0.0265625
4 0.5671875 0.403125 0.0171875 0.0375
4 0.3875 0.41875 0.0234375 0.0375
6 0.2234375 0.44140625 0.0734375 0.09140625
4 0.1625 0.4671875 0.1015625 0.0859375
4 0.0515625 0.4859375 0.103125 0.1234375
4 0.51953125 0.4015625 0.01484375 0.02109375
4 0.5015625 0.403125 0.015625 0.028125
4 0.5859375 0.4046875 0.03828125 0.046875
4 0.3296875 0.44140625 0.1203125 0.153125
5 0.93359375 0.41171875 0.0265625 0.11953125