4 0.2265625 0.246875 0.03125 0.01953125
6 0.35078125 0.346875 0.01484375 0.0234375
6 0.365625 0.340625 0.01484375 0.0265625
4 0.35 0.359375 0.01484375 0.02109375
4 0.365625 0.3546875 0.0109375 0.01640625
4 0.340625 0.38203125 0.0171875 0.0265625
4 0.384375 0.38125 0.01875 0.028125
5 0.41015625 0.3703125 0.00859375 0.034375
4 0.3234375 0.39453125 0.03125 0.04453125
4 0.39609375 0.403125 0.03515625 0.04453125
4 0.103125 0.471875 0.19140625 0.19609375
4 0.33125 0.35625 0.009375 0.01640625
4 0.3234375 0.359375 0.00859375 0.015625