4 0.003125 0.39765625 0.00625 0.009375
4 0.0359375 0.4171875 0.071875 0.0484375
4 0.0875 0.4203125 0.02734375 0.03359375
4 0.2125 0.4203125 0.02421875 0.03046875
4 0.234375 0.421875 0.02265625 0.021875
4 0.253125 0.42265625 0.0328125 0.02109375
4 0.24375 0.39921875 0.0171875 0.01796875
4 0.2953125 0.41328125 0.0359375 0.03203125
6 0.3125 0.4046875 0.08671875 0.0484375
4 0.40078125 0.4109375 0.03125 0.03203125
4 0.453125 0.39921875 0.02265625 0.025
4 0.4359375 0.41015625 0.04765625 0.04609375
4 0.1546875 0.40234375 0.1046875 0.09453125
4 0.103125 0.396875 0.01796875 0.02890625
4 0.684375 0.40234375 0.01328125 0.01796875
4 0.671875 0.39921875 0.01015625 0.01640625
4 0.7546875 0.40625 0.0984375 0.06796875
4 0.77109375 0.41796875 0.11875 0.05703125
4 0.8140625 0.41953125 0.11875 0.1
4 0.92734375 0.41328125 0.14296875 0.14609375
5 0.9625 0.521875 0.071875 0.409375
4 0.6625 0.4015625 0.01640625 0.02109375
4 0.61171875 0.403125 0.0265625 0.0265625
4 0.6328125 0.403125 0.01328125 0.0125