4 0.12734375 0.67421875 0.2546875 0.384375
4 0.32890625 0.50078125 0.06171875 0.10390625
4 0.27734375 0.5234375 0.1046875 0.15546875
4 0.24375 0.56796875 0.140625 0.1984375
4 0.55703125 0.4609375 0.053125 0.07109375
4 0.4921875 0.4578125 0.028125 0.03359375
4 0.4671875 0.4546875 0.02734375 0.04296875
4 0.65 0.50078125 0.175 0.20703125
4 0.43828125 0.46171875 0.02890625 0.03046875
6 0.4125 0.446875 0.021875 0.05859375
4 0.9484375 0.40703125 0.0546875 0.040625
5 0.72109375 0.42109375 0.01875 0.065625
5 0.828125 0.3890625 0.00859375 0.028125
5 0.81875 0.39140625 0.00546875 0.028125
4 0.384375 0.4734375 0.02890625 0.046875