6 0.3578125 0.63359375 0.0125 0.02890625
4 0.36875 0.64609375 0.015625 0.01953125
4 0.2984375 0.640625 0.00859375 0.0140625
4 0.29375 0.64453125 0.009375 0.02109375
4 0.28203125 0.64609375 0.01484375 0.0265625
4 0.26328125 0.64453125 0.0234375 0.034375
5 0.08984375 0.65 0.0234375 0.065625
5 0.05859375 0.653125 0.01953125 0.06796875
5 0.028125 0.65390625 0.01875 0.05703125
5 0.009375 0.653125 0.015625 0.05859375
4 0.3875 0.6421875 0.015625 0.02890625
4 0.40078125 0.64296875 0.01328125 0.034375
4 0.4109375 0.64375 0.01953125 0.0359375
4 0.421875 0.6515625 0.028125 0.0375
4 0.44375 0.65390625 0.0265625 0.05390625
5 0.503125 0.6515625 0.01640625 0.0765625
4 0.471875 0.66015625 0.05078125 0.065625
4 0.5515625 0.653125 0.0390625 0.04140625
4 0.5875 0.64296875 0.0171875 0.04453125
4 0.615625 0.653125 0.05078125 0.05859375
4 0.6828125 0.6765625 0.1765625 0.10546875
4 0.9671875 0.6828125 0.06328125 0.1