4 0.4546875 0.61171875 0.01171875 0.0140625
4 0.44609375 0.61328125 0.0125 0.0234375
4 0.4328125 0.61796875 0.01875 0.0265625
4 0.41875 0.621875 0.02265625 0.0375
4 0.365625 0.63359375 0.00859375 0.0265625
4 0.371875 0.63203125 0.0078125 0.021875
4 0.35625 0.6359375 0.0203125 0.03046875
4 0.27109375 0.66328125 0.0390625 0.05703125
4 0.484375 0.60859375 0.00703125 0.01640625
4 0.49375 0.609375 0.015625 0.021875
4 0.5015625 0.6125 0.01328125 0.0265625
4 0.515625 0.6125 0.01875 0.04296875
4 0.5296875 0.60390625 0.02421875 0.05
4 0.5546875 0.609375 0.03984375 0.07109375
4 0.5859375 0.615625 0.0625 0.0765625
4 0.5984375 0.6234375 0.0515625 0.090625
4 0.6328125 0.6390625 0.0984375 0.1375
4 0.759375 0.63984375 0.2109375 0.259375
4 0.39296875 0.62890625 0.03671875 0.05859375
4 0.3171875 0.66015625 0.08359375 0.09296875
5 0.26171875 0.6578125 0.01875 0.0890625
6 0.18125 0.646875 0.12578125 0.15546875
4 0.13984375 0.73359375 0.16875 0.1765625
4 0.9046875 0.675 0.1875 0.328125
4 0.4671875 0.6109375 0.015625 0.01953125