4 0.525 0.371875 0.0234375 0.021875
4 0.4328125 0.3703125 0.015625 0.021875
4 0.45703125 0.371875 0.0125 0.01953125
4 0.44609375 0.3734375 0.01640625 0.02109375
4 0.365625 0.36171875 0.040625 0.034375
4 0.321875 0.36640625 0.03515625 0.040625
4 0.2640625 0.346875 0.021875 0.0484375
4 0.23984375 0.36171875 0.05 0.059375
4 0.090625 0.365625 0.090625 0.05
4 0.025 0.36640625 0.04921875 0.084375
4 0.5953125 0.3734375 0.0140625 0.021875
4 0.60625 0.3734375 0.01171875 0.021875
6 0.78515625 0.35703125 0.07265625 0.1
5 0.8359375 0.3765625 0.02109375 0.046875