4 0.8453125 0.703125 0.3046875 0.42890625
4 0.8421875 0.4375 0.00390625 0.021875
4 0.478125 0.58125 0.05234375 0.065625
4 0.1109375 0.58203125 0.17109375 0.209375
4 0.31875 0.60625 0.1890625 0.225
4 0.42109375 0.56328125 0.01484375 0.03046875
4 0.4015625 0.5640625 0.01875 0.025
4 0.4359375 0.56015625 0.0140625 0.02109375
5 0.6609375 0.58125 0.0265625 0.08203125
6 0.2359375 0.5390625 0.09453125 0.1234375
4 0.52890625 0.5578125 0.0265625 0.0390625
5 0.590625 0.56953125 0.01015625 0.05390625
6 0.48203125 0.54296875 0.03125 0.04140625