4 0.49296875 0.6046875 0.00546875 0.00546875
4 0.4984375 0.609375 0.0078125 0.00703125
4 0.5015625 0.61015625 0.01015625 0.00703125
4 0.5015625 0.61875 0.01171875 0.0109375
4 0.49375 0.6359375 0.015625 0.03046875
4 0.5984375 0.62109375 0.01484375 0.034375
4 0.6203125 0.6484375 0.0671875 0.06640625
4 0.703125 0.68046875 0.09140625 0.096875
4 0.73828125 0.6421875 0.046875 0.04140625
6 0.8109375 0.69296875 0.1625 0.15703125
4 0.88828125 0.64765625 0.06015625 0.05
4 0.925 0.740625 0.14921875 0.28046875
4 0.04453125 0.83046875 0.0875 0.325
4 0.4171875 0.70703125 0.1671875 0.2859375
4 0.146875 0.6625 0.1109375 0.128125
5 0.31796875 0.6328125 0.00703125 0.05
5 0.3015625 0.62578125 0.0125 0.0515625
5 0.27109375 0.6234375 0.00703125 0.025