5 0.6765625 0.5203125 0.0125 0.0609375
5 0.6859375 0.53671875 0.01640625 0.071875
5 0.6265625 0.54296875 0.02421875 0.0984375
4 0.390625 0.52890625 0.03515625 0.05546875
4 0.50390625 0.51796875 0.00625 0.02109375
4 0.5125 0.51640625 0.01171875 0.01796875
4 0.4953125 0.5203125 0.0125 0.021875
4 0.4859375 0.528125 0.02265625 0.08046875
4 0.1328125 0.59375 0.17890625 0.17109375
4 0.4421875 0.5375 0.08828125 0.134375
4 0.528125 0.52109375 0.01875 0.03359375
4 0.90703125 0.6171875 0.18515625 0.55
5 0.253125 0.55078125 0.0140625 0.0515625
6 0.33046875 0.521875 0.10625 0.16796875