5 0.69453125 0.5734375 0.0203125 0.09296875
5 0.82265625 0.584375 0.02734375 0.109375
5 0.8140625 0.58828125 0.0203125 0.09140625
6 0.94375 0.5171875 0.109375 0.3
4 0.9203125 0.621875 0.1015625 0.0765625
4 0.375 0.571875 0.08984375 0.065625
4 0.51875 0.5890625 0.0828125 0.0765625
4 0.4375 0.56640625 0.06328125 0.071875
4 0.471875 0.5640625 0.0359375 0.06796875
4 0.503125 0.5515625 0.034375 0.028125
4 0.56875 0.5671875 0.08203125 0.0890625
4 0.615625 0.58671875 0.01640625 0.04296875
4 0.6328125 0.5796875 0.034375 0.04296875
4 0.65390625 0.57265625 0.02890625 0.05
4 0.6796875 0.57265625 0.0265625 0.040625