5 0.9890625 0.7140625 0.01171875 0.0390625
5 0.99453125 0.7890625 0.00703125 0.0609375
5 0.95625 0.77109375 0.03359375 0.10390625
5 0.90859375 0.77265625 0.03359375 0.10546875
5 0.88203125 0.76484375 0.0234375 0.09453125
5 0.8453125 0.78203125 0.01640625 0.1265625
5 0.859375 0.78203125 0.0203125 0.11796875
5 0.828125 0.78359375 0.02421875 0.12109375
5 0.8140625 0.78359375 0.0125 0.103125
5 0.8015625 0.7234375 0.0140625 0.0390625
5 0.796875 0.76171875 0.0203125 0.06640625
5 0.7703125 0.784375 0.028125 0.08203125
5 0.74609375 0.77734375 0.021875 0.08359375
5 0.72265625 0.77265625 0.021875 0.078125
5 0.690625 0.79296875 0.02421875 0.1
5 0.45546875 0.79609375 0.0078125 0.05703125
5 0.4421875 0.80546875 0.0109375 0.0640625
5 0.4125 0.80859375 0.0109375 0.05546875
5 0.425 0.80703125 0.01328125 0.0640625
4 0.228125 0.809375 0.01875 0.0265625
4 0.3 0.79921875 0.01484375 0.028125
6 0.2515625 0.78984375 0.03125 0.053125
4 0.13515625 0.8140625 0.1203125 0.159375
4 0.3296875 0.828125 0.05703125 0.08203125
4 0.265625 0.8453125 0.07265625 0.1125
4 0.571875 0.840625 0.2421875 0.31640625
4 0.0734375 0.890625 0.146875 0.21796875