5 0.5703125 0.48515625 0.0171875 0.10703125
5 0.58984375 0.4875 0.02890625 0.0984375
4 0.3328125 0.6125 0.3078125 0.425
4 0.38203125 0.3984375 0.14609375 0.22890625
6 0.45625 0.4125 0.01171875 0.14140625
4 0.50546875 0.49453125 0.07890625 0.09609375
4 0.66328125 0.51796875 0.11015625 0.10390625
4 0.9578125 0.565625 0.08203125 0.13359375
4 0.90234375 0.56015625 0.115625 0.109375
4 0.8078125 0.54296875 0.07734375 0.09609375
4 0.7421875 0.509375 0.07734375 0.1109375
4 0.609375 0.4921875 0.04609375 0.071875
4 0.553125 0.478125 0.02578125 0.053125