4 0.5 0.50390625 0.01640625 0.0484375
4 0.459375 0.49140625 0.02265625 0.028125
4 0.47421875 0.515625 0.0421875 0.059375
4 0.41953125 0.52890625 0.0671875 0.09453125
4 0.5375 0.49921875 0.0609375 0.09453125
4 0.578125 0.49765625 0.01953125 0.040625
4 0.61640625 0.50546875 0.0578125 0.0890625
5 0.715625 0.496875 0.0265625 0.0640625
5 0.66953125 0.4921875 0.00859375 0.02890625
4 0.790625 0.49765625 0.06328125 0.0625
4 0.81875 0.49453125 0.05859375 0.059375
4 0.89609375 0.58515625 0.20703125 0.475
6 0.16171875 0.578125 0.3234375 0.64453125