4 0.51015625 0.48984375 0.0109375 0.0125
4 0.49609375 0.4875 0.009375 0.0125
4 0.4859375 0.49765625 0.015625 0.01953125
4 0.446875 0.5015625 0.02109375 0.0265625
6 0.525 0.484375 0.01171875 0.021875
4 0.53125 0.503125 0.01875 0.0265625
4 0.5625 0.5015625 0.0328125 0.0359375
4 0.409375 0.51484375 0.04375 0.05546875
4 0.33984375 0.51328125 0.03203125 0.0234375
4 0.309375 0.5140625 0.02734375 0.0265625
4 0.2953125 0.51328125 0.02890625 0.03046875
4 0.2765625 0.51015625 0.03046875 0.021875
4 0.2734375 0.52734375 0.01953125 0.0375
4 0.2375 0.5234375 0.046875 0.04453125
6 0.1734375 0.53046875 0.103125 0.05859375
5 0.628125 0.4875 0.009375 0.046875
5 0.621875 0.484375 0.00859375 0.05390625
4 0.70234375 0.50390625 0.08515625 0.1
4 0.759375 0.48125 0.0265625 0.05
4 0.7765625 0.47265625 0.028125 0.0515625
4 0.8203125 0.4765625 0.0390625 0.065625
4 0.84921875 0.475 0.06796875 0.06953125
4 0.90078125 0.4765625 0.11328125 0.07890625
4 0.9296875 0.478125 0.071875 0.0625
4 0.97109375 0.48125 0.05078125 0.075