5 0.96875 0.44609375 0.0421875 0.1515625
5 0.8625 0.440625 0.02109375 0.09609375
5 0.784375 0.43828125 0.01171875 0.04609375
5 0.6859375 0.46640625 0.00703125 0.04296875
5 0.72890625 0.45390625 0.0125 0.059375
4 0.36796875 0.5265625 0.0515625 0.06796875
4 0.4328125 0.51171875 0.021875 0.0390625
4 0.53671875 0.49140625 0.03046875 0.0375
4 0.56484375 0.4828125 0.02109375 0.03046875
6 0.4859375 0.478125 0.028125 0.06796875
4 0.51484375 0.4890625 0.01953125 0.03046875
4 0.5890625 0.47265625 0.01875 0.04140625
4 0.5671875 0.4625 0.01953125 0.01640625
6 0.5296875 0.465625 0.0140625 0.0140625
4 0.91796875 0.42734375 0.0359375 0.08203125