5 0.546875 0.53359375 0.0109375 0.04140625
5 0.534375 0.553125 0.0109375 0.0609375
4 0.0515625 0.60859375 0.10078125 0.1359375
4 0.05625 0.7328125 0.1125 0.34140625
4 0.0796875 0.57890625 0.01875 0.03203125
6 0.11875 0.559375 0.0328125 0.05
4 0.18046875 0.56953125 0.0109375 0.034375
4 0.19375 0.56484375 0.021875 0.034375
4 0.16640625 0.571875 0.03046875 0.034375
4 0.2015625 0.575 0.028125 0.0640625
4 0.2234375 0.58046875 0.034375 0.09140625
4 0.2890625 0.571875 0.10625 0.18359375
4 0.584375 0.565625 0.06171875 0.0859375
4 0.62734375 0.63046875 0.15234375 0.209375
4 0.8046875 0.671875 0.38671875 0.603125
4 0.13671875 0.5796875 0.03984375 0.0625
4 0.425 0.73359375 0.29453125 0.44609375