5 0.89375 0.36640625 0.0140625 0.04296875
5 0.8765625 0.3609375 0.01171875 0.04609375
5 0.86875 0.36875 0.009375 0.034375
5 0.86015625 0.36640625 0.009375 0.03046875
5 0.84921875 0.365625 0.0125 0.0375
5 0.79609375 0.390625 0.0140625 0.0859375
5 0.8140625 0.35625 0.01171875 0.046875
5 0.3609375 0.325 0.01015625 0.0390625
5 0.3671875 0.3265625 0.0125 0.05390625
5 0.3171875 0.32890625 0.01015625 0.034375
5 0.371875 0.34140625 0.0140625 0.0515625
5 0.3390625 0.33671875 0.009375 0.05390625
5 0.32578125 0.3390625 0.01171875 0.05859375
5 0.04375 0.33359375 0.02578125 0.0734375
5 0.0140625 0.3421875 0.021875 0.0890625
4 0.4765625 0.31171875 0.0125 0.025
4 0.4953125 0.321875 0.01875 0.034375
4 0.46328125 0.3203125 0.01171875 0.0375
4 0.41875 0.33984375 0.01875 0.0390625
4 0.39921875 0.34296875 0.03125 0.05859375
4 0.4390625 0.346875 0.03125 0.05859375
4 0.4734375 0.36953125 0.05 0.08203125
4 0.77421875 0.3734375 0.04375 0.078125
4 0.853125 0.428125 0.1125 0.1140625
4 0.94765625 0.41640625 0.10234375 0.24609375
4 0.7125 0.38828125 0.08359375 0.14609375
6 0.6265625 0.3390625 0.06875 0.115625
4 0.5421875 0.371875 0.0984375 0.18203125
4 0.265625 0.378125 0.08203125 0.121875
4 0.1453125 0.3875 0.20078125 0.190625
4 0.046875 0.4265625 0.090625 0.190625