5 0.33984375 0.46953125 0.07890625 0.1140625
5 0.33671875 0.471875 0.034375 0.11640625
5 0.65 0.42421875 0.0125 0.0765625
5 0.6796875 0.415625 0.009375 0.0515625
5 0.84140625 0.390625 0.0125 0.0265625
5 0.83125 0.384375 0.01171875 0.028125
5 0.821875 0.38828125 0.0078125 0.0234375
5 0.815625 0.390625 0.00703125 0.02890625
5 0.803125 0.403125 0.0140625 0.03359375
5 0.7046875 0.4140625 0.009375 0.05546875
5 0.696875 0.4125 0.01171875 0.05546875
5 0.6890625 0.4125 0.00703125 0.05546875
5 0.66015625 0.42265625 0.00703125 0.06953125
5 0.6671875 0.41640625 0.0078125 0.07109375
5 0.890625 0.38828125 0.01640625 0.03046875
4 0.85 0.48359375 0.15859375 0.1625
6 0.1875 0.4296875 0.0546875 0.07890625
5 0.4796875 0.42578125 0.0125 0.0609375
4 0.94375 0.475 0.10859375 0.284375
5 0.94375 0.38359375 0.02109375 0.0375