5 0.27265625 0.3796875 0.0234375 0.05
5 0.09296875 0.4046875 0.034375 0.134375
5 0.2 0.4 0.0296875 0.1140625
5 0.1640625 0.396875 0.03203125 0.12890625
5 0.125 0.40078125 0.04140625 0.134375
4 0.51875 0.37734375 0.009375 0.0140625
4 0.5171875 0.38828125 0.01015625 0.02109375
4 0.5375 0.37265625 0.0125 0.015625
4 0.5703125 0.36640625 0.01171875 0.02109375
4 0.584375 0.371875 0.01640625 0.021875
4 0.6 0.371875 0.025 0.03046875
4 0.6109375 0.3890625 0.01796875 0.0375
4 0.5265625 0.37578125 0.009375 0.01796875
4 0.50625 0.39609375 0.015625 0.025
4 0.5375 0.390625 0.0109375 0.01640625
4 0.55234375 0.3953125 0.01953125 0.025
4 0.52265625 0.3984375 0.0140625 0.0265625
4 0.634375 0.39140625 0.0484375 0.05546875
6 0.70625 0.34921875 0.07578125 0.203125
6 0.846875 0.3328125 0.2078125 0.31953125
6 0.484375 0.3703125 0.015625 0.0734375
6 0.4546875 0.36640625 0.04921875 0.090625
4 0.45625 0.390625 0.01953125 0.0625
4 0.4328125 0.396875 0.053125 0.075