4 0.9421875 0.54375 0.1125 0.134375
4 0.3703125 0.509375 0.02421875 0.04453125
4 0.38515625 0.509375 0.01015625 0.03359375
4 0.3546875 0.52109375 0.02109375 0.05
4 0.3328125 0.5140625 0.03828125 0.07890625
4 0.3296875 0.5265625 0.02890625 0.0640625
4 0.46875 0.50546875 0.01875 0.04140625
4 0.4828125 0.51015625 0.02734375 0.04296875
4 0.4953125 0.51796875 0.02734375 0.0609375
4 0.50859375 0.521875 0.040625 0.071875
6 0.428125 0.49296875 0.06484375 0.05703125
4 0.134375 0.5640625 0.23515625 0.20703125
4 0.54453125 0.53671875 0.0703125 0.109375
4 0.2921875 0.53125 0.07265625 0.0984375
4 0.5109375 0.5328125 0.01796875 0.0640625
5 0.409375 0.53125 0.02421875 0.109375