6 0.0296875 0.46015625 0.059375 0.0765625
5 0.08203125 0.478125 0.0078125 0.04140625
5 0.57265625 0.5140625 0.0203125 0.109375
5 0.5875 0.521875 0.01640625 0.09296875
5 0.60234375 0.52734375 0.0171875 0.10703125
5 0.659375 0.559375 0.03046875 0.171875
5 0.41875 0.465625 0.0078125 0.0515625
4 0.1375 0.48984375 0.07890625 0.09609375
4 0.259375 0.5078125 0.08515625 0.128125
4 0.1703125 0.45703125 0.03203125 0.0359375
4 0.20703125 0.446875 0.028125 0.028125
4 0.2765625 0.440625 0.0109375 0.0140625
4 0.28125 0.434375 0.01171875 0.01640625
4 0.303125 0.44765625 0.01640625 0.02890625
4 0.4921875 0.490625 0.025 0.0515625
4 0.471875 0.4796875 0.04453125 0.04140625