5 0.06875 0.534375 0.03515625 0.14609375
5 0.0171875 0.509375 0.0234375 0.1
5 0.2015625 0.51796875 0.01640625 0.090625
5 0.771875 0.51015625 0.0203125 0.07109375
5 0.86875 0.496875 0.028125 0.09296875
4 0.45625 0.56328125 0.18828125 0.25703125
4 0.35859375 0.528125 0.071875 0.125
4 0.59140625 0.51796875 0.10859375 0.134375
4 0.5375 0.4875 0.0265625 0.04296875
4 0.253125 0.51640625 0.0828125 0.096875
6 0.35234375 0.45859375 0.10078125 0.23046875
6 0.28203125 0.48125 0.04765625 0.109375
5 0.89375 0.4796875 0.0171875 0.0625
5 0.91328125 0.4765625 0.02890625 0.034375