5 0.609375 0.56171875 0.01171875 0.04609375
5 0.578125 0.56484375 0.01484375 0.03203125
4 0.4953125 0.54609375 0.0078125 0.0140625
4 0.50625 0.546875 0.009375 0.01640625
4 0.503125 0.55546875 0.009375 0.01796875
4 0.49609375 0.55546875 0.01015625 0.015625
4 0.478125 0.54765625 0.0078125 0.009375
4 0.47890625 0.55390625 0.00703125 0.0125
4 0.484375 0.55703125 0.01171875 0.01796875
4 0.47109375 0.55390625 0.01015625 0.01796875
4 0.4640625 0.5546875 0.0109375 0.01640625
4 0.4546875 0.55625 0.01171875 0.01953125
4 0.5140625 0.56015625 0.0125 0.0125
4 0.40625 0.54375 0.02265625 0.02109375
4 0.134375 0.55546875 0.028125 0.025
4 0.07265625 0.56953125 0.03203125 0.0484375
4 0.103125 0.56875 0.0671875 0.059375
4 0.1796875 0.578125 0.1140625 0.11953125
4 0.28203125 0.584375 0.13828125 0.14296875
4 0.3921875 0.5734375 0.05390625 0.0609375
4 0.6765625 0.55390625 0.01484375 0.021875
4 0.690625 0.55390625 0.015625 0.021875
4 0.70234375 0.5546875 0.00859375 0.025
4 0.734375 0.5484375 0.059375 0.0359375
4 0.7625 0.55625 0.04140625 0.03046875
4 0.8203125 0.56015625 0.090625 0.071875
4 0.8953125 0.62265625 0.20703125 0.3515625
6 0.034375 0.546875 0.06875 0.140625