4 0.0078125 0.51015625 0.01484375 0.0984375
4 0.07265625 0.47890625 0.1390625 0.13359375
6 0.2015625 0.446875 0.13828125 0.1234375
4 0.296875 0.41328125 0.01953125 0.0265625
4 0.303125 0.40859375 0.0359375 0.0359375
4 0.096875 0.403125 0.0171875 0.0359375
4 0.1171875 0.40859375 0.01875 0.046875
4 0.146875 0.40234375 0.0171875 0.0515625
4 0.3265625 0.41015625 0.0125 0.0375
5 0.715625 0.446875 0.01953125 0.0765625
5 0.7328125 0.4328125 0.01953125 0.06796875
4 0.8109375 0.4796875 0.17421875 0.196875
4 0.5484375 0.42890625 0.05390625 0.084375
4 0.35390625 0.42578125 0.06015625 0.0640625
4 0.425 0.41328125 0.0265625 0.040625
4 0.4703125 0.41015625 0.0234375 0.028125
4 0.49921875 0.40234375 0.01328125 0.01640625
4 0.67421875 0.44296875 0.06171875 0.0890625
4 0.6421875 0.440625 0.0203125 0.0484375
4 0.634375 0.4265625 0.03828125 0.05546875
4 0.61953125 0.41953125 0.028125 0.05546875
4 0.59453125 0.41171875 0.025 0.0359375
4 0.5796875 0.4125 0.01171875 0.028125
4 0.57421875 0.41015625 0.015625 0.01640625
4 0.50234375 0.396875 0.01484375 0.02109375
4 0.4359375 0.40546875 0.0171875 0.04140625
4 0.4484375 0.409375 0.0109375 0.03359375