5 0.67890625 0.484375 0.0296875 0.11953125
4 0.24296875 0.50859375 0.14921875 0.1609375
4 0.55546875 0.4625 0.00625 0.01796875
4 0.53203125 0.46875 0.0109375 0.02109375
4 0.521875 0.46796875 0.009375 0.025
4 0.51171875 0.465625 0.0171875 0.034375
4 0.5078125 0.471875 0.00859375 0.028125
4 0.48046875 0.471875 0.028125 0.04296875
4 0.4734375 0.475 0.01796875 0.046875
4 0.45546875 0.4734375 0.0359375 0.0625
4 0.54453125 0.4640625 0.01796875 0.034375
4 0.5765625 0.47421875 0.0421875 0.06640625
6 0.3703125 0.459375 0.15234375 0.215625
5 0.16171875 0.48984375 0.021875 0.12109375