5 0.8390625 0.46484375 0.00625 0.04140625
5 0.8328125 0.46640625 0.00625 0.04453125
5 0.8234375 0.4640625 0.0078125 0.0390625
4 0.57421875 0.44453125 0.009375 0.01640625
4 0.625 0.44765625 0.00859375 0.0140625
4 0.53828125 0.45390625 0.0140625 0.015625
4 0.50703125 0.45546875 0.01640625 0.02109375
4 0.4140625 0.46015625 0.0375 0.04296875
4 0.3734375 0.471875 0.05078125 0.04453125
4 0.70703125 0.46171875 0.01640625 0.025
4 0.653125 0.45390625 0.01875 0.025
6 0.6921875 0.4421875 0.01875 0.03203125
6 0.7765625 0.45625 0.06328125 0.07890625