4 0.246875 0.3859375 0.05859375 0.05
4 0.0328125 0.4875 0.06484375 0.1984375
4 0.96875 0.37109375 0.0609375 0.05859375
4 0.503125 0.28984375 0.0078125 0.0140625
4 0.4953125 0.296875 0.00703125 0.0140625
4 0.490625 0.30859375 0.01484375 0.0125
4 0.478125 0.31484375 0.01015625 0.02109375
4 0.471875 0.32109375 0.01328125 0.01953125
4 0.4671875 0.334375 0.01640625 0.025
6 0.490625 0.31953125 0.01484375 0.0265625
4 0.475 0.36015625 0.02421875 0.03359375
4 0.5234375 0.39296875 0.03515625 0.05
4 0.4375 0.3765625 0.04765625 0.04453125
4 0.33984375 0.41015625 0.0703125 0.0734375
4 0.65703125 0.39453125 0.05546875 0.0625
4 0.5765625 0.36640625 0.0234375 0.03203125
4 0.7734375 0.41484375 0.1125 0.1390625
4 0.7078125 0.41015625 0.05 0.0875
4 0.4265625 0.3546875 0.02109375 0.01640625
4 0.515625 0.371875 0.02578125 0.02109375
4 0.54140625 0.35859375 0.02734375 0.04140625
4 0.5765625 0.31171875 0.01015625 0.0234375
4 0.5859375 0.3234375 0.01484375 0.02109375
4 0.59375 0.34609375 0.025 0.0265625
4 0.909375 0.378125 0.075 0.06796875
4 0.5328125 0.2828125 0.009375 0.0109375
5 0.55078125 0.303125 0.00625 0.01640625
5 0.5375 0.29609375 0.00390625 0.01640625
5 0.3859375 0.34765625 0.0078125 0.0265625
4 0.12734375 0.3921875 0.084375 0.05546875