5 0.50859375 0.4671875 0.021875 0.11796875
4 0.79375 0.4828125 0.08671875 0.075
6 0.59765625 0.4375 0.078125 0.05859375
4 0.4765625 0.453125 0.0171875 0.034375
4 0.4625 0.44609375 0.01953125 0.0359375
4 0.4171875 0.453125 0.04609375 0.03046875
4 0.25390625 0.44140625 0.01796875 0.025
4 0.2734375 0.4453125 0.03125 0.03359375
4 0.19140625 0.44140625 0.0078125 0.02109375
4 0.1703125 0.4359375 0.0296875 0.025
4 0.3328125 0.44921875 0.0171875 0.021875
4 0.2171875 0.4453125 0.05078125 0.0734375
4 0.9546875 0.503125 0.08828125 0.09609375