4 0.58515625 0.7671875 0.03125 0.05390625
4 0.521875 0.77734375 0.01875 0.04296875
4 0.54140625 0.778125 0.03046875 0.05390625
4 0.4265625 0.76328125 0.01640625 0.0375
6 0.3875 0.77890625 0.0703125 0.11796875
4 0.571875 0.78984375 0.05390625 0.06796875
4 0.70703125 0.83515625 0.1578125 0.171875
4 0.46875 0.8234375 0.11484375 0.19609375
5 0.51875 0.784375 0.01171875 0.05390625
5 0.35 0.778125 0.009375 0.05
5 0.3421875 0.77890625 0.00703125 0.0515625
5 0.334375 0.778125 0.009375 0.075
5 0.32734375 0.78828125 0.0140625 0.07109375
5 0.6359375 0.775 0.0078125 0.046875
5 0.621875 0.771875 0.009375 0.05859375
5 0.6046875 0.771875 0.0078125 0.04609375
5 0.73515625 0.74765625 0.0125 0.021875