4 0.51171875 0.43984375 0.00546875 0.01796875
4 0.509375 0.43828125 0.00859375 0.0234375
4 0.5 0.44140625 0.01171875 0.0265625
4 0.496875 0.44609375 0.0109375 0.0265625
4 0.4890625 0.44609375 0.01328125 0.034375
4 0.4796875 0.44921875 0.01953125 0.0390625
4 0.475 0.45546875 0.0140625 0.04140625
4 0.4546875 0.4640625 0.0140625 0.0515625
4 0.43203125 0.4671875 0.05078125 0.084375
4 0.4109375 0.4859375 0.05546875 0.08046875
4 0.540625 0.43515625 0.01171875 0.01953125
4 0.546875 0.44296875 0.01328125 0.02890625
4 0.55390625 0.44609375 0.01015625 0.0390625
4 0.559375 0.45078125 0.0140625 0.05
4 0.56796875 0.4546875 0.01796875 0.0515625
4 0.571875 0.46328125 0.009375 0.05390625
4 0.584375 0.46328125 0.0234375 0.065625
4 0.6 0.47109375 0.03359375 0.09296875
4 0.3796875 0.50546875 0.08984375 0.09609375
4 0.521875 0.44375 0.01953125 0.03046875
6 0.64375 0.48828125 0.1 0.13359375
5 0.46875 0.47109375 0.0140625 0.0859375
5 0.7015625 0.4640625 0.01796875 0.09296875