4 0.49921875 0.43828125 0.0078125 0.01640625
4 0.49140625 0.43671875 0.009375 0.0140625
4 0.5265625 0.45078125 0.009375 0.02890625
4 0.509375 0.4515625 0.0265625 0.0265625
6 0.559375 0.4359375 0.0640625 0.1
4 0.41875 0.4578125 0.040625 0.05390625
4 0.47578125 0.434375 0.009375 0.01796875
4 0.603125 0.465625 0.0609375 0.10390625
5 0.6515625 0.4875 0.01640625 0.05859375
5 0.6671875 0.490625 0.0125 0.05859375
5 0.7890625 0.5078125 0.01875 0.0875
5 0.80546875 0.51015625 0.01640625 0.084375
5 0.84921875 0.57265625 0.0546875 0.1515625
5 0.909375 0.54375 0.0265625 0.1140625
5 0.934375 0.5265625 0.0234375 0.10390625
5 0.96875 0.53515625 0.02109375 0.134375
5 0.959375 0.55234375 0.03984375 0.171875
5 0.759375 0.4734375 0.0125 0.05859375
5 0.74765625 0.484375 0.01171875 0.05859375