5 0.446875 0.521875 0.009375 0.05
5 0.440625 0.521875 0.0109375 0.0484375
5 0.43125 0.52578125 0.0140625 0.08203125
5 0.8234375 0.55390625 0.015625 0.0640625
5 0.63125 0.53203125 0.01015625 0.04296875
4 0.5671875 0.51796875 0.009375 0.025
4 0.6015625 0.5125 0.00859375 0.009375
4 0.6109375 0.521875 0.01484375 0.01953125
4 0.5953125 0.521875 0.0140625 0.01953125
6 0.3671875 0.496875 0.1171875 0.165625
6 0.6765625 0.52109375 0.046875 0.08203125
6 0.5140625 0.509375 0.0375 0.0734375
4 0.26015625 0.521875 0.17421875 0.19453125
5 0.5859375 0.52421875 0.01171875 0.0390625
4 0.5796875 0.521875 0.02265625 0.04296875
4 0.5453125 0.515625 0.0203125 0.03359375
4 0.48359375 0.52578125 0.03125 0.04609375
5 0.5546875 0.521875 0.009375 0.0265625
4 0.13984375 0.5796875 0.2796875 0.2484375
6 0.89140625 0.5453125 0.0484375 0.071875
5 0.9515625 0.5671875 0.02109375 0.1