4 0.4640625 0.5625 0.02421875 0.03203125
4 0.4359375 0.571875 0.01640625 0.0515625
4 0.4125 0.57265625 0.0515625 0.065625
4 0.3171875 0.6015625 0.0515625 0.09296875
4 0.2125 0.61015625 0.17421875 0.196875
6 0.5359375 0.54296875 0.01875 0.04296875
4 0.5515625 0.565625 0.01796875 0.03203125
4 0.6953125 0.5796875 0.021875 0.04453125
4 0.68203125 0.57890625 0.01640625 0.05546875
4 0.725 0.59765625 0.0671875 0.0890625
6 0.6390625 0.54453125 0.0765625 0.140625
6 0.50703125 0.53828125 0.01875 0.01640625
4 0.50625 0.59453125 0.0671875 0.10390625
4 0.0828125 0.65546875 0.16484375 0.29140625
4 0.60625 0.6171875 0.12578125 0.184375
4 0.36953125 0.61328125 0.090625 0.125
5 0.825 0.56875 0.01171875 0.0484375
4 0.78125 0.61171875 0.10390625 0.109375
4 0.9140625 0.6609375 0.16875 0.19453125