4 0.41953125 0.25390625 0.01171875 0.01796875
4 0.434375 0.25546875 0.0125 0.01640625
4 0.4484375 0.2578125 0.01015625 0.01640625
4 0.4578125 0.25859375 0.01640625 0.0140625
4 0.47265625 0.25390625 0.01484375 0.021875
4 0.48125 0.25859375 0.01953125 0.01796875
4 0.49765625 0.2640625 0.02578125 0.05
4 0.515625 0.26640625 0.02890625 0.0640625
4 0.5390625 0.27109375 0.04765625 0.084375
4 0.5859375 0.296875 0.084375 0.1
4 0.71171875 0.33046875 0.1734375 0.1875
4 0.87109375 0.38515625 0.25390625 0.409375
4 0.40234375 0.253125 0.02421875 0.03046875
4 0.3890625 0.259375 0.021875 0.05
4 0.36875 0.265625 0.04296875 0.0515625
4 0.34609375 0.278125 0.0359375 0.075
4 0.3203125 0.2796875 0.0515625 0.08359375
4 0.29375 0.29453125 0.0546875 0.1
4 0.21484375 0.2984375 0.1578125 0.1875
5 0.5796875 0.290625 0.0515625 0.21640625
6 0.4859375 0.17109375 0.0046875 0.01640625