5 0.3 0.2546875 0.01484375 0.084375
5 0.3375 0.265625 0.00703125 0.059375
5 0.3296875 0.265625 0.0140625 0.071875
5 0.43125 0.26796875 0.0078125 0.05
4 0.4453125 0.26796875 0.01484375 0.05
4 0.4609375 0.26875 0.03046875 0.0515625
4 0.4953125 0.27734375 0.05 0.0890625
4 0.58125 0.27890625 0.13203125 0.1890625
6 0.39609375 0.25234375 0.0703125 0.121875
5 0.69375 0.278125 0.02109375 0.09140625
5 0.7984375 0.23359375 0.02109375 0.0515625
5 0.946875 0.30078125 0.0421875 0.171875
5 0.9125 0.271875 0.02890625 0.14140625
4 0.1828125 0.31171875 0.0515625 0.084375