6 0.3703125 0.42890625 0.0421875 0.078125
4 0.346875 0.40703125 0.01640625 0.025
4 0.3265625 0.4140625 0.0203125 0.0265625
4 0.34140625 0.43046875 0.01953125 0.03046875
4 0.31328125 0.42890625 0.0296875 0.040625
4 0.4125 0.43984375 0.0546875 0.10546875
4 0.4234375 0.453125 0.059375 0.09140625
4 0.42734375 0.45546875 0.065625 0.0734375
4 0.43515625 0.4609375 0.04453125 0.0875
4 0.46640625 0.4703125 0.06328125 0.1015625
4 0.5234375 0.4765625 0.0953125 0.18359375
4 0.3109375 0.440625 0.02734375 0.04296875
4 0.25625 0.44765625 0.0296875 0.053125
5 0.259375 0.43984375 0.01484375 0.065625
5 0.2453125 0.44765625 0.0125 0.053125