5 0.7453125 0.4015625 0.02109375 0.0984375
5 0.6859375 0.43046875 0.015625 0.04453125
5 0.54375 0.43203125 0.0171875 0.09296875
5 0.67578125 0.41015625 0.01484375 0.07890625
5 0.65078125 0.41328125 0.025 0.07890625
4 0.1203125 0.434375 0.02265625 0.04140625
4 0.1375 0.440625 0.0328125 0.046875
4 0.16484375 0.434375 0.03671875 0.046875
4 0.19375 0.4375 0.040625 0.05859375
4 0.234375 0.44375 0.06171875 0.075
6 0.5265625 0.41171875 0.11875 0.1015625
5 0.3109375 0.434375 0.01484375 0.07109375
5 0.2703125 0.428125 0.01328125 0.05390625