4 0.38984375 0.534375 0.015625 0.0140625
4 0.3875 0.55078125 0.0234375 0.015625
4 0.37265625 0.55859375 0.0171875 0.03046875
4 0.403125 0.55859375 0.0421875 0.03359375
4 0.4203125 0.58046875 0.03125 0.046875
4 0.44453125 0.56328125 0.02109375 0.0890625
4 0.340625 0.57109375 0.06484375 0.0484375
4 0.221875 0.596875 0.03359375 0.0515625
4 0.19921875 0.596875 0.0203125 0.034375
4 0.1671875 0.5890625 0.02421875 0.025
4 0.453125 0.5578125 0.015625 0.090625
4 0.4765625 0.559375 0.0359375 0.09453125
4 0.5234375 0.55625 0.10078125 0.103125
4 0.5984375 0.54765625 0.115625 0.13046875
4 0.7390625 0.53203125 0.21640625 0.16953125
4 0.9515625 0.496875 0.06328125 0.06796875
4 0.1203125 0.5890625 0.009375 0.015625
4 0.1125 0.58828125 0.0078125 0.0140625
4 0.10625 0.596875 0.01640625 0.01953125
6 0.278125 0.56328125 0.059375 0.05546875
4 0.26640625 0.6078125 0.078125 0.1140625
4 0.0375 0.609375 0.04609375 0.059375
4 0.1 0.60625 0.01796875 0.021875
4 0.9875 0.48984375 0.0234375 0.0765625
5 0.1546875 0.58984375 0.00390625 0.01953125
4 0.0078125 0.61796875 0.01484375 0.040625