5 0.01875 0.53515625 0.0203125 0.0734375
5 0.0546875 0.5359375 0.0234375 0.07109375
5 0.10703125 0.540625 0.01484375 0.0515625
5 0.5453125 0.534375 0.0046875 0.02890625
5 0.559375 0.5328125 0.00625 0.02890625
5 0.57578125 0.53203125 0.00703125 0.03046875
5 0.58828125 0.53125 0.00625 0.02890625
5 0.6046875 0.534375 0.00703125 0.0265625
5 0.5640625 0.5328125 0.00625 0.0359375
5 0.571875 0.5359375 0.0078125 0.03203125
6 0.87421875 0.528125 0.25 0.603125
4 0.184375 0.546875 0.06640625 0.0515625
4 0.3546875 0.540625 0.03515625 0.025
4 0.459375 0.5375 0.01171875 0.01953125
4 0.4765625 0.540625 0.0109375 0.01796875
4 0.490625 0.5375 0.01171875 0.01953125
4 0.509375 0.5359375 0.0109375 0.01796875
4 0.49921875 0.53515625 0.009375 0.0125