4 0.49375 0.33125 0.01484375 0.028125
4 0.5046875 0.33125 0.0234375 0.046875
4 0.50859375 0.340625 0.0171875 0.04140625
4 0.7421875 0.35390625 0.07265625 0.0609375
4 0.75546875 0.36953125 0.02109375 0.0265625
4 0.06953125 0.35390625 0.0671875 0.075
4 0.3796875 0.33203125 0.015625 0.034375
4 0.36875 0.33359375 0.02265625 0.046875
6 0.421875 0.31328125 0.01875 0.034375
4 0.4109375 0.3265625 0.015625 0.01796875
4 0.33984375 0.33671875 0.04375 0.06796875
4 0.5296875 0.34375 0.03984375 0.0640625
4 0.6515625 0.384375 0.11484375 0.140625
4 0.16875 0.34375 0.159375 0.20390625
6 0.4703125 0.3125 0.034375 0.07890625
4 0.440625 0.3125 0.01015625 0.0234375
5 0.01015625 0.30625 0.01171875 0.02109375
4 0.0234375 0.42890625 0.04609375 0.1734375
4 0.86484375 0.434375 0.26875 0.375