5 0.215625 0.38515625 0.00859375 0.040625
4 0.16328125 0.3984375 0.065625 0.07890625
4 0.0765625 0.42265625 0.11015625 0.1109375
4 0.24921875 0.39453125 0.04765625 0.053125
4 0.3140625 0.3890625 0.04765625 0.05546875
6 0.36875 0.3609375 0.03828125 0.08046875
4 0.39296875 0.36484375 0.01953125 0.028125
5 0.503125 0.3671875 0.02890625 0.11953125
5 0.55625 0.38359375 0.02890625 0.13046875
5 0.64375 0.37734375 0.03515625 0.1765625
5 0.66875 0.3734375 0.03515625 0.1484375
5 0.70625 0.353125 0.040625 0.16796875
6 0.5890625 0.1234375 0.01640625 0.07890625
4 0.98515625 0.39140625 0.0296875 0.2796875
6 0.025 0.3890625 0.05 0.1375
5 0.42109375 0.3625 0.009375 0.040625