4 0.45703125 0.43984375 0.01171875 0.015625
4 0.5171875 0.4234375 0.01328125 0.0109375
4 0.51875 0.44453125 0.01953125 0.0265625
4 0.81640625 0.459375 0.0890625 0.08203125
4 0.89609375 0.47890625 0.11796875 0.09609375
4 0.5015625 0.42890625 0.01171875 0.02109375
4 0.475 0.44453125 0.0265625 0.0375
4 0.6671875 0.484375 0.13125 0.13203125
6 0.565625 0.41328125 0.08203125 0.15859375
4 0.4390625 0.44453125 0.02109375 0.0265625
5 0.1796875 0.4671875 0.01328125 0.07109375
5 0.0078125 0.49375 0.015625 0.140625
5 0.75625 0.45390625 0.01015625 0.0609375
5 0.1625 0.46328125 0.01796875 0.1
4 0.91171875 0.609375 0.17265625 0.41796875