4 0.40859375 0.453125 0.0125 0.03046875
4 0.396875 0.45703125 0.01328125 0.034375
4 0.5203125 0.44375 0.009375 0.0125
4 0.5078125 0.4421875 0.0125 0.0265625
4 0.4984375 0.4390625 0.0125 0.01796875
4 0.5015625 0.45078125 0.0171875 0.02109375
4 0.534375 0.4484375 0.025 0.034375
4 0.4796875 0.453125 0.0296875 0.040625
6 0.3375 0.40234375 0.10234375 0.1890625
4 0.35703125 0.50078125 0.09296875 0.275
4 0.18203125 0.52109375 0.3640625 0.64140625
4 0.91640625 0.453125 0.15625 0.171875
5 0.9765625 0.503125 0.04375 0.315625
5 0.6984375 0.4625 0.01875 0.10390625