4 0.4078125 0.371875 0.00625 0.01796875
4 0.39140625 0.37578125 0.0109375 0.0140625
4 0.390625 0.38671875 0.0078125 0.00859375
4 0.38125 0.3859375 0.0046875 0.0140625
4 0.40625 0.3859375 0.01484375 0.01796875
4 0.42421875 0.38671875 0.01796875 0.01953125
4 0.30625 0.3859375 0.0078125 0.0359375
4 0.296875 0.38671875 0.0140625 0.0265625
4 0.2765625 0.38828125 0.025 0.02890625
6 0.2265625 0.37421875 0.05625 0.06640625
5 0.2640625 0.38359375 0.00703125 0.03046875
6 0.4703125 0.3328125 0.06953125 0.12890625
4 0.47265625 0.42734375 0.096875 0.1609375
4 0.346875 0.390625 0.0734375 0.1015625
4 0.60234375 0.38984375 0.03046875 0.02890625
5 0.7046875 0.3984375 0.01484375 0.05390625
4 0.9890625 0.44140625 0.0203125 0.08203125