5 0.834375 0.11640625 0.05 0.03046875
5 0.91875 0.38828125 0.0359375 0.115625
5 0.69375 0.49609375 0.0859375 0.4015625
5 0.36875 0.5328125 0.11328125 0.5484375
5 0.2171875 0.41875 0.02890625 0.10546875
5 0.14375 0.415625 0.0328125 0.10859375
5 0.0859375 0.40625 0.04453125 0.13046875
5 0.053125 0.41328125 0.01953125 0.103125
5 0.01875 0.4046875 0.02265625 0.11953125
5 0.8734375 0.40234375 0.0421875 0.109375
5 0.8828125 0.39296875 0.02265625 0.11953125
5 0.6640625 0.42578125 0.02734375 0.12890625
5 0.94375 0.37265625 0.01875 0.09296875
5 0.93125 0.3671875 0.01015625 0.05859375
5 0.8578125 0.37578125 0.009375 0.046875
5 0.8234375 0.3765625 0.00625 0.0484375
5 0.8171875 0.38125 0.009375 0.05390625
5 0.8484375 0.371875 0.01328125 0.04453125
5 0.19921875 0.390625 0.01328125 0.078125
5 0.121875 0.41171875 0.0234375 0.1015625
5 0.096875 0.40703125 0.01953125 0.109375
5 0.071875 0.41328125 0.01484375 0.103125
5 0.0078125 0.40859375 0.01484375 0.11640625
4 0.7453125 0.37421875 0.02265625 0.034375
4 0.725 0.378125 0.025 0.0515625
4 0.64140625 0.3984375 0.06953125 0.09296875
4 0.44375 0.4140625 0.0671875 0.09609375
6 0.665625 0.33671875 0.05234375 0.0640625
6 0.5625 0.3625 0.09375 0.13359375
6 0.4421875 0.3828125 0.0828125 0.140625
4 0.521875 0.4171875 0.12109375 0.1125