5 0.7 0.4796875 0.01328125 0.065625
5 0.72578125 0.490625 0.01875 0.07109375
5 0.740625 0.49609375 0.0125 0.06953125
5 0.6390625 0.46953125 0.0109375 0.0484375
5 0.6234375 0.47109375 0.01171875 0.046875
5 0.18046875 0.3765625 0.009375 0.028125
5 0.115625 0.359375 0.0078125 0.0140625
5 0.13125 0.3625 0.009375 0.0140625
5 0.10234375 0.35703125 0.009375 0.0140625
5 0.2 0.40234375 0.009375 0.05546875
5 0.190625 0.38984375 0.0078125 0.04140625
5 0.22578125 0.4 0.00703125 0.0484375
5 0.23359375 0.40859375 0.00703125 0.046875
4 0.02734375 0.4484375 0.05078125 0.16640625
4 0.0828125 0.434375 0.12734375 0.128125
4 0.14921875 0.42421875 0.0953125 0.1140625
4 0.4984375 0.46953125 0.06953125 0.0859375
4 0.4265625 0.43125 0.02421875 0.034375
4 0.2984375 0.4140625 0.0328125 0.0375
4 0.38125 0.4171875 0.015625 0.01640625
4 0.31875 0.4140625 0.0125 0.034375
4 0.328125 0.4125 0.009375 0.028125
4 0.3390625 0.4125 0.0125 0.028125
4 0.35546875 0.41328125 0.01875 0.021875
5 0.2515625 0.39765625 0.0078125 0.040625
5 0.24140625 0.4 0.00859375 0.04453125
4 0.3921875 0.4125 0.00859375 0.0140625
6 0.41328125 0.4046875 0.02109375 0.0265625
6 0.4390625 0.415625 0.03203125 0.0515625
4 0.54375 0.453125 0.04765625 0.075
4 0.803125 0.49609375 0.0578125 0.04140625
4 0.7671875 0.496875 0.0359375 0.04140625
4 0.921875 0.5109375 0.07421875 0.0625