5 0.25625 0.421875 0.02578125 0.1390625
5 0.21875 0.41328125 0.0390625 0.134375
6 0.2734375 0.34453125 0.1765625 0.26796875
4 0.53671875 0.3953125 0.01171875 0.02109375
4 0.6265625 0.39609375 0.028125 0.040625
4 0.63828125 0.4046875 0.02265625 0.0390625
4 0.65625 0.4015625 0.03046875 0.04609375
4 0.6734375 0.4125 0.03515625 0.04140625
4 0.69375 0.41171875 0.03359375 0.053125
4 0.7265625 0.41953125 0.06328125 0.059375
4 0.8515625 0.43671875 0.19921875 0.225
5 0.971875 0.4421875 0.03828125 0.14140625
5 0.93203125 0.36875 0.015625 0.05390625
5 0.91015625 0.3625 0.01484375 0.0265625
4 0.56171875 0.40390625 0.040625 0.05
4 0.4859375 0.40546875 0.10078125 0.18046875