4 0.90390625 0.48359375 0.190625 0.2359375
4 0.09296875 0.48359375 0.12421875 0.11953125
4 0.16796875 0.4625 0.05859375 0.09140625
4 0.20625 0.45 0.0625 0.09140625
4 0.321875 0.44453125 0.06484375 0.08046875
5 0.6171875 0.42109375 0.01640625 0.06796875
4 0.3484375 0.41640625 0.02578125 0.02890625
4 0.36875 0.415625 0.01328125 0.0265625
4 0.3921875 0.4140625 0.034375 0.0265625
4 0.6640625 0.4640625 0.10546875 0.10859375
4 0.546875 0.43359375 0.05625 0.06796875
4 0.5125 0.428125 0.03671875 0.04296875
4 0.43828125 0.4359375 0.03515625 0.0515625
6 0.4671875 0.390625 0.06796875 0.140625