5 0.246875 0.41640625 0.021875 0.10390625
5 0.2296875 0.4203125 0.0234375 0.0984375
5 0.29453125 0.43984375 0.0359375 0.1640625
5 0.4484375 0.4234375 0.02109375 0.1
5 0.5390625 0.40234375 0.00625 0.040625
5 0.61640625 0.409375 0.01171875 0.046875
5 0.46875 0.41015625 0.0125 0.07890625
5 0.55859375 0.40859375 0.0078125 0.05546875
5 0.5453125 0.4046875 0.0078125 0.040625
4 0.6921875 0.40859375 0.0125 0.0515625
4 0.71484375 0.415625 0.0328125 0.0609375
6 0.6546875 0.3859375 0.06484375 0.15703125
6 0.93125 0.38125 0.13671875 0.30390625
5 0.0109375 0.471875 0.021875 0.3125