4 0.5578125 0.4640625 0.02421875 0.04140625
4 0.56328125 0.4640625 0.01796875 0.04140625
4 0.52890625 0.45 0.0203125 0.0359375
4 0.58203125 0.46484375 0.03359375 0.05
4 0.58828125 0.471875 0.02109375 0.04140625
4 0.60078125 0.47265625 0.02109375 0.0484375
4 0.6234375 0.4640625 0.04453125 0.07109375
4 0.64453125 0.47578125 0.05859375 0.06953125
4 0.68203125 0.48515625 0.06640625 0.0734375
4 0.7203125 0.5 0.0703125 0.084375
4 0.7921875 0.50703125 0.12421875 0.11796875
4 0.48125 0.440625 0.01171875 0.021875
4 0.4859375 0.44375 0.01015625 0.028125
4 0.4109375 0.44453125 0.0203125 0.0484375
4 0.3890625 0.44453125 0.0375 0.090625
4 0.3578125 0.45703125 0.071875 0.1625
4 0.2765625 0.47265625 0.15859375 0.253125
4 0.1578125 0.5453125 0.2890625 0.3625
5 0.446875 0.44296875 0.009375 0.0265625
5 0.453125 0.44296875 0.01015625 0.03359375
4 0.4234375 0.43984375 0.0140625 0.021875
4 0.46875 0.446875 0.0265625 0.04140625
6 0.5046875 0.43515625 0.0359375 0.078125
4 0.078125 0.615625 0.15546875 0.51953125
4 0.90234375 0.53359375 0.1890625 0.1625