4 0.13828125 0.47265625 0.2703125 0.2890625
4 0.65390625 0.39296875 0.01171875 0.0140625
4 0.6453125 0.39765625 0.009375 0.0125
4 0.6296875 0.41015625 0.01875 0.0375
4 0.6375 0.42734375 0.021875 0.03359375
6 0.5796875 0.38984375 0.0796875 0.18359375
4 0.534375 0.4203125 0.021875 0.034375
4 0.509375 0.44609375 0.06328125 0.07890625
4 0.48125 0.4203125 0.01640625 0.021875
4 0.4578125 0.43984375 0.046875 0.07890625
4 0.4046875 0.44765625 0.08515625 0.1
4 0.659375 0.41875 0.01484375 0.02890625
4 0.671875 0.42421875 0.0265625 0.0390625
4 0.76328125 0.434375 0.02890625 0.0515625
4 0.9828125 0.4890625 0.0328125 0.109375
5 0.74140625 0.434375 0.02578125 0.13046875
5 0.2765625 0.446875 0.02109375 0.10546875
5 0.6875 0.425 0.0078125 0.0375
5 0.696875 0.42421875 0.01015625 0.034375
4 0.7171875 0.43046875 0.0171875 0.04140625
5 0.925 0.440625 0.0171875 0.1