4 0.10234375 0.66484375 0.203125 0.315625
4 0.50546875 0.4671875 0.0140625 0.0140625
4 0.484375 0.4671875 0.00703125 0.009375
4 0.49296875 0.46796875 0.009375 0.0109375
4 0.4625 0.50078125 0.05703125 0.06640625
4 0.525 0.4703125 0.025 0.03203125
4 0.4421875 0.48984375 0.02109375 0.0390625
6 0.84609375 0.38203125 0.30546875 0.759375
5 0.6734375 0.45078125 0.01328125 0.059375
5 0.6546875 0.44921875 0.01171875 0.0484375
5 0.6640625 0.45078125 0.01484375 0.05859375
5 0.5890625 0.45546875 0.009375 0.02890625
5 0.40234375 0.490625 0.0109375 0.03046875