5 0.0890625 0.71171875 0.03828125 0.17890625
5 0.1234375 0.7046875 0.03984375 0.18046875
4 0.2015625 0.65390625 0.0171875 0.028125
4 0.18828125 0.6609375 0.01875 0.034375
4 0.2390625 0.65546875 0.0453125 0.04453125
4 0.25390625 0.6546875 0.071875 0.04609375
6 0.38046875 0.61796875 0.12265625 0.075
4 0.1859375 0.6359375 0.01171875 0.01953125
4 0.1546875 0.6546875 0.04765625 0.06953125
4 0.06875 0.6671875 0.01171875 0.04609375
4 0.39140625 0.64375 0.08515625 0.053125
4 0.29765625 0.65390625 0.09453125 0.04453125
4 0.028125 0.68671875 0.05625 0.0796875
4 0.53359375 0.628125 0.0984375 0.065625
4 0.609375 0.63359375 0.096875 0.075
4 0.678125 0.621875 0.04765625 0.0625
6 0.7578125 0.60625 0.109375 0.096875
4 0.82421875 0.615625 0.02578125 0.025
4 0.84453125 0.61796875 0.04453125 0.05
4 0.95703125 0.61328125 0.04921875 0.034375
4 0.91328125 0.61484375 0.02890625 0.040625