4 0.43125 0.490625 0.0171875 0.0265625
4 0.459375 0.50078125 0.0328125 0.0390625
4 0.5078125 0.49609375 0.02421875 0.03203125
4 0.55390625 0.5 0.028125 0.03359375
4 0.7328125 0.5171875 0.10390625 0.0859375
4 0.46875 0.48828125 0.0203125 0.0390625
6 0.496875 0.4859375 0.021875 0.04453125
4 0.48515625 0.4921875 0.0109375 0.02109375
4 0.52578125 0.490625 0.01015625 0.02890625
4 0.5359375 0.49375 0.01484375 0.0359375
4 0.4015625 0.48671875 0.01875 0.02109375
4 0.378125 0.490625 0.02109375 0.01953125
4 0.3546875 0.48359375 0.02109375 0.01796875
4 0.328125 0.478125 0.0203125 0.0125
4 0.29609375 0.49375 0.01484375 0.0359375
4 0.23671875 0.49921875 0.1078125 0.06796875
4 0.184375 0.50859375 0.10234375 0.06796875
4 0.13828125 0.5171875 0.11953125 0.09296875
4 0.078125 0.52734375 0.1546875 0.1265625
5 0.8703125 0.4859375 0.03203125 0.09453125
5 0.9015625 0.484375 0.02578125 0.10390625
5 0.94375 0.48984375 0.0171875 0.06953125