5 0.2046875 0.446875 0.015625 0.05703125
5 0.9140625 0.45078125 0.015625 0.0765625
5 0.94453125 0.446875 0.02734375 0.0609375
4 0.51015625 0.54921875 0.27578125 0.3640625
6 0.765625 0.434375 0.21796875 0.36796875
4 0.9484375 0.528125 0.0984375 0.1765625
4 0.28515625 0.44765625 0.034375 0.0359375
4 0.3203125 0.44140625 0.0328125 0.0375
4 0.3484375 0.43984375 0.02109375 0.0359375
4 0.3703125 0.44140625 0.01484375 0.0234375
4 0.384375 0.44375 0.01328125 0.02109375
4 0.3984375 0.44140625 0.01328125 0.0234375