4 0.453125 0.46171875 0.03046875 0.04609375
4 0.42421875 0.4609375 0.03671875 0.0625
4 0.340625 0.4609375 0.12890625 0.109375
4 0.259375 0.465625 0.03125 0.053125
4 0.209375 0.47421875 0.06953125 0.07109375
4 0.1140625 0.46484375 0.103125 0.11796875
4 0.0296875 0.4484375 0.05859375 0.159375
6 0.53125 0.434375 0.02890625 0.04296875
4 0.53125 0.45859375 0.01328125 0.02890625
4 0.5453125 0.459375 0.01171875 0.03046875
4 0.553125 0.446875 0.0125 0.03046875
4 0.571875 0.4515625 0.02578125 0.034375
5 0.653125 0.453125 0.0125 0.040625
5 0.6671875 0.45390625 0.009375 0.04140625