4 0.4 0.33984375 0.015625 0.0265625
4 0.3890625 0.3390625 0.0046875 0.03046875
4 0.384375 0.33828125 0.00703125 0.03203125
4 0.375 0.3375 0.01328125 0.034375
4 0.5 0.35 0.01328125 0.03359375
4 0.534375 0.3375 0.0671875 0.11640625
4 0.28984375 0.353125 0.065625 0.09140625
4 0.23828125 0.36015625 0.08828125 0.103125
4 0.3546875 0.33828125 0.02578125 0.04140625
4 0.43125 0.34921875 0.05390625 0.08359375
4 0.5734375 0.37265625 0.08671875 0.109375
4 0.0390625 0.409375 0.078125 0.165625
6 0.4734375 0.31640625 0.03828125 0.078125
5 0.1046875 0.3578125 0.02890625 0.11640625