4 0.0125 0.6703125 0.02421875 0.265625
6 0.125 0.58671875 0.23125 0.27890625
4 0.2390625 0.5609375 0.096875 0.15859375
5 0.82890625 0.53359375 0.034375 0.171875
5 0.85390625 0.50625 0.01953125 0.128125
5 0.64765625 0.5203125 0.0109375 0.071875
5 0.6609375 0.51640625 0.0109375 0.08359375
5 0.6140625 0.50546875 0.009375 0.0609375
4 0.37578125 0.5546875 0.178125 0.284375
4 0.465625 0.534375 0.02109375 0.10390625
4 0.478125 0.509375 0.00859375 0.034375
5 0.54765625 0.50234375 0.0078125 0.0265625
5 0.5359375 0.503125 0.0078125 0.02890625