5 0.15546875 0.64375 0.01875 0.06796875
5 0.1421875 0.640625 0.01484375 0.0765625
4 0.8640625 0.6765625 0.18125 0.15390625
4 0.76171875 0.65625 0.0984375 0.1125
4 0.709375 0.640625 0.07421875 0.09609375
4 0.6640625 0.640625 0.04453125 0.06796875
4 0.6375 0.634375 0.0328125 0.05859375
4 0.61875 0.62890625 0.02109375 0.0515625
4 0.603125 0.6296875 0.02890625 0.05
4 0.58828125 0.62265625 0.0125 0.021875
4 0.22421875 0.646875 0.0703125 0.07890625
4 0.3078125 0.640625 0.0890625 0.0765625
4 0.1984375 0.640625 0.03671875 0.06953125
4 0.3640625 0.621875 0.03515625 0.0484375
4 0.4046875 0.61875 0.03515625 0.0375
4 0.44375 0.61796875 0.02109375 0.01953125
4 0.025 0.6734375 0.05 0.103125
4 0.4921875 0.62265625 0.03046875 0.05
4 0.528125 0.62265625 0.0234375 0.04296875
4 0.5625 0.61640625 0.01875 0.034375
4 0.546875 0.61328125 0.0109375 0.028125
4 0.515625 0.615625 0.00546875 0.028125
6 0.5171875 0.58828125 0.0125 0.021875