4 0.4484375 0.53515625 0.02421875 0.04453125
4 0.503125 0.54140625 0.05078125 0.05390625
4 0.35078125 0.54140625 0.01953125 0.040625
4 0.371875 0.51328125 0.025 0.034375
4 0.371875 0.54296875 0.02734375 0.0609375
4 0.40859375 0.546875 0.06015625 0.103125
6 0.31484375 0.52109375 0.05078125 0.11953125
4 0.278125 0.54453125 0.0234375 0.0375
4 0.2515625 0.553125 0.01484375 0.03046875
4 0.2359375 0.5625 0.02421875 0.03359375
4 0.2109375 0.57109375 0.03515625 0.05
5 0.1484375 0.59140625 0.0203125 0.103125
4 0.159375 0.58359375 0.07578125 0.09609375
5 0.1828125 0.58828125 0.0203125 0.09140625
5 0.05546875 0.61484375 0.02890625 0.1125
5 0.6296875 0.5140625 0.01328125 0.07109375
5 0.61875 0.5140625 0.0125 0.0609375
5 0.6078125 0.52109375 0.0109375 0.05703125
4 0.80859375 0.6625 0.38046875 0.46640625
5 0.59375 0.51328125 0.01328125 0.0515625