4 0.309375 0.45625 0.009375 0.0125
4 0.3265625 0.45625 0.01328125 0.01640625
4 0.32890625 0.4421875 0.01875 0.0109375
4 0.3453125 0.4578125 0.01640625 0.01953125
4 0.3578125 0.446875 0.00625 0.01953125
4 0.365625 0.44921875 0.00859375 0.01953125
4 0.39375 0.425 0.04765625 0.08046875
6 0.4578125 0.403125 0.07734375 0.13046875
4 0.20625 0.4515625 0.03671875 0.04140625
4 0.2265625 0.446875 0.01875 0.0375
4 0.1421875 0.440625 0.0890625 0.0765625
4 0.04375 0.43828125 0.0875 0.1375
5 0.26875 0.490625 0.0640625 0.3765625
5 0.4375 0.41328125 0.028125 0.109375
5 0.615625 0.403125 0.02734375 0.109375
5 0.79765625 0.4296875 0.04375 0.2234375
5 0.8359375 0.41015625 0.05 0.2390625
5 0.7765625 0.41171875 0.04140625 0.20703125