5 0.78125 0.503125 0.0421875 0.16640625
4 0.4453125 0.44453125 0.00859375 0.0125
4 0.43125 0.4421875 0.00859375 0.0140625
4 0.4828125 0.4390625 0.0125 0.01953125
4 0.4921875 0.434375 0.009375 0.01640625
4 0.46328125 0.44296875 0.01875 0.03359375
4 0.384375 0.45546875 0.03671875 0.0484375
4 0.171875 0.46328125 0.10625 0.128125
4 0.5515625 0.4515625 0.01484375 0.04453125
4 0.5578125 0.46015625 0.01484375 0.0375
4 0.56796875 0.45234375 0.01015625 0.05859375
4 0.578125 0.4578125 0.0203125 0.06796875
4 0.6078125 0.465625 0.05 0.07890625
4 0.6484375 0.4828125 0.0703125 0.08203125
4 0.7328125 0.496875 0.11484375 0.1375
4 0.896875 0.5453125 0.203125 0.2515625
6 0.525 0.41640625 0.03515625 0.05546875
4 0.5265625 0.45234375 0.03515625 0.0609375