6 0.43125 0.459375 0.05234375 0.0359375
5 0.4796875 0.459375 0.00703125 0.0265625
4 0.5 0.53828125 0.01328125 0.01796875
4 0.509375 0.5453125 0.01015625 0.01796875
4 0.51875 0.53828125 0.0109375 0.0109375
4 0.534375 0.540625 0.021875 0.01640625
4 0.515625 0.55859375 0.02109375 0.03046875
4 0.5359375 0.571875 0.03515625 0.04609375
4 0.578125 0.5859375 0.05703125 0.0640625
4 0.659375 0.61328125 0.13203125 0.153125
4 0.490625 0.540625 0.0078125 0.01640625
4 0.5 0.553125 0.0078125 0.0140625
4 0.48984375 0.55859375 0.01328125 0.0234375
4 0.4734375 0.5421875 0.009375 0.0125
4 0.48125 0.5421875 0.009375 0.0125
4 0.465625 0.553125 0.0140625 0.03203125
4 0.47265625 0.56328125 0.02109375 0.028125
4 0.4375 0.54453125 0.01484375 0.0234375
4 0.4234375 0.540625 0.0203125 0.0359375
4 0.409375 0.5546875 0.01796875 0.040625
4 0.359375 0.56953125 0.0921875 0.1375
4 0.1515625 0.6265625 0.30234375 0.3125
4 0.9921875 0.471875 0.015625 0.0359375
4 0.29921875 0.5453125 0.0203125 0.01796875