5 0.3515625 0.42890625 0.00390625 0.025
5 0.9359375 0.5078125 0.02578125 0.103125
6 0.0671875 0.36484375 0.04453125 0.03359375
4 0.0796875 0.396875 0.034375 0.0484375
4 0.04921875 0.3875 0.03984375 0.0484375
4 0.03125 0.40625 0.0359375 0.05703125
4 0.153125 0.39140625 0.03984375 0.034375
4 0.13359375 0.4046875 0.07734375 0.06796875
4 0.265625 0.41640625 0.0171875 0.03203125
4 0.25 0.4109375 0.01796875 0.03359375
4 0.2390625 0.409375 0.03046875 0.04140625
4 0.215625 0.409375 0.0296875 0.0515625
4 0.29453125 0.4171875 0.01328125 0.03359375
4 0.309375 0.41875 0.01796875 0.03046875
4 0.3546875 0.4234375 0.0171875 0.0265625
4 0.34765625 0.4234375 0.015625 0.02890625
4 0.340625 0.42421875 0.01796875 0.034375
4 0.3296875 0.4125 0.02109375 0.0125
4 0.3328125 0.43125 0.02421875 0.025
4 0.3734375 0.428125 0.0171875 0.00859375
4 0.38125 0.43203125 0.0125 0.0109375
4 0.396875 0.4328125 0.01796875 0.021875
4 0.015625 0.40390625 0.03125 0.071875
4 0.4359375 0.459375 0.07578125 0.1265625
4 0.4984375 0.41875 0.0140625 0.015625
4 0.49375 0.43125 0.01875 0.01796875
4 0.5265625 0.42734375 0.01328125 0.00859375
4 0.51953125 0.43359375 0.01640625 0.0109375
4 0.55 0.42734375 0.01171875 0.0109375
4 0.53828125 0.428125 0.009375 0.00859375
4 0.53125 0.43203125 0.009375 0.00546875
4 0.5390625 0.44140625 0.015625 0.015625
4 0.5515625 0.43984375 0.01484375 0.01640625
4 0.6171875 0.440625 0.01484375 0.00703125
4 0.6359375 0.440625 0.05234375 0.021875
4 0.66640625 0.440625 0.0109375 0.0125
4 0.63125 0.453125 0.0390625 0.01796875
4 0.6703125 0.45703125 0.040625 0.0265625
4 0.5921875 0.4859375 0.03828125 0.059375
4 0.62578125 0.49453125 0.06171875 0.08046875
4 0.70625 0.4484375 0.04453125 0.0140625
4 0.7375 0.4421875 0.03046875 0.01796875
4 0.734375 0.46484375 0.028125 0.02890625
4 0.759375 0.490625 0.03046875 0.02890625
4 0.8875 0.4640625 0.128125 0.09453125
4 0.8203125 0.44296875 0.03671875 0.02109375
4 0.51171875 0.4640625 0.059375 0.053125
4 0.69140625 0.51640625 0.10859375 0.13359375
4 0.98125 0.4265625 0.03515625 0.04453125
4 0.940625 0.503125 0.115625 0.09453125
4 0.946875 0.6203125 0.1046875 0.23203125