4 0.596875 0.48359375 0.01875 0.02890625
4 0.5828125 0.48671875 0.02734375 0.040625
4 0.58125 0.4828125 0.01640625 0.0484375
4 0.5546875 0.4859375 0.0296875 0.059375
4 0.5359375 0.484375 0.0359375 0.075
4 0.4953125 0.4921875 0.0515625 0.08046875
4 0.3828125 0.5265625 0.19375 0.2125
4 0.2171875 0.50625 0.234375 0.2359375
4 0.0859375 0.58125 0.171875 0.246875
5 0.08203125 0.47109375 0.025 0.0765625
4 0.7015625 0.48671875 0.01328125 0.028125
4 0.715625 0.4890625 0.01796875 0.028125
4 0.65 0.51015625 0.10078125 0.159375
4 0.7578125 0.48046875 0.0671875 0.11640625
6 0.8203125 0.471875 0.07265625 0.075
4 0.8609375 0.4890625 0.05 0.07890625
4 0.90234375 0.4921875 0.0765625 0.0890625
5 0.8875 0.50078125 0.02421875 0.09296875
6 0.9578125 0.459375 0.08046875 0.2234375