5 0.178125 0.5859375 0.02890625 0.15
5 0.07734375 0.58046875 0.0328125 0.15703125
5 0.1171875 0.58046875 0.0484375 0.17109375
4 0.47890625 0.57578125 0.01875 0.04453125
4 0.4921875 0.58046875 0.0234375 0.034375
4 0.4640625 0.5828125 0.015625 0.04453125
4 0.4546875 0.58515625 0.01484375 0.040625
4 0.43671875 0.57890625 0.02890625 0.0609375
4 0.415625 0.596875 0.0265625 0.06796875
4 0.5734375 0.5859375 0.01875 0.0375
4 0.6140625 0.58515625 0.0234375 0.040625
4 0.51484375 0.57890625 0.03046875 0.046875
4 0.5484375 0.5875 0.03828125 0.0484375
4 0.59140625 0.57890625 0.0328125 0.05546875
4 0.64765625 0.58984375 0.0421875 0.0640625
4 0.6828125 0.59375 0.02109375 0.03359375
4 0.8796875 0.61953125 0.09765625 0.084375
6 0.3625 0.5890625 0.09453125 0.14609375
5 0.2984375 0.58515625 0.01953125 0.09140625