5 0.0640625 0.4234375 0.04609375 0.146875
5 0.1984375 0.409375 0.01953125 0.103125
5 0.678125 0.421875 0.01171875 0.06796875
5 0.4796875 0.409375 0.00703125 0.03046875
4 0.9109375 0.534375 0.171875 0.36953125
4 0.803125 0.475 0.2296875 0.2734375
4 0.0296875 0.371875 0.059375 0.06796875
4 0.3921875 0.42109375 0.05625 0.071875
4 0.6171875 0.4296875 0.06328125 0.090625
4 0.515625 0.4171875 0.05546875 0.08359375
4 0.584375 0.428125 0.01953125 0.0515625
4 0.5734375 0.421875 0.02109375 0.046875
4 0.565625 0.41875 0.01953125 0.040625
4 0.55546875 0.4140625 0.015625 0.0375
4 0.45078125 0.40703125 0.01875 0.0515625
4 0.45859375 0.40703125 0.01640625 0.034375
4 0.465625 0.40625 0.009375 0.040625
6 0.415625 0.38984375 0.0640625 0.1109375