5 0.88828125 0.253125 0.0234375 0.0734375
5 0.79609375 0.26875 0.0171875 0.08359375
5 0.7765625 0.26875 0.0171875 0.075
5 0.6828125 0.23984375 0.00859375 0.03203125
5 0.621875 0.253125 0.01015625 0.053125
4 0.0734375 0.390625 0.14609375 0.515625
4 0.1125 0.2859375 0.08046875 0.19609375
4 0.153125 0.2421875 0.13203125 0.228125
4 0.21875 0.2578125 0.01484375 0.0375
4 0.33125 0.23203125 0.01796875 0.0265625
4 0.37421875 0.26015625 0.04453125 0.04296875
4 0.3984375 0.2296875 0.0171875 0.025
4 0.4046875 0.2359375 0.01171875 0.015625
4 0.4203125 0.22734375 0.01484375 0.0125
4 0.45 0.234375 0.0421875 0.04140625
4 0.475 0.24375 0.0140625 0.04609375
4 0.7234375 0.240625 0.06484375 0.0625
6 0.4015625 0.215625 0.01796875 0.01640625
6 0.34375 0.225 0.015625 0.028125
4 0.365625 0.23046875 0.0109375 0.015625
4 0.278125 0.29921875 0.13671875 0.23203125
4 0.5546875 0.2875 0.1046875 0.115625
5 0.603125 0.246875 0.0078125 0.040625
4 0.43125 0.28203125 0.084375 0.10546875