5 0.10390625 0.546875 0.015625 0.04140625
5 0.1703125 0.55859375 0.01484375 0.05546875
4 0.0546875 0.52734375 0.1078125 0.20703125
4 0.2984375 0.5421875 0.00625 0.021875
4 0.2640625 0.54765625 0.0125 0.025
4 0.253125 0.546875 0.0140625 0.02890625
4 0.24609375 0.5484375 0.02109375 0.0359375
4 0.23515625 0.553125 0.0203125 0.03359375
4 0.2109375 0.55078125 0.046875 0.0515625
4 0.4 0.53828125 0.01484375 0.025
4 0.3859375 0.54765625 0.0203125 0.0515625
4 0.44765625 0.540625 0.01796875 0.0390625
4 0.4671875 0.5453125 0.034375 0.04609375
6 0.76875 0.52578125 0.1984375 0.234375
4 0.91796875 0.5921875 0.1625 0.21640625
4 0.3453125 0.54921875 0.0703125 0.125
4 0.48671875 0.5546875 0.03046875 0.0375
4 0.603125 0.60546875 0.19765625 0.2109375
4 0.42421875 0.54609375 0.03671875 0.0484375