4 0.4671875 0.5703125 0.00859375 0.0109375
4 0.415625 0.58828125 0.01640625 0.04140625
4 0.4078125 0.5953125 0.009375 0.03359375
4 0.3765625 0.6046875 0.015625 0.03203125
4 0.3671875 0.60859375 0.015625 0.02890625
4 0.190625 0.64375 0.10859375 0.103125
4 0.3515625 0.60859375 0.03046875 0.0390625
4 0.446875 0.61015625 0.05078125 0.07890625
4 0.4828125 0.5765625 0.00859375 0.0140625
4 0.0234375 0.68828125 0.046875 0.0890625
6 0.503125 0.58203125 0.0203125 0.04453125
5 0.590625 0.60703125 0.0171875 0.065625
5 0.625 0.59609375 0.01015625 0.06640625
5 0.8109375 0.584375 0.0203125 0.0859375
5 0.9796875 0.5984375 0.03671875 0.1859375