5 0.68203125 0.3546875 0.02421875 0.0984375
5 0.7265625 0.396875 0.0421875 0.23203125
5 0.9421875 0.490625 0.11484375 0.6734375
5 0.88984375 0.484375 0.0671875 0.39453125
4 0.4453125 0.34140625 0.01953125 0.025
4 0.4328125 0.3484375 0.01640625 0.025
4 0.415625 0.35703125 0.03515625 0.046875
4 0.3328125 0.359375 0.0421875 0.0515625
4 0.26171875 0.37109375 0.0734375 0.07890625
4 0.375 0.37265625 0.0609375 0.09140625
4 0.5796875 0.54375 0.28203125 0.42890625
6 0.4734375 0.34140625 0.04921875 0.09453125
5 0.5734375 0.31640625 0.009375 0.02109375
5 0.5890625 0.3171875 0.00703125 0.0234375
4 0.1453125 0.5 0.290625 0.428125