4 0.45625 0.6765625 0.01171875 0.015625
4 0.46171875 0.68828125 0.0125 0.02109375
4 0.4640625 0.6984375 0.0109375 0.0234375
4 0.4703125 0.6953125 0.01328125 0.03046875
4 0.475 0.696875 0.01328125 0.034375
4 0.4859375 0.69921875 0.0265625 0.040625
4 0.4859375 0.70546875 0.015625 0.0375
4 0.49765625 0.70625 0.01484375 0.05
4 0.5078125 0.709375 0.01484375 0.05390625
4 0.534375 0.703125 0.05078125 0.084375
4 0.546875 0.71953125 0.03828125 0.08359375
4 0.5765625 0.73359375 0.05625 0.09296875
4 0.6140625 0.740625 0.065625 0.125
4 0.309375 0.709375 0.02109375 0.04296875
4 0.28515625 0.71953125 0.0359375 0.0515625
4 0.365625 0.70234375 0.0171875 0.0234375
4 0.2359375 0.7203125 0.0703125 0.084375
4 0.1484375 0.74375 0.096875 0.090625
4 0.33828125 0.71484375 0.0484375 0.0609375
4 0.38828125 0.68203125 0.0125 0.0125
4 0.4046875 0.67890625 0.01328125 0.02109375
4 0.41875 0.68125 0.0109375 0.01640625
4 0.396875 0.68671875 0.01484375 0.015625
6 0.0453125 0.74765625 0.08984375 0.15390625
4 0.909375 0.83359375 0.1765625 0.32890625
4 0.759375 0.7484375 0.27578125 0.284375
5 0.7828125 0.5671875 0.0125 0.0359375
4 0.446875 0.67578125 0.00859375 0.0140625
4 0.434375 0.675 0.01171875 0.021875