5 0.92734375 0.48125 0.02265625 0.0984375
5 0.73984375 0.46015625 0.0171875 0.0609375
5 0.625 0.4453125 0.009375 0.04140625
4 0.0453125 0.53828125 0.090625 0.240625
4 0.2671875 0.434375 0.08671875 0.0984375
4 0.0078125 0.37734375 0.015625 0.0203125
4 0.03671875 0.384375 0.03984375 0.028125
4 0.05 0.36015625 0.0265625 0.0234375
4 0.225 0.40546875 0.04609375 0.071875
4 0.32734375 0.4234375 0.04296875 0.05703125
4 0.465625 0.4203125 0.03125 0.05390625
4 0.35234375 0.396875 0.01875 0.03046875
4 0.3171875 0.38046875 0.01640625 0.01953125
4 0.33125 0.3734375 0.0109375 0.0125
4 0.34765625 0.378125 0.0125 0.01640625
6 0.415625 0.415625 0.07734375 0.159375