4 0.01328125 0.51875 0.0265625 0.075
4 0.0359375 0.5046875 0.03203125 0.046875
4 0.05859375 0.49375 0.01171875 0.0375
4 0.18671875 0.51875 0.05 0.07109375
4 0.16171875 0.515625 0.03125 0.05703125
4 0.153125 0.509375 0.03203125 0.05546875
4 0.1375 0.5046875 0.02109375 0.05
4 0.125 0.50703125 0.01484375 0.046875
4 0.6765625 0.50703125 0.02421875 0.0359375
4 0.08671875 0.52421875 0.06015625 0.078125
4 0.2109375 0.53125 0.0703125 0.084375
6 0.6390625 0.51796875 0.05859375 0.065625
4 0.84609375 0.528125 0.09921875 0.1484375
5 0.4625 0.525 0.03046875 0.19453125