5 0.5640625 0.45390625 0.01875 0.09609375
5 0.5 0.446875 0.01484375 0.0484375
4 0.6796875 0.4328125 0.06484375 0.06796875
4 0.7265625 0.4359375 0.03984375 0.05546875
4 0.765625 0.41875 0.06484375 0.071875
4 0.903125 0.41015625 0.025 0.0234375
6 0.6109375 0.41015625 0.0828125 0.11640625
6 0.2453125 0.4359375 0.09375 0.15
4 0.4515625 0.440625 0.02265625 0.0375
4 0.35625 0.490625 0.159375 0.24296875
4 0.1640625 0.48828125 0.1109375 0.103125
4 0.8515625 0.43046875 0.09375 0.1234375
4 0.046875 0.5 0.0921875 0.18359375