4 0.315625 0.50703125 0.115625 0.13203125
4 0.49375 0.48984375 0.025 0.03046875
4 0.53046875 0.471875 0.025 0.040625
4 0.50625 0.47265625 0.034375 0.0515625
6 0.6109375 0.47109375 0.0109375 0.0234375
5 0.615625 0.4734375 0.01015625 0.034375
5 0.728125 0.49765625 0.01015625 0.05703125
5 0.71953125 0.49375 0.01015625 0.05390625
5 0.7453125 0.4921875 0.00859375 0.05
4 0.578125 0.4734375 0.01328125 0.0234375
4 0.684375 0.490625 0.03671875 0.046875
4 0.5921875 0.478125 0.015625 0.02109375
4 0.5578125 0.4625 0.01953125 0.040625
6 0.425 0.46796875 0.1171875 0.190625
5 0.81171875 0.5046875 0.015625 0.0734375
5 0.8796875 0.5234375 0.02265625 0.06640625
5 0.8796875 0.578125 0.01953125 0.115625