4 0.4625 0.36484375 0.0203125 0.040625
4 0.4484375 0.37109375 0.02109375 0.05859375
4 0.5359375 0.3578125 0.01484375 0.021875
4 0.553125 0.38203125 0.02734375 0.06796875
6 0.68984375 0.403125 0.08125 0.071875
4 0.5984375 0.40546875 0.07890625 0.10390625
4 0.5125 0.38359375 0.05625 0.07890625
4 0.41875 0.37421875 0.06328125 0.090625
4 0.23125 0.4328125 0.21875 0.2515625
5 0.33125 0.35390625 0.01953125 0.0890625
5 0.31015625 0.328125 0.0171875 0.0515625
5 0.1015625 0.3609375 0.0578125 0.21640625
5 0.0390625 0.33671875 0.04765625 0.25390625