4 0.3015625 0.47421875 0.01484375 0.0640625
4 0.2859375 0.4765625 0.0359375 0.06640625
4 0.26328125 0.48046875 0.0578125 0.075
4 0.45 0.46171875 0.01484375 0.04453125
4 0.4640625 0.48046875 0.02265625 0.0890625
4 0.5 0.48125 0.0796875 0.109375
4 0.221875 0.49375 0.0890625 0.084375
4 0.3765625 0.51484375 0.15859375 0.21953125
5 0.1765625 0.478125 0.01484375 0.0640625
5 0.63671875 0.47421875 0.01875 0.103125
5 0.58984375 0.47890625 0.02265625 0.1125
5 0.56875 0.47890625 0.02421875 0.1125
5 0.6765625 0.4828125 0.0203125 0.1359375
5 0.6890625 0.48671875 0.01796875 0.125
5 0.703125 0.478125 0.06171875 0.159375
5 0.73828125 0.4765625 0.040625 0.16953125
5 0.8046875 0.48046875 0.04296875 0.14140625
6 0.88984375 0.4765625 0.21640625 0.15
5 0.9484375 0.42734375 0.01328125 0.02890625