4 0.16875 0.42109375 0.0453125 0.05
4 0.20546875 0.41796875 0.03359375 0.0375
6 0.2515625 0.39296875 0.0578125 0.0734375
4 0.3296875 0.39140625 0.01875 0.0375
4 0.340625 0.3859375 0.0171875 0.03359375
4 0.35390625 0.38359375 0.01171875 0.025
4 0.36171875 0.38046875 0.01015625 0.021875
4 0.3734375 0.3875 0.01484375 0.028125
4 0.38671875 0.38125 0.009375 0.01640625
4 0.40625 0.409375 0.021875 0.0390625
4 0.4 0.40234375 0.015625 0.028125
4 0.3875 0.36484375 0.01015625 0.02109375
4 0.3703125 0.3609375 0.01875 0.025
4 0.475 0.434375 0.0234375 0.0734375
4 0.50703125 0.43984375 0.0578125 0.121875
4 0.528125 0.465625 0.078125 0.1125
4 0.659375 0.5125 0.24140625 0.3125
5 0.02421875 0.4390625 0.01015625 0.03046875
5 0.00625 0.44921875 0.00859375 0.025
5 0.0578125 0.421875 0.01015625 0.0265625
5 0.0859375 0.4375 0.00859375 0.03203125
5 0.43515625 0.41484375 0.01171875 0.0484375
5 0.45625 0.4125 0.00703125 0.0375
4 0.40234375 0.3671875 0.009375 0.021875
5 0.7671875 0.42265625 0.02109375 0.09140625