5 0.103125 0.4859375 0.0359375 0.0484375
5 0.2625 0.5578125 0.03515625 0.084375
5 0.30625 0.61796875 0.05078125 0.1875
4 0.5046875 0.56796875 0.01875 0.02890625
4 0.49375 0.56484375 0.015625 0.03359375
4 0.490625 0.58203125 0.02421875 0.0609375
4 0.4734375 0.59765625 0.0359375 0.078125
4 0.4625 0.61171875 0.03046875 0.103125
6 0.3734375 0.61640625 0.17734375 0.328125
4 0.16796875 0.74375 0.3359375 0.50859375
4 0.6828125 0.6125 0.05859375 0.09296875
5 0.80234375 0.5671875 0.0234375 0.03046875
5 0.8640625 0.5875 0.02109375 0.05703125
5 0.7984375 0.6421875 0.12578125 0.12109375
4 0.859375 0.79296875 0.278125 0.409375
4 0.5796875 0.65703125 0.184375 0.290625