5 0.9046875 0.52578125 0.01171875 0.01953125
5 0.88984375 0.52421875 0.015625 0.015625
4 0.078125 0.7078125 0.15390625 0.428125
4 0.2625 0.64375 0.1875 0.28203125
4 0.38125 0.60078125 0.0578125 0.1234375
4 0.95625 0.58359375 0.07890625 0.10546875
4 0.446875 0.61171875 0.09375 0.12109375
4 0.59609375 0.66328125 0.15078125 0.2125
4 0.834375 0.65625 0.2453125 0.2515625
4 0.50703125 0.571875 0.03125 0.065625
4 0.465625 0.5453125 0.0515625 0.02890625
6 0.44296875 0.5203125 0.08515625 0.0484375
4 0.64453125 0.56875 0.0328125 0.06953125
4 0.5921875 0.55234375 0.0515625 0.015625
4 0.6484375 0.52890625 0.028125 0.03046875
4 0.7234375 0.571875 0.06640625 0.06953125
4 0.540625 0.57265625 0.03515625 0.08046875