4 0.40625 0.55859375 0.02890625 0.0484375
4 0.38203125 0.56015625 0.04921875 0.075
4 0.36875 0.57421875 0.04296875 0.0765625
4 0.3328125 0.56953125 0.06484375 0.1109375
4 0.29765625 0.5890625 0.08359375 0.128125
4 0.19140625 0.61328125 0.19609375 0.20546875
4 0.08359375 0.7078125 0.1671875 0.3609375
6 0.46171875 0.53125 0.03359375 0.084375
4 0.44296875 0.575 0.06328125 0.0875
4 0.509375 0.5546875 0.01796875 0.046875
4 0.48671875 0.54921875 0.01875 0.01953125
4 0.546875 0.56953125 0.08515625 0.1359375
4 0.6078125 0.57734375 0.0359375 0.09609375
4 0.6734375 0.578125 0.1375 0.153125
4 0.7578125 0.61875 0.1984375 0.175
5 0.903125 0.6125 0.04296875 0.18359375