4 0.50625 0.640625 0.01328125 0.015625
4 0.55703125 0.65546875 0.025 0.03203125
4 0.51796875 0.6578125 0.02421875 0.03203125
4 0.571875 0.69453125 0.0453125 0.0625
6 0.4515625 0.640625 0.04296875 0.075
4 0.415625 0.63984375 0.01640625 0.0390625
4 0.40078125 0.646875 0.02734375 0.034375
4 0.37265625 0.65078125 0.0359375 0.046875
5 0.3359375 0.678125 0.021875 0.08046875
4 0.3171875 0.66484375 0.03203125 0.040625
4 0.203125 0.675 0.1234375 0.1265625
4 0.0625 0.70625 0.125 0.140625
4 0.8078125 0.81796875 0.384375 0.3609375