5 0.946875 0.55625 0.02421875 0.09609375
5 0.1734375 0.5546875 0.02109375 0.08203125
5 0.15078125 0.55 0.0234375 0.1
5 0.128125 0.55703125 0.0265625 0.09296875
5 0.10625 0.5546875 0.02421875 0.10546875
5 0.0640625 0.55 0.02734375 0.10703125
5 0.18125 0.55 0.0125 0.0734375
5 0.003125 0.54921875 0.00625 0.090625
4 0.378125 0.5671875 0.00859375 0.03046875
4 0.3640625 0.56328125 0.01796875 0.04453125
4 0.39921875 0.5578125 0.0328125 0.053125
4 0.44609375 0.559375 0.0125 0.05
4 0.4578125 0.56875 0.01484375 0.0375
4 0.47734375 0.571875 0.009375 0.02109375
4 0.490625 0.5671875 0.0234375 0.0375
4 0.5140625 0.565625 0.01796875 0.04140625
4 0.57734375 0.57109375 0.03515625 0.04453125
6 0.50078125 0.55703125 0.0203125 0.03359375
6 0.43359375 0.515625 0.04453125 0.05546875
5 0.2765625 0.55546875 0.0328125 0.096875
4 0.4234375 0.56171875 0.04453125 0.0625
4 0.540625 0.5640625 0.04609375 0.05
4 0.9796875 0.57578125 0.0390625 0.053125