4 0.37578125 0.44375 0.01640625 0.034375
4 0.35390625 0.4546875 0.040625 0.06796875
4 0.33125 0.4578125 0.04296875 0.0765625
4 0.2828125 0.4578125 0.08203125 0.10703125
4 0.20625 0.4609375 0.1296875 0.134375
4 0.5546875 0.41875 0.059375 0.06796875
6 0.134375 0.5109375 0.26875 0.1875
4 0.45 0.49921875 0.1546875 0.253125
4 0.62734375 0.515625 0.11796875 0.165625
5 0.909375 0.521875 0.03671875 0.20859375
5 0.73515625 0.434375 0.0078125 0.0265625
5 0.75390625 0.434375 0.00859375 0.0265625
5 0.7703125 0.44375 0.01953125 0.0484375
5 0.8 0.43984375 0.02109375 0.06796875
5 0.7234375 0.428125 0.0125 0.0375
5 0.70625 0.428125 0.0125 0.0234375
4 0.95625 0.83828125 0.08515625 0.2859375