3 0.83984375 0.5578125 0.03828125 0.25
3 0.80390625 0.5328125 0.0515625 0.2203125
3 0.765625 0.51171875 0.0359375 0.1953125
3 0.75 0.490625 0.0375 0.1625
3 0.7359375 0.478125 0.03203125 0.1578125
3 0.7125 0.47265625 0.025 0.1515625
3 0.69609375 0.46875 0.01328125 0.11328125
3 0.6828125 0.453125 0.0203125 0.0984375
3 0.15546875 0.5640625 0.04296875 0.2328125
3 0.20546875 0.54296875 0.03515625 0.20390625
3 0.2484375 0.525 0.03203125 0.17734375
3 0.2796875 0.50390625 0.03046875 0.165625
3 0.30546875 0.49375 0.0375 0.15234375
3 0.3296875 0.484375 0.02578125 0.14453125
3 0.3578125 0.46875 0.02109375 0.109375
3 0.3703125 0.465625 0.02109375 0.11640625