4 0.9453125 0.8203125 0.10859375 0.33359375
6 0.3046875 0.5578125 0.1953125 0.1890625
4 0.015625 0.509375 0.03125 0.00625
5 0.4125 0.50546875 0.00390625 0.01640625
5 0.6796875 0.56875 0.05546875 0.1828125
5 0.5734375 0.5796875 0.053125 0.2015625
5 0.0796875 0.509375 0.00703125 0.02890625
5 0.3671875 0.584375 0.06640625 0.2234375
5 0.85390625 0.54765625 0.015625 0.0546875
5 0.01953125 0.5921875 0.0390625 0.2328125
5 0.853125 0.5265625 0.01953125 0.08515625
5 0.69140625 0.4984375 0.0046875 0.01484375
5 0.98203125 0.5578125 0.025 0.06875