5 0.65625 0.5453125 0.0265625 0.08359375
5 0.696875 0.54453125 0.021875 0.09296875
5 0.73125 0.540625 0.0203125 0.1015625
5 0.7734375 0.54921875 0.0296875 0.1515625
5 0.82890625 0.5625 0.03125 0.12109375
5 0.8 0.5328125 0.01640625 0.10859375
5 0.81328125 0.546875 0.01640625 0.10703125
6 0.1203125 0.478125 0.13828125 0.18359375
4 0.1484375 0.53125 0.18046875 0.1875
4 0.24765625 0.50859375 0.02734375 0.053125
4 0.2734375 0.50625 0.02265625 0.0484375
4 0.2921875 0.50546875 0.01796875 0.046875
4 0.3109375 0.4984375 0.021875 0.03359375
4 0.328125 0.5 0.01328125 0.0359375
4 0.3421875 0.49765625 0.01171875 0.03203125
4 0.365625 0.50390625 0.03828125 0.04453125
4 0.3953125 0.5 0.01796875 0.03203125
4 0.41328125 0.496875 0.0140625 0.01640625
4 0.43125 0.5 0.015625 0.0234375
4 0.4453125 0.49765625 0.01328125 0.01953125
5 0.553125 0.528125 0.01640625 0.06796875
5 0.54296875 0.5203125 0.01328125 0.0484375
5 0.5734375 0.5234375 0.01640625 0.05703125
5 0.590625 0.52265625 0.01484375 0.0640625
5 0.6015625 0.525 0.0109375 0.05546875