5 0.09296875 0.52578125 0.01953125 0.09296875
5 0.0734375 0.52265625 0.01875 0.0984375
5 0.2046875 0.50546875 0.0234375 0.1015625
5 0.040625 0.528125 0.01953125 0.0890625
5 0.18671875 0.50703125 0.01484375 0.0890625
5 0.21640625 0.50703125 0.015625 0.084375
5 0.6671875 0.47734375 0.01015625 0.04453125
5 0.784375 0.50546875 0.0234375 0.05859375
5 0.01484375 0.5296875 0.0234375 0.1125
5 0.00546875 0.5265625 0.0109375 0.0859375
4 0.39296875 0.4609375 0.02109375 0.0265625
4 0.3734375 0.46953125 0.03671875 0.046875
4 0.3640625 0.48359375 0.01875 0.046875
4 0.340625 0.48359375 0.04375 0.0609375
4 0.315625 0.50078125 0.040625 0.05859375
4 0.58359375 0.4796875 0.0328125 0.03046875
4 0.6015625 0.496875 0.0328125 0.046875
4 0.61875 0.503125 0.040625 0.05390625
4 0.27421875 0.50703125 0.06875 0.084375
4 0.646875 0.51953125 0.06171875 0.071875
4 0.47890625 0.659375 0.29296875 0.4359375
4 0.8625 0.65390625 0.27421875 0.52109375