4 0.4078125 0.33984375 0.015625 0.0140625
4 0.396875 0.340625 0.015625 0.0125
4 0.3875 0.34453125 0.01640625 0.02109375
4 0.37421875 0.36796875 0.04453125 0.065625
4 0.35 0.36796875 0.02265625 0.053125
4 0.3421875 0.3796875 0.02890625 0.09453125
4 0.4390625 0.43671875 0.14453125 0.2125
4 0.59140625 0.40078125 0.03359375 0.08203125
4 0.65859375 0.415625 0.14609375 0.20390625
4 0.8328125 0.49453125 0.33359375 0.4234375
4 0.9421875 0.74921875 0.11484375 0.35859375
6 0.2234375 0.2796875 0.2234375 0.390625
4 0.025 0.36875 0.0484375 0.05546875
5 0.5359375 0.36015625 0.01015625 0.03203125
5 0.546875 0.35625 0.00546875 0.0375
5 0.5515625 0.36015625 0.01015625 0.04453125
5 0.5421875 0.36015625 0.01015625 0.046875
5 0.59140625 0.35078125 0.015625 0.04296875
4 0.1078125 0.359375 0.0375 0.0359375