6 0.8421875 0.4703125 0.17421875 0.1125
4 0.15078125 0.46796875 0.02890625 0.028125
4 0.0796875 0.465625 0.009375 0.01953125
4 0.046875 0.453125 0.01328125 0.015625
4 0.065625 0.4625 0.02265625 0.02109375
4 0.1078125 0.478125 0.06328125 0.04296875
4 0.40703125 0.4703125 0.0109375 0.015625
4 0.3859375 0.4703125 0.025 0.0234375
4 0.359375 0.471875 0.025 0.028125
4 0.5078125 0.471875 0.0296875 0.0359375
6 0.0171875 0.446875 0.015625 0.015625
4 0.465625 0.45859375 0.0140625 0.0125
4 0.44453125 0.46171875 0.021875 0.0109375
4 0.5625 0.465625 0.040625 0.028125
4 0.540625 0.46015625 0.01796875 0.01640625