4 0.06484375 0.62265625 0.1296875 0.209375
4 0.86484375 0.7078125 0.2671875 0.58046875
5 0.175 0.53828125 0.01328125 0.0984375
5 0.2015625 0.5421875 0.02421875 0.09296875
4 0.2796875 0.56328125 0.07890625 0.0859375
4 0.33125 0.54296875 0.04453125 0.08203125
4 0.3609375 0.5359375 0.02421875 0.06796875
4 0.3796875 0.534375 0.01328125 0.05546875
4 0.3921875 0.53203125 0.015625 0.034375
4 0.434375 0.5203125 0.01328125 0.04453125
4 0.5171875 0.521875 0.02734375 0.065625
6 0.47578125 0.51328125 0.05078125 0.10703125
4 0.41875 0.534375 0.03828125 0.0625
4 0.44453125 0.503125 0.01328125 0.04296875
5 0.653125 0.54453125 0.00859375 0.05859375