5 0.909375 0.6125 0.040625 0.15
4 0.4328125 0.625 0.01484375 0.040625
4 0.4171875 0.6265625 0.0265625 0.0515625
4 0.3984375 0.63203125 0.0265625 0.05859375
4 0.378125 0.63359375 0.034375 0.05546875
4 0.346875 0.6421875 0.05546875 0.075
4 0.3 0.65 0.0578125 0.0890625
4 0.55625 0.61328125 0.01484375 0.02109375
5 0.571875 0.6046875 0.01015625 0.0375
4 0.5890625 0.61796875 0.04453125 0.06796875
4 0.6015625 0.6265625 0.0421875 0.075
4 0.6234375 0.63125 0.04609375 0.09296875
4 0.4578125 0.6203125 0.02421875 0.0390625
4 0.515625 0.63515625 0.08671875 0.11640625
4 0.68125 0.6390625 0.1078125 0.1234375
4 0.209375 0.6578125 0.13984375 0.1609375
4 0.03359375 0.69765625 0.0671875 0.184375
4 0.978125 0.74921875 0.0421875 0.115625