4 0.60390625 0.63515625 0.0234375 0.03203125
4 0.590625 0.63828125 0.009375 0.0234375
4 0.5828125 0.6375 0.009375 0.021875
4 0.5359375 0.6421875 0.01796875 0.0515625
4 0.525 0.640625 0.01875 0.06796875
4 0.6609375 0.63828125 0.0125 0.0234375
4 0.69140625 0.6359375 0.02109375 0.071875
4 0.71484375 0.64609375 0.05703125 0.1140625
4 0.3140625 0.68359375 0.13671875 0.19140625
4 0.1359375 0.6890625 0.27109375 0.25
4 0.7359375 0.65625 0.0296875 0.15703125
4 0.87265625 0.52109375 0.25390625 0.6
4 0.4859375 0.6453125 0.071875 0.09453125
4 0.57109375 0.6390625 0.02109375 0.02890625
4 0.63125 0.6328125 0.04140625 0.053125
5 0.55390625 0.6421875 0.0078125 0.025
5 0.56015625 0.64140625 0.00703125 0.021875
4 0.4390625 0.6390625 0.021875 0.02109375