4 0.21875 0.540625 0.11640625 0.1234375
4 0.2921875 0.51875 0.08984375 0.09296875
4 0.346875 0.5234375 0.0390625 0.0484375
4 0.38359375 0.5140625 0.03671875 0.04453125
4 0.3953125 0.503125 0.0359375 0.05
4 0.425 0.50703125 0.0171875 0.025
4 0.559375 0.50703125 0.01015625 0.04609375
4 0.51640625 0.5046875 0.0109375 0.01953125
4 0.484375 0.509375 0.025 0.040625
4 0.4421875 0.5078125 0.01328125 0.02109375
4 0.45390625 0.5046875 0.009375 0.0125
4 0.51875 0.50703125 0.00703125 0.01796875
4 0.50625 0.50546875 0.01171875 0.0140625
4 0.53125 0.5109375 0.0171875 0.028125
4 0.6171875 0.5359375 0.05390625 0.0609375
6 0.59765625 0.484375 0.06953125 0.1234375
5 0.60546875 0.47734375 0.01484375 0.046875
5 0.646875 0.515625 0.0109375 0.05
5 0.6640625 0.515625 0.0109375 0.06640625
5 0.67734375 0.51171875 0.01015625 0.04453125
5 0.6953125 0.5109375 0.01328125 0.04609375
5 0.7171875 0.5125 0.01171875 0.0609375
5 0.7484375 0.52421875 0.01328125 0.0625
5 0.7859375 0.52421875 0.0203125 0.08046875
5 0.8 0.51484375 0.01328125 0.05546875
5 0.83203125 0.53515625 0.01953125 0.1015625
5 0.709375 0.52265625 0.01171875 0.084375
5 0.76796875 0.52421875 0.01953125 0.10546875