5 0.7734375 0.46875 0.01875 0.0484375
5 0.7390625 0.51640625 0.03984375 0.1765625
5 0.8265625 0.43046875 0.02265625 0.065625
5 0.09609375 0.5203125 0.01171875 0.0359375
5 0.0796875 0.51015625 0.01328125 0.0234375
5 0.00625 0.51328125 0.0125 0.0265625
5 0.16640625 0.52578125 0.01484375 0.06953125
5 0.171875 0.52734375 0.01484375 0.07109375
4 0.278125 0.5328125 0.0140625 0.046875
4 0.4390625 0.515625 0.0140625 0.02109375
4 0.425 0.51953125 0.01875 0.03046875
6 0.4859375 0.5015625 0.03359375 0.075
4 0.5125 0.51640625 0.04375 0.0640625
4 0.3515625 0.54140625 0.146875 0.21640625
4 0.05859375 0.57734375 0.1171875 0.14140625
4 0.6140625 0.5421875 0.159375 0.209375
4 0.85546875 0.5453125 0.28671875 0.64296875