5 0.028125 0.51640625 0.02890625 0.153125
5 0.059375 0.521875 0.0265625 0.1265625
5 0.94765625 0.565625 0.08984375 0.31953125
5 0.87109375 0.53125 0.04765625 0.13359375
4 0.234375 0.534375 0.08984375 0.096875
4 0.33046875 0.5375 0.09375 0.090625
4 0.56875 0.5484375 0.07421875 0.09140625
4 0.3828125 0.528125 0.04296875 0.0765625
4 0.28125 0.534375 0.0234375 0.065625
4 0.53046875 0.5421875 0.03515625 0.0625
4 0.51875 0.5328125 0.034375 0.0640625
4 0.5 0.534375 0.01484375 0.034375
4 0.490625 0.52890625 0.028125 0.046875
4 0.4703125 0.534375 0.01953125 0.034375
4 0.45703125 0.52578125 0.025 0.0359375
4 0.4359375 0.52890625 0.0125 0.021875
4 0.43125 0.52578125 0.0203125 0.02890625
4 0.41875 0.525 0.0078125 0.0234375
4 0.4109375 0.52734375 0.0078125 0.028125