4 0.884375 0.5078125 0.03046875 0.0125
4 0.9640625 0.521875 0.03828125 0.03125
4 0.72734375 0.5078125 0.01875 0.0109375
6 0.4953125 0.440625 0.246875 0.46875
5 0.83359375 0.51875 0.0125 0.0578125
5 0.953125 0.5046875 0.0046875 0.01484375
5 0.29375 0.51953125 0.0109375 0.05625
5 0.88828125 0.51171875 0.0078125 0.0359375
5 0.8171875 0.50546875 0.00390625 0.01640625
5 0.796875 0.54921875 0.03125 0.1609375
5 0.8234375 0.50546875 0.0046875 0.01640625
5 0.68515625 0.5203125 0.00625 0.0234375
5 0.82890625 0.51328125 0.00625 0.03359375