4 0.6421875 0.35859375 0.084375 0.03359375
4 0.64375 0.3625 0.071875 0.0375
4 0.65625 0.3640625 0.08515625 0.028125
4 0.6734375 0.378125 0.09921875 0.07109375
4 0.7265625 0.365625 0.18515625 0.1140625
4 0.728125 0.3859375 0.16015625 0.0859375
4 0.76484375 0.396875 0.16171875 0.10390625
4 0.8359375 0.39296875 0.284375 0.15
4 0.8609375 0.425 0.265625 0.19140625
4 0.9046875 0.45390625 0.18828125 0.240625
4 0.9328125 0.55234375 0.13125 0.23046875
6 0.5453125 0.39609375 0.15078125 0.23046875
6 0.4578125 0.3171875 0.0921875 0.1265625
6 0.453125 0.36484375 0.08984375 0.14140625
4 0.3765625 0.41484375 0.13203125 0.21796875
4 0.12421875 0.396875 0.0609375 0.04453125
4 0.0828125 0.4609375 0.16484375 0.1484375
4 0.2125 0.49765625 0.3203125 0.359375