4 0.059375 0.55234375 0.11875 0.2140625
4 0.11640625 0.49609375 0.03359375 0.0484375
4 0.734375 0.5625 0.08984375 0.0859375
4 0.66875 0.54453125 0.05234375 0.1
4 0.5109375 0.52265625 0.0234375 0.05390625
4 0.53203125 0.52265625 0.01796875 0.040625
4 0.54296875 0.53515625 0.02109375 0.04609375
4 0.1859375 0.58671875 0.21953125 0.20703125
4 0.42890625 0.590625 0.1703125 0.228125
4 0.59453125 0.57109375 0.11015625 0.13046875
5 0.74140625 0.5546875 0.025 0.1625
5 0.9140625 0.5828125 0.040625 0.23203125