5 0.8375 0.396875 0.01484375 0.0515625
5 0.7828125 0.40703125 0.0171875 0.0484375
5 0.7671875 0.40234375 0.0171875 0.06796875
5 0.68125 0.39765625 0.01484375 0.05390625
5 0.64609375 0.3953125 0.01015625 0.0484375
4 0.1578125 0.41171875 0.0265625 0.03046875
4 0.290625 0.39140625 0.0234375 0.0234375
4 0.0796875 0.403125 0.13046875 0.084375
4 0.365625 0.39296875 0.01484375 0.02109375
4 0.3734375 0.39765625 0.01484375 0.01640625
4 0.384375 0.396875 0.01015625 0.01796875
4 0.403125 0.3984375 0.01171875 0.01796875
4 0.4109375 0.396875 0.01328125 0.0234375
4 0.425 0.39453125 0.015625 0.028125
4 0.43984375 0.39765625 0.01953125 0.03046875
4 0.4796875 0.4 0.01875 0.0265625
4 0.55390625 0.3984375 0.02890625 0.0375
4 0.56953125 0.403125 0.0265625 0.046875
4 0.4578125 0.40234375 0.02734375 0.04453125
4 0.5109375 0.42578125 0.07109375 0.09609375
4 0.590625 0.403125 0.04453125 0.046875
4 0.928125 0.40859375 0.059375 0.05546875