4 0.4375 0.3484375 0.009375 0.01640625
4 0.42734375 0.34609375 0.0203125 0.01953125
6 0.409375 0.33671875 0.01953125 0.03046875
6 0.403125 0.340625 0.0203125 0.03359375
4 0.3953125 0.35234375 0.0234375 0.0234375
6 0.3796875 0.34921875 0.0328125 0.05390625
4 0.3609375 0.36484375 0.03203125 0.04140625
4 0.3515625 0.37265625 0.02109375 0.04453125
4 0.33203125 0.375 0.0421875 0.05546875
4 0.278125 0.38203125 0.04375 0.0484375
4 0.49765625 0.34765625 0.01640625 0.021875
4 0.5078125 0.35546875 0.01875 0.028125
4 0.615625 0.43125 0.075 0.0984375
4 0.62421875 0.390625 0.0890625 0.05703125
4 0.446875 0.34921875 0.01953125 0.0265625
4 0.39375 0.415625 0.07421875 0.11953125
4 0.3046875 0.41171875 0.08359375 0.11640625
6 0.53359375 0.3609375 0.04375 0.07890625
4 0.1265625 0.42890625 0.134375 0.11953125
4 0.021875 0.4609375 0.04296875 0.128125
6 0.81484375 0.3765625 0.36875 0.55390625
5 0.19609375 0.41796875 0.02109375 0.09296875
5 0.20625 0.39140625 0.01953125 0.06953125
5 0.2125 0.3796875 0.015625 0.065625
5 0.2328125 0.3875 0.0125 0.0640625
5 0.25 0.396875 0.01171875 0.07109375
5 0.2640625 0.4046875 0.01640625 0.075
5 0.06640625 0.384375 0.01953125 0.05390625
5 0.04140625 0.40546875 0.02265625 0.090625
5 0.56875 0.371875 0.01171875 0.05
5 0.6234375 0.45390625 0.05078125 0.18359375