4 0.390625 0.296875 0.01484375 0.03046875
4 0.3796875 0.309375 0.01484375 0.07109375
4 0.35625 0.3125 0.03515625 0.0875
4 0.3421875 0.3203125 0.04609375 0.096875
4 0.3109375 0.33125 0.0484375 0.1140625
4 0.2265625 0.33125 0.1453125 0.1984375
4 0.48984375 0.309375 0.0203125 0.03046875
4 0.46328125 0.29609375 0.03125 0.0625
6 0.51875 0.29609375 0.03671875 0.078125
6 0.5546875 0.31640625 0.05703125 0.084375
4 0.4296875 0.328125 0.065625 0.1125
4 0.090625 0.35078125 0.178125 0.3859375
5 0.63984375 0.32109375 0.01484375 0.075
5 0.659375 0.325 0.0125 0.05859375
5 0.66171875 0.32265625 0.01171875 0.05546875
5 0.71484375 0.3375 0.0125 0.07890625
5 0.728125 0.32734375 0.01328125 0.084375
5 0.7421875 0.32421875 0.01171875 0.08203125
5 0.771875 0.3203125 0.0234375 0.090625
5 0.803125 0.33671875 0.03125 0.115625
5 0.746875 0.3625 0.040625 0.1359375
5 0.59375 0.31484375 0.0125 0.053125
5 0.584375 0.32265625 0.01171875 0.0515625
5 0.646875 0.33828125 0.015625 0.08046875
4 0.9625 0.325 0.07109375 0.071875