4 0.4046875 0.44140625 0.01875 0.0234375
4 0.3765625 0.43203125 0.0203125 0.0109375
4 0.3578125 0.446875 0.01796875 0.0234375
4 0.3375 0.44140625 0.0203125 0.040625
4 0.221875 0.46484375 0.06796875 0.08359375
4 0.47109375 0.44296875 0.03515625 0.04453125
4 0.8046875 0.42734375 0.040625 0.0265625
4 0.85625 0.453125 0.11171875 0.09296875
4 0.384375 0.45234375 0.02265625 0.0265625
4 0.4328125 0.45859375 0.05703125 0.07109375
4 0.27109375 0.44140625 0.04296875 0.071875
4 0.09609375 0.4671875 0.1890625 0.19609375
6 0.6453125 0.421875 0.321875 0.39296875
4 0.91953125 0.50234375 0.1609375 0.1796875
4 0.31875 0.4484375 0.03671875 0.04453125
6 0.0453125 0.3984375 0.0421875 0.04140625