4 0.4875 0.46328125 0.01796875 0.02109375
4 0.471875 0.465625 0.0140625 0.0234375
4 0.45390625 0.465625 0.03515625 0.065625
4 0.496875 0.47421875 0.01953125 0.0265625
4 0.5140625 0.4890625 0.03515625 0.046875
4 0.2296875 0.475 0.071875 0.0625
4 0.065625 0.4640625 0.13046875 0.1140625
6 0.85625 0.52421875 0.1453125 0.25
4 0.76484375 0.51796875 0.025 0.0265625
4 0.6875 0.69609375 0.40078125 0.43203125
4 0.9625 0.7828125 0.07421875 0.265625
5 0.365625 0.48671875 0.01875 0.0890625
5 0.4 0.47109375 0.0109375 0.04453125