4 0.4984375 0.234375 0.03828125 0.02890625
4 0.4703125 0.23203125 0.021875 0.0390625
4 0.3984375 0.2484375 0.01484375 0.01796875
4 0.3890625 0.2703125 0.02890625 0.04609375
4 0.3625 0.271875 0.03046875 0.05546875
4 0.165625 0.2984375 0.040625 0.05546875
4 0.11328125 0.309375 0.05859375 0.07109375
4 0.04375 0.31328125 0.0875 0.0890625
4 0.209375 0.303125 0.07734375 0.09140625
4 0.3109375 0.31171875 0.1265625 0.14609375
4 0.48984375 0.29921875 0.07734375 0.1
6 0.43671875 0.234375 0.0640625 0.125
5 0.603125 0.24453125 0.01640625 0.0640625
5 0.62578125 0.2421875 0.02578125 0.09296875