5 0.17109375 0.4046875 0.0421875 0.14453125
5 0.884375 0.5203125 0.075 0.33359375
5 0.9890625 0.5765625 0.0171875 0.31640625
4 0.44296875 0.46171875 0.01484375 0.040625
4 0.428125 0.4578125 0.01875 0.0484375
4 0.4140625 0.45390625 0.0125 0.0484375
4 0.4015625 0.4453125 0.0203125 0.0625
4 0.375 0.4359375 0.06015625 0.0890625
4 0.309375 0.43125 0.11171875 0.1109375
4 0.4765625 0.45859375 0.0421875 0.05390625
4 0.5015625 0.471875 0.01484375 0.028125
4 0.515625 0.46796875 0.00859375 0.028125
4 0.525 0.471875 0.01171875 0.03046875
4 0.5390625 0.4671875 0.0203125 0.046875
4 0.55078125 0.4640625 0.03125 0.0640625
4 0.578125 0.4625 0.04375 0.08359375
4 0.64296875 0.4640625 0.1140625 0.165625
4 0.74765625 0.503125 0.21484375 0.23359375