4 0.5203125 0.47421875 0.009375 0.02109375
4 0.43984375 0.459375 0.015625 0.025
4 0.43203125 0.4671875 0.01875 0.0359375
4 0.3015625 0.4890625 0.025 0.0484375
4 0.271875 0.48671875 0.04765625 0.0609375
4 0.24609375 0.496875 0.040625 0.05703125
4 0.1984375 0.4953125 0.0609375 0.0875
4 0.5296875 0.47578125 0.0140625 0.040625
4 0.5375 0.478125 0.01328125 0.04453125
4 0.5453125 0.4796875 0.01875 0.04453125
4 0.55625 0.48359375 0.01875 0.0515625
6 0.4796875 0.45078125 0.075 0.159375
4 0.11171875 0.50625 0.11875 0.11953125
4 0.3703125 0.51796875 0.12890625 0.1765625
6 0.778125 0.35703125 0.43984375 0.7140625