4 0.61875 0.54140625 0.0078125 0.02109375
4 0.615625 0.546875 0.01015625 0.02109375
4 0.6328125 0.5421875 0.009375 0.01640625
4 0.6515625 0.5421875 0.01171875 0.01953125
4 0.659375 0.55 0.01171875 0.01953125
4 0.6703125 0.55703125 0.01328125 0.0234375
4 0.7109375 0.584375 0.03828125 0.06796875
4 0.5953125 0.55859375 0.02734375 0.040625
5 0.61015625 0.56640625 0.01171875 0.04609375
5 0.1921875 0.60859375 0.05703125 0.196875
4 0.68359375 0.5609375 0.025 0.0359375
4 0.74453125 0.59765625 0.06875 0.090625
4 0.51953125 0.5984375 0.09765625 0.125
4 0.8640625 0.646875 0.175 0.20859375
4 0.35234375 0.66171875 0.24375 0.30390625