6 0.2953125 0.3453125 0.0453125 0.071875
4 0.80625 0.4328125 0.0171875 0.0515625
4 0.99140625 0.42421875 0.01484375 0.0359375
4 0.98359375 0.425 0.0234375 0.0359375
4 0.9625 0.42734375 0.0203125 0.0375
4 0.95 0.4296875 0.02109375 0.0359375
4 0.9125 0.4203125 0.06015625 0.0625
5 0.83671875 0.41328125 0.009375 0.01953125
5 0.8578125 0.428125 0.015625 0.053125
4 0.83515625 0.42421875 0.04609375 0.05703125
6 0.871875 0.41640625 0.03984375 0.071875
4 0.75 0.4265625 0.09296875 0.07109375
4 0.38515625 0.39765625 0.07265625 0.12109375
5 0.2109375 0.375 0.0203125 0.075
5 0.4703125 0.403125 0.0203125 0.075
5 0.265625 0.3578125 0.00546875 0.0484375