4 0.55546875 0.55234375 0.00703125 0.0125
4 0.546875 0.54765625 0.00703125 0.009375
4 0.546875 0.56015625 0.01015625 0.0125
4 0.5390625 0.54453125 0.00546875 0.0109375
4 0.5328125 0.54609375 0.00625 0.0109375
4 0.5375 0.55546875 0.00859375 0.0109375
4 0.52578125 0.5484375 0.00625 0.0109375
4 0.52734375 0.5640625 0.009375 0.0140625
4 0.515625 0.55078125 0.01171875 0.009375
4 0.52109375 0.5609375 0.00703125 0.0140625
4 0.5078125 0.56015625 0.0046875 0.015625
4 0.5015625 0.559375 0.01171875 0.01796875
4 0.5140625 0.565625 0.01171875 0.02109375
4 0.50546875 0.57109375 0.01328125 0.025
4 0.18984375 0.68515625 0.2328125 0.171875
4 0.8 0.6265625 0.14765625 0.16953125
4 0.44375 0.59765625 0.040625 0.0484375
4 0.0953125 0.6765625 0.08671875 0.10546875
4 0.2859375 0.61640625 0.03359375 0.034375
4 0.4859375 0.5671875 0.01875 0.040625
4 0.7203125 0.62265625 0.05703125 0.1125
4 0.690625 0.60546875 0.0671875 0.096875
4 0.6546875 0.60234375 0.04375 0.07890625
4 0.6234375 0.584375 0.0484375 0.0765625
4 0.5875 0.56875 0.02578125 0.05546875
4 0.471875 0.57734375 0.0203125 0.03046875
4 0.571875 0.5546875 0.01015625 0.0109375
4 0.56875 0.55078125 0.00859375 0.0140625
4 0.3640625 0.60078125 0.034375 0.04140625
5 0.403125 0.60078125 0.003125 0.02109375
5 0.4078125 0.60078125 0.0046875 0.0265625
5 0.415625 0.59765625 0.0046875 0.03359375
5 0.41875 0.59921875 0.00546875 0.03203125
5 0.475 0.596875 0.0078125 0.03046875
5 0.5703125 0.584375 0.01171875 0.034375
4 0.53359375 0.58125 0.01953125 0.0265625
6 0.028125 0.47265625 0.05390625 0.85859375