5 0.73984375 0.60078125 0.02265625 0.07109375
4 0.3875 0.58515625 0.01484375 0.01953125
4 0.375 0.58671875 0.0109375 0.01953125
6 0.446875 0.5609375 0.05234375 0.10703125
4 0.5203125 0.590625 0.015625 0.0375
4 0.5359375 0.60390625 0.028125 0.053125
4 0.696875 0.63359375 0.0765625 0.146875
4 0.3296875 0.596875 0.03828125 0.0640625
4 0.309375 0.61484375 0.03125 0.084375
4 0.271875 0.63984375 0.096875 0.12109375
4 0.48984375 0.6109375 0.07109375 0.084375
6 0.6140625 0.63359375 0.16484375 0.20859375
5 0.21875 0.6015625 0.01328125 0.0484375
5 0.23125 0.603125 0.01015625 0.03359375