5 0.74296875 0.5359375 0.028125 0.08359375
5 0.821875 0.55546875 0.04921875 0.115625
5 0.5640625 0.490625 0.01015625 0.0265625
5 0.584375 0.496875 0.009375 0.01953125
5 0.60859375 0.5 0.01015625 0.02890625
5 0.6265625 0.50390625 0.009375 0.028125
5 0.6203125 0.50078125 0.0046875 0.028125
5 0.328125 0.5578125 0.053125 0.2484375
5 0.3796875 0.5828125 0.0453125 0.27890625
4 0.14140625 0.45234375 0.03046875 0.04609375
4 0.1078125 0.4484375 0.06171875 0.071875
4 0.29296875 0.4625 0.0421875 0.0375
4 0.53125 0.49453125 0.05859375 0.07109375
4 0.484375 0.49296875 0.04375 0.046875
4 0.396875 0.56875 0.13203125 0.225
4 0.559375 0.51953125 0.075 0.04296875
4 0.48203125 0.534375 0.053125 0.0734375
4 0.5859375 0.746875 0.33984375 0.44140625