5 0.06875 0.61875 0.0296875 0.1109375
5 0.9671875 0.653125 0.06171875 0.28359375
5 0.9125 0.65625 0.04765625 0.171875
5 0.7921875 0.6375 0.0359375 0.1859375
5 0.7578125 0.64375 0.0421875 0.1984375
5 0.728125 0.63359375 0.03359375 0.15703125
5 0.278125 0.6171875 0.03671875 0.1125
5 0.503125 0.64296875 0.00859375 0.0390625
5 0.4703125 0.6375 0.009375 0.04296875
5 0.334375 0.640625 0.01015625 0.0359375
4 0.303125 0.6375 0.03515625 0.05703125
4 0.253125 0.63125 0.05703125 0.07890625
4 0.3859375 0.64140625 0.0296875 0.040625
4 0.4171875 0.640625 0.03046875 0.03203125
4 0.5453125 0.634375 0.0609375 0.09453125
4 0.44375 0.64453125 0.03125 0.01640625
5 0.4921875 0.628125 0.00859375 0.0390625
4 0.4859375 0.6390625 0.01328125 0.01796875