5 0.1390625 0.51953125 0.02734375 0.090625
6 0.059375 0.52265625 0.1171875 0.096875
4 0.1328125 0.52578125 0.0640625 0.0625
4 0.921875 0.6703125 0.15546875 0.36640625
5 0.990625 0.484375 0.01484375 0.10703125
5 0.9484375 0.5 0.03515625 0.10390625
5 0.884375 0.5015625 0.02421875 0.1359375
5 0.828125 0.48828125 0.01875 0.090625
5 0.328125 0.50703125 0.009375 0.0515625
5 0.80390625 0.48671875 0.01328125 0.071875
5 0.7875 0.47421875 0.01328125 0.04296875
5 0.74296875 0.4640625 0.009375 0.021875
5 0.725 0.4640625 0.0078125 0.021875
5 0.7125 0.4625 0.0109375 0.01953125
5 0.84765625 0.48671875 0.0109375 0.06796875
5 0.6296875 0.48828125 0.0109375 0.04609375
5 0.61875 0.48046875 0.0078125 0.0359375
5 0.634375 0.47578125 0.00703125 0.0265625
5 0.7578125 0.4515625 0.0078125 0.0359375
5 0.6609375 0.48828125 0.0078125 0.04609375
5 0.6921875 0.4734375 0.0125 0.0359375
5 0.64375 0.4890625 0.0109375 0.0484375
4 0.73984375 0.553125 0.1640625 0.16796875
4 0.515625 0.5421875 0.12734375 0.184375
4 0.5953125 0.48359375 0.02421875 0.04140625
4 0.4 0.5015625 0.0453125 0.053125
4 0.36875 0.5015625 0.02890625 0.053125
4 0.35 0.478125 0.03125 0.03203125
4 0.46328125 0.48203125 0.0203125 0.053125
4 0.571875 0.49375 0.01328125 0.03359375