4 0.434375 0.79140625 0.009375 0.01640625
4 0.4296875 0.7953125 0.0078125 0.0125
4 0.409375 0.8 0.009375 0.0234375
4 0.3734375 0.809375 0.01875 0.028125
4 0.171875 0.83671875 0.11015625 0.075
4 0.06328125 0.846875 0.10703125 0.084375
4 0.040625 0.871875 0.08125 0.08125
4 0.734375 0.86328125 0.24765625 0.26953125
5 0.475 0.7890625 0.00625 0.025
6 0.475 0.78515625 0.015625 0.025
6 0.496875 0.78359375 0.02265625 0.0390625
4 0.5671875 0.809375 0.08671875 0.13359375
4 0.421875 0.796875 0.01015625 0.01953125
4 0.39453125 0.80546875 0.0203125 0.03046875
4 0.346875 0.81875 0.0390625 0.05
4 0.2640625 0.834375 0.0703125 0.09453125
4 0.44375 0.79296875 0.009375 0.0125
4 0.45 0.78984375 0.0078125 0.015625