4 0.38046875 0.50546875 0.0140625 0.0265625
4 0.39140625 0.49765625 0.01015625 0.0109375
4 0.4328125 0.49453125 0.01015625 0.01796875
4 0.44453125 0.48828125 0.009375 0.01953125
4 0.4515625 0.49453125 0.01015625 0.02109375
6 0.4640625 0.48515625 0.021875 0.046875
4 0.48125 0.49765625 0.009375 0.02109375
4 0.4921875 0.49765625 0.009375 0.02890625
4 0.5078125 0.49765625 0.025 0.04296875
4 0.5265625 0.48671875 0.028125 0.04296875
4 0.534375 0.50078125 0.02109375 0.0484375
4 0.5515625 0.4890625 0.0265625 0.06796875
4 0.584375 0.490625 0.06640625 0.071875
4 0.78125 0.49296875 0.19609375 0.19609375
4 0.36328125 0.5109375 0.0078125 0.0265625
4 0.34609375 0.51015625 0.0265625 0.03203125
4 0.3109375 0.50859375 0.05 0.0640625
6 0.25625 0.50234375 0.053125 0.08046875
6 0.184375 0.50078125 0.09140625 0.11953125
6 0.084375 0.4859375 0.16796875 0.209375
4 0.0421875 0.5984375 0.0828125 0.1625
4 0.890625 0.7390625 0.2171875 0.478125
4 0.93359375 0.44296875 0.1265625 0.134375