6 0.41640625 0.378125 0.040625 0.06953125
5 0.140625 0.38515625 0.04375 0.16796875
5 0.2125 0.4015625 0.05390625 0.1890625
5 0.2546875 0.396875 0.02890625 0.125
5 0.271875 0.38359375 0.03046875 0.09296875
5 0.284375 0.40859375 0.01875 0.0984375
5 0.303125 0.403125 0.0109375 0.0859375
5 0.3328125 0.403125 0.01640625 0.0640625
5 0.3171875 0.39609375 0.01484375 0.08203125
5 0.753125 0.50390625 0.015625 0.07890625
5 0.7375 0.47890625 0.0109375 0.078125
5 0.7125 0.503125 0.01484375 0.08359375
5 0.7640625 0.5015625 0.01953125 0.09140625
5 0.6546875 0.47578125 0.01328125 0.06796875
5 0.6453125 0.44453125 0.00859375 0.01953125
4 0.38046875 0.42421875 0.07109375 0.090625
4 0.60234375 0.4765625 0.04296875 0.09296875
4 0.8875 0.55859375 0.21796875 0.18046875
4 0.8953125 0.6859375 0.20703125 0.3125
4 0.496875 0.53046875 0.20546875 0.30546875
4 0.578125 0.440625 0.0265625 0.078125