4 0.4328125 0.27578125 0.01171875 0.01640625
4 0.43046875 0.29453125 0.0171875 0.02109375
4 0.4171875 0.3140625 0.01484375 0.01796875
4 0.4109375 0.32890625 0.01484375 0.02109375
4 0.40390625 0.34453125 0.01953125 0.028125
4 0.3875 0.34921875 0.0171875 0.03359375
4 0.3671875 0.3515625 0.0359375 0.046875
4 0.36171875 0.36171875 0.025 0.034375
4 0.3421875 0.37265625 0.03671875 0.04140625
4 0.2921875 0.38671875 0.0578125 0.07890625
4 0.1875 0.4359375 0.08984375 0.121875
4 0.121875 0.47109375 0.11171875 0.159375
5 0.07265625 0.55703125 0.1265625 0.4015625
5 0.02890625 0.5671875 0.0578125 0.375
4 0.45234375 0.3421875 0.01015625 0.028125
4 0.4671875 0.3375 0.01015625 0.0375
4 0.475 0.34609375 0.015625 0.040625
4 0.4875 0.35625 0.03125 0.0515625
4 0.50078125 0.36640625 0.03984375 0.071875
4 0.51796875 0.384375 0.04453125 0.09296875
4 0.55 0.3921875 0.06953125 0.1234375
4 0.584375 0.41953125 0.1078125 0.15390625
4 0.4421875 0.34765625 0.02265625 0.034375
4 0.640625 0.47421875 0.1453125 0.1765625