4 0.4453125 0.59921875 0.009375 0.02890625
4 0.43828125 0.59765625 0.01640625 0.0265625
4 0.42265625 0.59375 0.02421875 0.021875
4 0.41875 0.60390625 0.02578125 0.03046875
4 0.390625 0.60390625 0.03046875 0.0390625
4 0.3828125 0.61328125 0.0234375 0.04140625
4 0.3671875 0.609375 0.02578125 0.06640625
4 0.325 0.6484375 0.0953125 0.1609375
4 0.153125 0.7109375 0.30625 0.340625
4 0.46171875 0.60078125 0.0328125 0.05
4 0.49296875 0.609375 0.0328125 0.05390625
5 0.4765625 0.615625 0.01171875 0.04609375
5 0.5078125 0.61015625 0.01015625 0.059375