5 0.8171875 0.38984375 0.02734375 0.1359375
5 0.71484375 0.390625 0.02109375 0.12890625
5 0.678125 0.3859375 0.025 0.1390625
5 0.6390625 0.39453125 0.02734375 0.121875
5 0.596875 0.384375 0.01953125 0.11640625
5 0.7265625 0.38359375 0.01875 0.1015625
5 0.69375 0.38828125 0.02109375 0.12890625
5 0.6640625 0.38828125 0.01484375 0.12890625
5 0.6515625 0.3953125 0.0171875 0.115625
5 0.6140625 0.378125 0.0265625 0.1125
5 0.55703125 0.3421875 0.01171875 0.0234375
4 0.22421875 0.35 0.0421875 0.0609375
4 0.3234375 0.35 0.015625 0.04140625
4 0.30859375 0.3484375 0.0265625 0.0640625
4 0.390625 0.35546875 0.0234375 0.04453125
4 0.353125 0.3578125 0.04765625 0.06796875
4 0.2734375 0.35078125 0.06328125 0.0859375
4 0.46875 0.3828125 0.21328125 0.1265625
4 0.9484375 0.403125 0.1015625 0.14609375
4 0.01640625 0.33515625 0.0328125 0.0390625