4 0.496875 0.4390625 0.01171875 0.025
4 0.4703125 0.45078125 0.01640625 0.0234375
4 0.459375 0.4484375 0.009375 0.0359375
4 0.4296875 0.453125 0.03125 0.046875
4 0.36484375 0.46875 0.0296875 0.06796875
4 0.4 0.4734375 0.05703125 0.05703125
4 0.33359375 0.478125 0.05625 0.0609375
5 0.1515625 0.4703125 0.0109375 0.046875
5 0.1421875 0.48125 0.01328125 0.0515625
5 0.12890625 0.48515625 0.015625 0.06796875
5 0.10859375 0.50546875 0.025 0.09609375
5 0.0609375 0.509375 0.01796875 0.09140625
5 0.04609375 0.51796875 0.01875 0.09140625
4 0.2140625 0.503125 0.17578125 0.09609375
4 0.5453125 0.425 0.01328125 0.05703125
4 0.62734375 0.47578125 0.16953125 0.12890625
5 0.7453125 0.5859375 0.1015625 0.4015625
4 0.796875 0.39765625 0.034375 0.0390625
4 0.82734375 0.4046875 0.0265625 0.03359375
4 0.85 0.409375 0.02890625 0.040625
4 0.884375 0.40703125 0.03984375 0.0390625
4 0.528125 0.43125 0.021875 0.03203125
5 0.55625 0.43828125 0.01171875 0.0390625