5 0.8015625 0.48046875 0.02734375 0.0984375
4 0.51875 0.459375 0.01328125 0.01953125
4 0.49375 0.4609375 0.02421875 0.03203125
4 0.459375 0.4609375 0.04609375 0.059375
4 0.409375 0.4671875 0.0515625 0.0640625
4 0.47890625 0.4609375 0.0125 0.02890625
4 0.43203125 0.46171875 0.015625 0.0359375
4 0.41875 0.45078125 0.02890625 0.0359375
4 0.6078125 0.478125 0.015625 0.05859375
6 0.5453125 0.4421875 0.03984375 0.08046875
4 0.571875 0.48046875 0.07421875 0.115625
4 0.6828125 0.48671875 0.0796875 0.121875
4 0.24609375 0.47734375 0.05 0.075
4 0.190625 0.4421875 0.03046875 0.028125
4 0.15 0.45546875 0.0609375 0.0484375
4 0.1140625 0.45703125 0.0421875 0.0484375
4 0.0796875 0.4390625 0.03828125 0.0265625
4 0.090625 0.465625 0.0609375 0.046875
4 0.19453125 0.4875 0.10625 0.084375
4 0.31875 0.4734375 0.090625 0.09296875
4 0.1109375 0.578125 0.21953125 0.4