4 0.021875 0.82578125 0.04140625 0.31796875
4 0.01796875 0.66171875 0.034375 0.09140625
5 0.0953125 0.6375 0.02734375 0.08203125
5 0.1296875 0.6421875 0.01796875 0.08203125
5 0.00625 0.6 0.0125 0.059375
5 0.03828125 0.634375 0.0203125 0.0875
5 0.0515625 0.6359375 0.0125 0.08046875
5 0.1578125 0.64296875 0.01484375 0.0609375
5 0.8125 0.68515625 0.02578125 0.1109375
5 0.84765625 0.68359375 0.0328125 0.13046875
5 0.8734375 0.69921875 0.02578125 0.09453125
4 0.24375 0.65078125 0.11171875 0.065625
4 0.4546875 0.7125 0.1875 0.3109375
4 0.0859375 0.6359375 0.08359375 0.065625
4 0.365625 0.6796875 0.0515625 0.14296875
6 0.6375 0.69375 0.1625 0.240625
4 0.3203125 0.66484375 0.03671875 0.04296875