4 0.45390625 0.64921875 0.0109375 0.0125
4 0.4203125 0.64765625 0.009375 0.0140625
4 0.4046875 0.6515625 0.009375 0.02109375
6 0.3671875 0.64765625 0.028125 0.04140625
4 0.33125 0.65390625 0.04609375 0.046875
4 0.29921875 0.64453125 0.025 0.0515625
4 0.2390625 0.6390625 0.01328125 0.015625
4 0.1453125 0.6515625 0.0484375 0.05546875
4 0.19375 0.64375 0.07890625 0.078125
4 0.07734375 0.6515625 0.090625 0.0625
4 0.2625 0.6546875 0.07109375 0.0625
6 0.784375 0.65 0.1109375 0.1875
5 0.14296875 0.61484375 0.00859375 0.0125
5 0.1203125 0.6234375 0.009375 0.02109375
5 0.0453125 0.6265625 0.01640625 0.040625
5 0.8359375 0.7140625 0.01484375 0.10390625
5 0.82265625 0.71640625 0.01953125 0.084375
4 0.62734375 0.78828125 0.35 0.41953125
5 0.93515625 0.7109375 0.01875 0.08203125
4 0.95625 0.8140625 0.08671875 0.32109375