5 0.1078125 0.578125 0.02265625 0.08359375
5 0.165625 0.55625 0.01640625 0.071875
5 0.79375 0.559375 0.03984375 0.12109375
5 0.6375 0.528125 0.0078125 0.03359375
5 0.65859375 0.52421875 0.00703125 0.0359375
4 0.271875 0.5734375 0.10859375 0.10390625
6 0.346875 0.51796875 0.0875 0.159375
4 0.39296875 0.553125 0.01171875 0.05859375
4 0.465625 0.5359375 0.0328125 0.04296875
4 0.484375 0.534375 0.00703125 0.03359375
4 0.4921875 0.53515625 0.009375 0.03046875
4 0.5296875 0.5328125 0.03828125 0.05
4 0.5875 0.53046875 0.0265625 0.0375
4 0.5640625 0.53046875 0.01640625 0.034375
4 0.5078125 0.52578125 0.00859375 0.01953125