4 0.509375 0.47421875 0.08203125 0.1125
4 0.7140625 0.42578125 0.02734375 0.03046875
4 0.25078125 0.44609375 0.0625 0.06796875
4 0.575 0.43359375 0.0265625 0.03046875
4 0.6234375 0.421875 0.021875 0.01796875
4 0.3453125 0.4375 0.03828125 0.034375
4 0.7828125 0.41171875 0.02109375 0.0265625
4 0.7546875 0.421875 0.01875 0.028125
4 0.6953125 0.425 0.01171875 0.0234375
4 0.68359375 0.41875 0.01171875 0.02109375
4 0.65625 0.41640625 0.01171875 0.02109375
4 0.5953125 0.41640625 0.02734375 0.03046875
4 0.4546875 0.43203125 0.0234375 0.0234375
5 0.86953125 0.4140625 0.01171875 0.0640625
5 0.8515625 0.4140625 0.0171875 0.0640625