4 0.44375 0.57265625 0.01015625 0.028125
4 0.425 0.57578125 0.0296875 0.046875
4 0.421875 0.584375 0.02578125 0.04453125
4 0.409375 0.59921875 0.0234375 0.05546875
4 0.3546875 0.6140625 0.0828125 0.11796875
4 0.39453125 0.6078125 0.0296875 0.075
4 0.33125 0.646875 0.10859375 0.15390625
4 0.5421875 0.571875 0.01328125 0.0265625
4 0.55625 0.578125 0.021875 0.04609375
4 0.575 0.58828125 0.046875 0.0625
4 0.62734375 0.596875 0.08046875 0.0984375
4 0.771875 0.65546875 0.17578125 0.159375
4 0.459375 0.56328125 0.021875 0.028125
4 0.478125 0.56015625 0.015625 0.0265625
4 0.515625 0.553125 0.01640625 0.02109375
5 0.0625 0.68671875 0.05703125 0.284375
5 0.5125 0.6203125 0.09296875 0.1265625
5 0.7828125 0.5578125 0.015625 0.0640625
5 0.7625 0.5734375 0.015625 0.05859375