4 0.5453125 0.58515625 0.01171875 0.01953125
4 0.515625 0.584375 0.015625 0.01640625
4 0.4921875 0.58671875 0.0171875 0.015625
4 0.5609375 0.5828125 0.01875 0.0140625
4 0.58203125 0.58046875 0.015625 0.0140625
4 0.1671875 0.5890625 0.05078125 0.046875
4 0.5328125 0.5875 0.0234375 0.03046875
4 0.67109375 0.603125 0.0890625 0.1234375
6 0.4078125 0.57578125 0.0265625 0.034375
6 0.3921875 0.56875 0.0234375 0.0484375
6 0.3546875 0.56484375 0.05859375 0.05703125
6 0.3046875 0.5671875 0.0625 0.05859375
6 0.23203125 0.56171875 0.140625 0.0765625
4 0.0296875 0.5859375 0.059375 0.06875
6 0.0765625 0.546875 0.153125 0.134375