4 0.6296875 0.3453125 0.01171875 0.01953125
5 0.659375 0.34296875 0.009375 0.028125
4 0.64609375 0.3546875 0.021875 0.034375
6 0.60546875 0.32890625 0.01640625 0.0390625
4 0.6109375 0.359375 0.01953125 0.025
4 0.5921875 0.34375 0.0109375 0.02109375
4 0.5765625 0.34375 0.015625 0.02109375
4 0.56640625 0.36875 0.03984375 0.053125
4 0.6796875 0.33984375 0.01796875 0.02109375
4 0.7015625 0.35625 0.04375 0.05390625
4 0.721875 0.32265625 0.02421875 0.02890625
4 0.834375 0.3078125 0.02734375 0.034375
4 0.85546875 0.3625 0.04453125 0.0875
4 0.8953125 0.36953125 0.09375 0.1234375
4 0.9421875 0.371875 0.0421875 0.14453125
4 0.78125 0.36171875 0.11171875 0.14140625
4 0.3265625 0.403125 0.08359375 0.10390625
4 0.434375 0.3765625 0.14140625 0.221875
4 0.15234375 0.45390625 0.3046875 0.54453125