4 0.3921875 0.4140625 0.015625 0.021875
4 0.3703125 0.4171875 0.03046875 0.0234375
4 0.35 0.41640625 0.0125 0.01640625
4 0.3328125 0.41328125 0.021875 0.0234375
6 0.2625 0.41640625 0.06953125 0.075
4 0.32265625 0.428125 0.0359375 0.01796875
4 0.559375 0.4390625 0.0625 0.096875
4 0.68984375 0.4734375 0.171875 0.20859375
6 0.45546875 0.38515625 0.08046875 0.1984375
4 0.59375 0.378125 0.0140625 0.01953125
4 0.6078125 0.37890625 0.00859375 0.0140625
4 0.6171875 0.378125 0.00859375 0.0140625
4 0.37890625 0.396875 0.0140625 0.015625