4 0.3171875 0.52421875 0.03671875 0.0484375
4 0.3703125 0.51796875 0.03046875 0.053125
4 0.5109375 0.53046875 0.06015625 0.0890625
4 0.4078125 0.55625 0.0890625 0.121875
4 0.2578125 0.54765625 0.11640625 0.13046875
4 0.12109375 0.521875 0.065625 0.0609375
4 0.034375 0.53515625 0.0640625 0.059375
5 0.675 0.51953125 0.025 0.0734375
5 0.65 0.521875 0.01171875 0.065625
5 0.640625 0.525 0.00859375 0.05390625
5 0.63203125 0.525 0.01171875 0.05703125
4 0.9609375 0.540625 0.0734375 0.0890625
4 0.8140625 0.59609375 0.36875 0.3890625