4 0.5375 0.53203125 0.02421875 0.040625
6 0.48984375 0.503125 0.04453125 0.0515625
4 0.45625 0.53984375 0.021875 0.05546875
4 0.496875 0.5453125 0.06328125 0.07890625
4 0.4234375 0.54765625 0.05859375 0.08046875
4 0.090625 0.5671875 0.11015625 0.09453125
4 0.03125 0.54609375 0.04453125 0.103125
4 0.5734375 0.5375 0.03359375 0.046875
5 0.609375 0.559375 0.01953125 0.09609375
4 0.64453125 0.553125 0.10234375 0.1265625
5 0.871875 0.53125 0.0296875 0.1109375
4 0.90546875 0.709375 0.1890625 0.5734375