4 0.3359375 0.371875 0.01640625 0.01796875
4 0.31796875 0.3703125 0.01484375 0.028125
4 0.303125 0.375 0.0171875 0.03203125
4 0.28203125 0.371875 0.0328125 0.05390625
4 0.2640625 0.3859375 0.04375 0.05
4 0.21875 0.39765625 0.0421875 0.06796875
4 0.16640625 0.396875 0.06796875 0.09296875
4 0.4046875 0.375 0.00390625 0.03046875
4 0.4109375 0.37578125 0.0140625 0.0359375
4 0.4203125 0.378125 0.01796875 0.04296875
4 0.43046875 0.3828125 0.03515625 0.05
4 0.4484375 0.39140625 0.040625 0.0515625
4 0.096875 0.41484375 0.13359375 0.10859375
4 0.55859375 0.440625 0.0796875 0.196875
6 0.66484375 0.4609375 0.19296875 0.3140625
4 0.8703125 0.63828125 0.25703125 0.55859375
5 0.496875 0.38359375 0.01015625 0.053125
5 0.53359375 0.38984375 0.01640625 0.05546875
4 0.38046875 0.3671875 0.0171875 0.0234375