4 0.4015625 0.515625 0.01484375 0.04140625
4 0.3875 0.52109375 0.02109375 0.04140625
4 0.35859375 0.52109375 0.0421875 0.075
4 0.33984375 0.52109375 0.05390625 0.09296875
4 0.2890625 0.5265625 0.07109375 0.115625
4 0.24921875 0.5453125 0.0765625 0.11953125
4 0.4671875 0.51015625 0.01328125 0.02109375
4 0.51953125 0.51953125 0.05234375 0.08203125
4 0.4796875 0.51484375 0.02109375 0.034375
4 0.546875 0.54765625 0.0671875 0.09140625
6 0.4296875 0.52265625 0.05234375 0.0890625
5 0.6734375 0.54453125 0.02890625 0.10859375
6 0.11875 0.56015625 0.2375 0.309375
4 0.946875 0.82890625 0.10546875 0.31640625