5 0.01875 0.51640625 0.03671875 0.334375
5 0.059375 0.51015625 0.028125 0.20390625
5 0.7515625 0.50234375 0.00625 0.021875
5 0.74609375 0.50234375 0.00703125 0.03359375
5 0.7390625 0.50390625 0.009375 0.028125
5 0.7234375 0.5109375 0.009375 0.034375
5 0.703125 0.5171875 0.01015625 0.040625
5 0.69375 0.51171875 0.01015625 0.04609375
5 0.71328125 0.51015625 0.01171875 0.05546875
4 0.6296875 0.52265625 0.0453125 0.0859375
4 0.4765625 0.5015625 0.01953125 0.0484375
4 0.4890625 0.51328125 0.02109375 0.046875
4 0.5109375 0.5171875 0.0375 0.071875
4 0.8453125 0.55546875 0.30546875 0.4265625
4 0.3625 0.54921875 0.234375 0.328125
4 0.565625 0.52734375 0.11171875 0.1640625
5 0.128125 0.46875 0.0296875 0.0875
6 0.45078125 0.45546875 0.0359375 0.096875