4 0.3796875 0.47890625 0.02578125 0.059375
4 0.34921875 0.48203125 0.05 0.06640625
4 0.29375 0.496875 0.065625 0.075
4 0.228125 0.49375 0.08828125 0.1234375
6 0.0953125 0.4109375 0.190625 0.45
4 0.4984375 0.4640625 0.03984375 0.07109375
4 0.4328125 0.48828125 0.09375 0.1484375
4 0.5515625 0.4875 0.08671875 0.15
4 0.60078125 0.4640625 0.0171875 0.01640625
6 0.63203125 0.43515625 0.05 0.16796875
6 0.734375 0.4265625 0.16328125 0.26796875
4 0.86328125 0.484375 0.11875 0.15703125
4 0.92578125 0.53046875 0.14609375 0.1640625
5 0.91875 0.44453125 0.01796875 0.04296875