5 0.7609375 0.57734375 0.040625 0.14140625
5 0.725 0.58046875 0.03984375 0.159375
5 0.69609375 0.578125 0.03125 0.15390625
4 0.365625 0.565625 0.00703125 0.0265625
4 0.3765625 0.5671875 0.0109375 0.03359375
4 0.38359375 0.565625 0.01484375 0.0359375
4 0.4 0.56953125 0.02734375 0.046875
4 0.42890625 0.57578125 0.04296875 0.065625
4 0.46875 0.578125 0.0640625 0.1109375
4 0.5484375 0.60390625 0.1484375 0.1984375
4 0.34765625 0.571875 0.03828125 0.05546875
4 0.321875 0.565625 0.01171875 0.028125
4 0.30625 0.56875 0.0234375 0.034375
4 0.278125 0.58671875 0.02265625 0.07109375
4 0.2421875 0.5890625 0.0671875 0.10390625
4 0.19296875 0.6125 0.078125 0.1265625
4 0.0875 0.625 0.171875 0.21640625