4 0.528125 0.384375 0.0078125 0.021875
4 0.53671875 0.396875 0.0109375 0.021875
4 0.5390625 0.4125 0.0109375 0.0140625
4 0.54296875 0.421875 0.0125 0.021875
4 0.5359375 0.425 0.0125 0.01953125
4 0.528125 0.4171875 0.0078125 0.0234375
4 0.5640625 0.425 0.01640625 0.0234375
4 0.57421875 0.428125 0.02578125 0.0359375
4 0.5890625 0.43125 0.0203125 0.04609375
4 0.603125 0.43125 0.02578125 0.04609375
4 0.6109375 0.43828125 0.021875 0.05546875
4 0.6359375 0.43984375 0.0453125 0.06796875
4 0.646875 0.4515625 0.03828125 0.0625
4 0.66875 0.4578125 0.0515625 0.08046875
4 0.71640625 0.46875 0.0890625 0.1109375
4 0.7828125 0.4953125 0.13671875 0.13046875
4 0.4890625 0.40703125 0.021875 0.0359375
6 0.45234375 0.40390625 0.01953125 0.04609375
4 0.43359375 0.41171875 0.0234375 0.0359375
4 0.425 0.41640625 0.01796875 0.03203125
4 0.42734375 0.44765625 0.01875 0.0359375
5 0.9515625 0.4578125 0.03828125 0.1
5 0.81875 0.40546875 0.01640625 0.04296875