4 0.25390625 0.421875 0.05390625 0.05546875
4 0.2109375 0.421875 0.065625 0.065625
4 0.421875 0.421875 0.01484375 0.028125
4 0.4078125 0.42109375 0.02265625 0.03046875
4 0.3890625 0.42109375 0.03671875 0.04453125
4 0.51875 0.41171875 0.009375 0.02109375
4 0.5265625 0.41328125 0.01484375 0.0234375
4 0.534375 0.41640625 0.01171875 0.03046875
4 0.546875 0.42109375 0.02265625 0.040625
4 0.5625 0.43203125 0.0171875 0.0375
4 0.5734375 0.43046875 0.01875 0.0484375
4 0.6015625 0.42109375 0.0515625 0.0859375
4 0.6125 0.44375 0.0484375 0.075
4 0.6359375 0.4546875 0.05 0.0890625
6 0.4390625 0.403125 0.02890625 0.05546875
4 0.496875 0.40703125 0.01171875 0.01640625
4 0.4578125 0.409375 0.01015625 0.0265625
4 0.46484375 0.40625 0.01484375 0.0234375
4 0.6875 0.47265625 0.10390625 0.109375
4 0.3609375 0.4328125 0.03828125 0.0484375
4 0.3109375 0.4359375 0.059375 0.05546875
6 0.4921875 0.396875 0.01875 0.0375
4 0.028125 0.43125 0.05625 0.084375
4 0.8765625 0.51875 0.246875 0.328125