4 0.5390625 0.384375 0.01015625 0.015625
4 0.5453125 0.384375 0.009375 0.01953125
4 0.55546875 0.3921875 0.01640625 0.01796875
4 0.58203125 0.390625 0.01796875 0.01953125
4 0.60625 0.396875 0.01875 0.028125
4 0.61875 0.39921875 0.0078125 0.0234375
4 0.6515625 0.39296875 0.02578125 0.0265625
4 0.6859375 0.39140625 0.01796875 0.01953125
4 0.7078125 0.390625 0.02265625 0.040625
4 0.81796875 0.3890625 0.03046875 0.03203125
4 0.953125 0.37890625 0.03046875 0.0359375
4 0.9828125 0.3828125 0.0328125 0.0390625
4 0.25 0.38984375 0.00859375 0.01640625
4 0.2015625 0.39453125 0.01640625 0.01953125
4 0.1859375 0.396875 0.0140625 0.01640625
4 0.21953125 0.403125 0.02578125 0.028125
4 0.2125 0.409375 0.02578125 0.0234375
4 0.1875 0.4125 0.0234375 0.01953125
4 0.1328125 0.40703125 0.04921875 0.03359375
4 0.096875 0.440625 0.03984375 0.0890625
6 0.0515625 0.33125 0.10234375 0.53359375
4 0.4609375 0.384375 0.01015625 0.0140625
4 0.45078125 0.4140625 0.03828125 0.0609375
4 0.4203125 0.42734375 0.05390625 0.075
4 0.36796875 0.39609375 0.0078125 0.0140625
4 0.35390625 0.3953125 0.01015625 0.0125
4 0.3625 0.3984375 0.00625 0.01796875
4 0.3296875 0.39765625 0.01328125 0.01640625
4 0.315625 0.39765625 0.01484375 0.0140625
4 0.37890625 0.39140625 0.01015625 0.01796875
4 0.3421875 0.39765625 0.0140625 0.02109375
4 0.29140625 0.41015625 0.04765625 0.06640625
6 0.384375 0.38515625 0.009375 0.0234375