5 0.81484375 0.4921875 0.071875 0.25390625
5 0.79375 0.4921875 0.03359375 0.2515625
5 0.9046875 0.38984375 0.03828125 0.1
5 0.7625 0.4359375 0.03125 0.10390625
4 0.53828125 0.4421875 0.03828125 0.05703125
4 0.40390625 0.453125 0.02109375 0.0625
4 0.3890625 0.46015625 0.025 0.05703125
4 0.3671875 0.46328125 0.03125 0.05546875
4 0.3484375 0.47421875 0.03125 0.05703125
4 0.321875 0.47734375 0.034375 0.08046875
4 0.26015625 0.478125 0.1015625 0.12890625
4 0.1203125 0.6140625 0.2390625 0.3875
4 0.471875 0.47265625 0.11484375 0.19453125