4 0.2296875 0.48046875 0.0265625 0.03359375
4 0.209375 0.4859375 0.0359375 0.04453125
4 0.1765625 0.4921875 0.0234375 0.0375
4 0.4875 0.44296875 0.01015625 0.0140625
4 0.48125 0.4546875 0.01015625 0.0234375
4 0.4953125 0.45859375 0.02109375 0.02109375
4 0.471875 0.459375 0.01875 0.0234375
6 0.5046875 0.42890625 0.01171875 0.01796875
4 0.4140625 0.5046875 0.07265625 0.1015625
4 0.5328125 0.5265625 0.09453125 0.14296875
4 0.665625 0.471875 0.05 0.05390625
5 0.44375 0.4703125 0.01953125 0.0640625
5 0.40390625 0.4453125 0.01953125 0.028125
5 0.4609375 0.4859375 0.0171875 0.078125
5 0.56875 0.459375 0.01015625 0.046875
5 0.6046875 0.46015625 0.009375 0.05390625
5 0.596875 0.46015625 0.01484375 0.04453125
5 0.6234375 0.4828125 0.01484375 0.07890625
5 0.64140625 0.478125 0.01484375 0.0890625
5 0.77578125 0.49765625 0.0234375 0.15703125
5 0.79765625 0.47734375 0.03046875 0.190625
5 0.81640625 0.49921875 0.0578125 0.25859375