5 0.946875 0.52578125 0.05390625 0.196875
5 0.64609375 0.54765625 0.03671875 0.071875
5 0.5546875 0.5640625 0.01171875 0.04453125
5 0.565625 0.565625 0.01015625 0.046875
5 0.52890625 0.5640625 0.01328125 0.034375
5 0.50234375 0.584375 0.0078125 0.0234375
5 0.496875 0.578125 0.0078125 0.02109375
4 0.446875 0.5875 0.01015625 0.034375
4 0.3109375 0.6125 0.06953125 0.084375
4 0.43046875 0.5875 0.03046875 0.05390625
4 0.47421875 0.596875 0.05390625 0.078125
4 0.37578125 0.6078125 0.07109375 0.0984375
4 0.11796875 0.75625 0.2359375 0.484375
4 0.2109375 0.59609375 0.040625 0.01640625