4 0.559375 0.45078125 0.009375 0.0265625
6 0.54609375 0.44921875 0.025 0.0765625
4 0.5375 0.46484375 0.0140625 0.0390625
6 0.521875 0.4484375 0.0265625 0.12890625
6 0.43671875 0.446875 0.14453125 0.275
4 0.30546875 0.521875 0.26484375 0.34453125
4 0.14375 0.67109375 0.2875 0.6515625
4 0.59609375 0.45859375 0.0046875 0.021875
4 0.603125 0.4625 0.01328125 0.028125
4 0.6109375 0.465625 0.00859375 0.03046875
4 0.61875 0.47109375 0.01328125 0.04140625
4 0.6265625 0.47890625 0.01875 0.046875
4 0.64375 0.48671875 0.0234375 0.059375
6 0.71640625 0.45703125 0.1265625 0.1984375
4 0.775 0.53359375 0.1015625 0.225
6 0.896875 0.440625 0.20390625 0.82109375