5 0.4109375 0.5796875 0.00546875 0.01953125
5 0.4203125 0.58046875 0.0046875 0.01640625
5 0.42734375 0.58046875 0.00703125 0.01640625
4 0.5 0.584375 0.01171875 0.02890625
4 0.51484375 0.59140625 0.02734375 0.040625
4 0.5359375 0.609375 0.03125 0.071875
4 0.59140625 0.6375 0.11015625 0.16953125
4 0.40625 0.58359375 0.01171875 0.03359375
4 0.39765625 0.58046875 0.01171875 0.0375
4 0.38828125 0.58203125 0.01484375 0.04140625
4 0.37734375 0.5875 0.02109375 0.04453125
4 0.3671875 0.590625 0.0203125 0.046875
4 0.346875 0.590625 0.0328125 0.05859375
4 0.32734375 0.59609375 0.02734375 0.0625
4 0.3015625 0.6015625 0.04453125 0.08359375
4 0.2625 0.6015625 0.05546875 0.096875
4 0.18515625 0.61171875 0.10703125 0.13203125
4 0.075 0.646875 0.14921875 0.1484375