4 0.41953125 0.4234375 0.0671875 0.08203125
4 0.66171875 0.4140625 0.065625 0.078125
4 0.553125 0.40078125 0.034375 0.0515625
5 0.20703125 0.428125 0.01640625 0.1015625
5 0.25546875 0.4125 0.01484375 0.084375
5 0.2984375 0.39921875 0.0078125 0.0390625
5 0.37421875 0.40625 0.0125 0.053125
5 0.8390625 0.39296875 0.02421875 0.08046875
5 0.81484375 0.39296875 0.01875 0.084375
4 0.4609375 0.4125 0.04609375 0.07109375
4 0.62578125 0.396875 0.03671875 0.078125
4 0.60390625 0.403125 0.02890625 0.05546875
4 0.590625 0.4015625 0.01875 0.04296875
4 0.5859375 0.39296875 0.02890625 0.05546875
6 0.53984375 0.38203125 0.03671875 0.078125
4 0.50546875 0.4015625 0.01484375 0.01953125
4 0.4859375 0.40390625 0.0109375 0.0234375