4 0.0109375 0.50859375 0.0171875 0.0125
4 0.1640625 0.5390625 0.175 0.0953125
6 0.3359375 0.54140625 0.1515625 0.1421875
4 0.475 0.50703125 0.01328125 0.02109375
4 0.4578125 0.515625 0.02265625 0.0234375
4 0.053125 0.5078125 0.02890625 0.0109375
5 0.08203125 0.5046875 0.00625 0.01484375
5 0.4234375 0.50859375 0.00546875 0.025
5 0.20078125 0.50390625 0.0125 0.0296875
5 0.01484375 0.50390625 0.0046875 0.01015625
5 0.47734375 0.5203125 0.0171875 0.0515625
5 0.4671875 0.51953125 0.00703125 0.0515625
5 0.2484375 0.540625 0.00703125 0.0359375
5 0.5109375 0.51875 0.00859375 0.04765625
5 0.259375 0.5265625 0.0140625 0.0734375