5 0.1125 0.5765625 0.04921875 0.2265625
5 0.1453125 0.565625 0.046875 0.1984375
5 0.428125 0.54296875 0.02421875 0.1140625
5 0.6578125 0.5390625 0.01796875 0.065625
5 0.5796875 0.53984375 0.0203125 0.0734375
5 0.621875 0.540625 0.0203125 0.0859375
4 0.8578125 0.52890625 0.01171875 0.01796875
4 0.825 0.53203125 0.025 0.02890625
4 0.8078125 0.53203125 0.0125 0.01640625
4 0.803125 0.53984375 0.021875 0.0390625
4 0.9703125 0.54140625 0.034375 0.0515625
4 0.78125 0.5359375 0.03984375 0.05703125
4 0.7671875 0.5453125 0.03671875 0.046875
4 0.84609375 0.534375 0.01796875 0.021875
4 0.71171875 0.5359375 0.06875 0.09140625
4 0.9015625 0.53984375 0.04609375 0.05703125
6 0.9421875 0.5203125 0.04375 0.075
4 0.9875 0.5484375 0.02421875 0.078125