4 0.04453125 0.615625 0.0125 0.01640625
4 0.096875 0.61015625 0.08359375 0.05859375
4 0.2484375 0.59296875 0.1203125 0.08359375
4 0.68359375 0.5609375 0.328125 0.228125
4 0.509375 0.4484375 0.07421875 0.18359375
6 0.4453125 0.58984375 0.05390625 0.04453125
4 0.0203125 0.6140625 0.03984375 0.053125
5 0.3703125 0.578125 0.01015625 0.03359375
5 0.31796875 0.5703125 0.00859375 0.0234375
5 0.153125 0.5734375 0.00859375 0.04453125
4 0.5078125 0.584375 0.0640625 0.08359375
4 0.9234375 0.553125 0.15234375 0.15859375