5 0.959375 0.415625 0.0796875 0.328125
5 0.6984375 0.37109375 0.040625 0.128125
5 0.5765625 0.359375 0.025 0.1125
5 0.4640625 0.3390625 0.034375 0.13359375
5 0.35078125 0.32109375 0.01171875 0.0765625
5 0.3421875 0.325 0.0109375 0.0890625
5 0.25 0.3265625 0.025 0.10546875
5 0.2140625 0.315625 0.02734375 0.1265625
5 0.19140625 0.315625 0.0265625 0.11796875
5 0.1640625 0.3125 0.02890625 0.11640625
5 0.1296875 0.321875 0.01328125 0.11796875
5 0.14296875 0.32578125 0.0265625 0.14609375
5 0.1125 0.32109375 0.03515625 0.1484375
5 0.05078125 0.32890625 0.04296875 0.1390625
5 0.8875 0.40546875 0.015625 0.071875
4 0.6234375 0.35546875 0.03671875 0.0375
4 0.64375 0.3609375 0.02734375 0.02890625
4 0.6609375 0.36015625 0.02421875 0.0375
4 0.678125 0.365625 0.03203125 0.0484375
4 0.73515625 0.378125 0.0546875 0.05546875
4 0.7734375 0.39453125 0.06015625 0.05
4 0.8328125 0.41015625 0.08515625 0.071875
4 0.578125 0.3484375 0.0390625 0.0484375
4 0.5140625 0.3578125 0.059375 0.08203125
4 0.43515625 0.3265625 0.03984375 0.040625