4 0.51796875 0.5171875 0.01796875 0.021875
4 0.5328125 0.51640625 0.0046875 0.015625
4 0.54765625 0.521875 0.0140625 0.01796875
4 0.56484375 0.52421875 0.01328125 0.021875
4 0.584375 0.5265625 0.01953125 0.02109375
4 0.603125 0.52578125 0.0140625 0.025
4 0.496875 0.515625 0.015625 0.0234375
4 0.3390625 0.53515625 0.046875 0.084375
4 0.27421875 0.5390625 0.1265625 0.14140625
4 0.1890625 0.559375 0.14296875 0.14296875
4 0.628125 0.53125 0.0125 0.0265625
4 0.6421875 0.5328125 0.02109375 0.034375
5 0.7078125 0.540625 0.0140625 0.0375
5 0.8390625 0.53828125 0.0125 0.03359375
4 0.0640625 0.58125 0.12578125 0.2375
4 0.434375 0.54296875 0.07109375 0.09453125
4 0.675 0.54609375 0.04921875 0.08203125
4 0.7921875 0.571875 0.096875 0.0875