4 0.43203125 0.55234375 0.03828125 0.0640625
4 0.49140625 0.53984375 0.090625 0.07890625
4 0.659375 0.52421875 0.03671875 0.03046875
4 0.60546875 0.54765625 0.1453125 0.1015625
4 0.70625 0.52578125 0.04375 0.04140625
4 0.7921875 0.521875 0.0421875 0.05390625
6 0.75234375 0.5265625 0.059375 0.078125
6 0.85625 0.5375 0.1203125 0.0890625
4 0.121875 0.5671875 0.03984375 0.075
4 0.0671875 0.590625 0.11328125 0.140625
4 0.009375 0.565625 0.01875 0.11640625
4 0.95625 0.534375 0.0859375 0.103125
4 0.2109375 0.67890625 0.23046875 0.32109375
4 0.2984375 0.54765625 0.02890625 0.03046875