6 0.34921875 0.5296875 0.0125 0.028125
4 0.36484375 0.53671875 0.0125 0.021875
4 0.375 0.5375 0.01015625 0.0125
4 0.3375 0.5375 0.00703125 0.01640625
4 0.328125 0.540625 0.01796875 0.01796875
4 0.31328125 0.54296875 0.02109375 0.0390625
4 0.30625 0.5453125 0.0234375 0.0390625
4 0.2828125 0.54609375 0.03671875 0.04453125
4 0.26328125 0.5609375 0.0390625 0.053125
4 0.3890625 0.5421875 0.01484375 0.03359375
4 0.39453125 0.54609375 0.01484375 0.03359375
4 0.3984375 0.54765625 0.01484375 0.03046875
4 0.4078125 0.5484375 0.0171875 0.04296875
4 0.428125 0.55390625 0.03671875 0.05859375
4 0.5171875 0.58203125 0.109375 0.19453125
4 0.5953125 0.64296875 0.16171875 0.184375
4 0.803125 0.75390625 0.38984375 0.3515625
4 0.97109375 0.88515625 0.05703125 0.21640625
4 0.0109375 0.696875 0.02109375 0.140625
4 0.0703125 0.61328125 0.1375 0.2125
5 0.153125 0.56640625 0.02109375 0.07890625
5 0.46015625 0.54921875 0.015625 0.0609375