4 0.38203125 0.4234375 0.0125 0.01796875
4 0.39375 0.41640625 0.0140625 0.01640625
4 0.37109375 0.42265625 0.015625 0.02109375
4 0.3578125 0.42109375 0.0171875 0.021875
4 0.34296875 0.44140625 0.0171875 0.0390625
4 0.3640625 0.434375 0.0234375 0.02890625
4 0.3984375 0.440625 0.03203125 0.040625
4 0.41640625 0.41953125 0.0203125 0.01953125
4 0.3296875 0.465625 0.02578125 0.059375
4 0.440625 0.4234375 0.01953125 0.01640625
4 0.4609375 0.42265625 0.02421875 0.01796875
4 0.48671875 0.446875 0.03828125 0.059375
4 0.509375 0.46015625 0.05234375 0.0625
4 0.415625 0.46015625 0.0296875 0.0625
4 0.3984375 0.45390625 0.028125 0.053125
4 0.3609375 0.44609375 0.025 0.03359375
4 0.22265625 0.50234375 0.22109375 0.16953125
4 0.45 0.46015625 0.06171875 0.08359375
4 0.5765625 0.45546875 0.09140625 0.0890625
5 0.1234375 0.490625 0.01875 0.05859375
5 0.065625 0.48828125 0.01875 0.0875
5 0.01484375 0.51328125 0.01875 0.075