4 0.5203125 0.66015625 0.209375 0.2875
4 0.6609375 0.5875 0.1328125 0.153125
4 0.5890625 0.55625 0.03046875 0.0484375
4 0.43125 0.55234375 0.03125 0.075
4 0.459375 0.5078125 0.0359375 0.01640625
4 0.2125 0.553125 0.03125 0.046875
5 0.2734375 0.54453125 0.0171875 0.06953125
5 0.3390625 0.5421875 0.0125 0.05859375
5 0.2890625 0.54765625 0.0125 0.0625
5 0.303125 0.5359375 0.0109375 0.0265625
5 0.346875 0.5375 0.0109375 0.0515625
5 0.37890625 0.53515625 0.0046875 0.0375
5 0.38828125 0.5328125 0.0046875 0.02890625
5 0.40078125 0.528125 0.00546875 0.03359375