4 0.5546875 0.31875 0.01015625 0.02109375
4 0.5609375 0.32890625 0.00546875 0.0234375
4 0.5671875 0.33203125 0.0078125 0.028125
4 0.57421875 0.3359375 0.01328125 0.028125
4 0.58515625 0.3375 0.009375 0.040625
4 0.59375 0.340625 0.01328125 0.0375
4 0.603125 0.33984375 0.01328125 0.040625
4 0.6109375 0.34453125 0.01171875 0.040625
4 0.48515625 0.31640625 0.009375 0.040625
4 0.4984375 0.30234375 0.01171875 0.01640625
4 0.5140625 0.31875 0.00625 0.03046875
4 0.525 0.32109375 0.01015625 0.03046875
4 0.47578125 0.3234375 0.01484375 0.034375
4 0.4609375 0.32578125 0.01484375 0.03046875
4 0.4453125 0.3359375 0.02109375 0.0609375
4 0.40625 0.3375 0.05546875 0.115625
4 0.54375 0.34609375 0.0265625 0.046875
4 0.6359375 0.36171875 0.04375 0.0515625
4 0.5203125 0.3578125 0.0234375 0.03359375
4 0.5015625 0.328125 0.02109375 0.03046875
5 0.04921875 0.31796875 0.01796875 0.084375
5 0.0265625 0.31328125 0.015625 0.090625