4 0.290625 0.4984375 0.00703125 0.015625
4 0.28125 0.49921875 0.00625 0.0140625
4 0.2734375 0.496875 0.00625 0.0125
4 0.26875 0.5 0.01015625 0.01796875
4 0.25625 0.5 0.0140625 0.01796875
4 0.33515625 0.49453125 0.01015625 0.0125
4 0.3375 0.5 0.01640625 0.015625
4 0.35078125 0.49921875 0.01875 0.034375
4 0.36875 0.503125 0.028125 0.04609375
4 0.390625 0.51015625 0.02734375 0.059375
4 0.42578125 0.51875 0.0609375 0.08203125
4 0.0546875 0.51015625 0.10625 0.14140625
4 0.92890625 0.50703125 0.134375 0.12109375
5 0.75703125 0.509375 0.0234375 0.13046875
5 0.6546875 0.50390625 0.01953125 0.10859375
5 0.4984375 0.496875 0.034375 0.109375