4 0.45625 0.44140625 0.01484375 0.02890625
4 0.490625 0.4375 0.01640625 0.0140625
4 0.4703125 0.43203125 0.009375 0.01953125
4 0.8875 0.47578125 0.146875 0.13359375
4 0.3609375 0.4578125 0.01015625 0.02109375
4 0.34296875 0.45625 0.0328125 0.0375
4 0.3359375 0.47265625 0.03515625 0.0484375
4 0.3203125 0.47890625 0.034375 0.05859375
4 0.29453125 0.4859375 0.046875 0.071875
4 0.5828125 0.4375 0.03046875 0.0265625
4 0.478125 0.4546875 0.015625 0.0234375
4 0.246875 0.490625 0.0859375 0.1015625
4 0.409375 0.50625 0.11875 0.18046875
4 0.05390625 0.55546875 0.1078125 0.23203125
4 0.96015625 0.49921875 0.0765625 0.1390625
6 0.540625 0.446875 0.08203125 0.0640625
5 0.4921875 0.45625 0.0125 0.05546875