5 0.1546875 0.34609375 0.0203125 0.0625
5 0.18125 0.3625 0.03984375 0.1109375
5 0.7515625 0.34765625 0.009375 0.01953125
5 0.7765625 0.34453125 0.02421875 0.0359375
5 0.6125 0.34765625 0.0109375 0.01953125
5 0.55546875 0.35078125 0.01328125 0.0234375
6 0.459375 0.278125 0.0984375 0.15
4 0.5265625 0.34921875 0.03671875 0.021875
4 0.54765625 0.39765625 0.04765625 0.075
4 0.6296875 0.42734375 0.11875 0.1484375
4 0.45625 0.5 0.228125 0.3140625
4 0.75625 0.47421875 0.24609375 0.24296875
5 0.0578125 0.340625 0.0140625 0.04609375