4 0.4875 0.4328125 0.0265625 0.02109375
4 0.46953125 0.434375 0.02109375 0.0375
4 0.459375 0.4421875 0.01953125 0.03046875
4 0.4296875 0.4421875 0.01484375 0.0265625
4 0.425 0.446875 0.02109375 0.03046875
4 0.4171875 0.45390625 0.015625 0.03046875
4 0.40625 0.4546875 0.01875 0.03359375
4 0.396875 0.4578125 0.01953125 0.03359375
4 0.3890625 0.459375 0.0234375 0.046875
4 0.3796875 0.46328125 0.02890625 0.04453125
6 0.3359375 0.4609375 0.08046875 0.05859375
4 0.7125 0.440625 0.03125 0.046875
4 0.128125 0.48828125 0.103125 0.075
5 0.8375 0.434375 0.01875 0.07109375
5 0.8140625 0.4359375 0.0171875 0.07109375
4 0.528125 0.4328125 0.02265625 0.034375
4 0.6078125 0.55234375 0.19375 0.29296875
4 0.0453125 0.55703125 0.08984375 0.153125
4 0.8890625 0.43984375 0.02734375 0.04453125
4 0.940625 0.45859375 0.1171875 0.11640625