5 0.2234375 0.4421875 0.02578125 0.0515625
5 0.22421875 0.45625 0.02109375 0.0515625
4 0.109375 0.58984375 0.21796875 0.346875
4 0.5 0.48046875 0.04765625 0.1
4 0.59296875 0.440625 0.01875 0.03359375
4 0.58359375 0.446875 0.0234375 0.0375
4 0.65625 0.4234375 0.01640625 0.01796875
4 0.6734375 0.4265625 0.0171875 0.02109375
4 0.68125 0.44453125 0.03359375 0.0390625
4 0.78828125 0.46875 0.0234375 0.05546875
4 0.846875 0.4890625 0.09921875 0.1375
4 0.909375 0.671875 0.178125 0.5359375
4 0.553125 0.475 0.065625 0.084375
4 0.63046875 0.4890625 0.09140625 0.1625
4 0.7421875 0.48125 0.09921875 0.134375
4 0.3421875 0.53671875 0.2875 0.33359375