4 0.4234375 0.625 0.01484375 0.0234375
4 0.4390625 0.62265625 0.0203125 0.0234375
4 0.45625 0.6234375 0.01796875 0.0265625
4 0.48125 0.6234375 0.01796875 0.0265625
4 0.46875 0.62265625 0.01640625 0.02890625
4 0.4 0.628125 0.021875 0.03203125
4 0.3796875 0.628125 0.0203125 0.03203125
4 0.3671875 0.6359375 0.01328125 0.03203125
4 0.3375 0.63046875 0.04765625 0.06953125
4 0.2328125 0.68203125 0.12421875 0.1765625
4 0.5140625 0.6328125 0.03828125 0.04296875
4 0.9421875 0.65546875 0.11328125 0.19140625
4 0.725 0.63671875 0.23515625 0.26796875
5 0.6296875 0.60859375 0.01875 0.053125
5 0.61015625 0.63125 0.01875 0.075