4 0.4296875 0.48671875 0.01171875 0.015625
4 0.40546875 0.48359375 0.00546875 0.0125
4 0.3171875 0.46328125 0.0109375 0.015625
4 0.32734375 0.4671875 0.009375 0.009375
4 0.4421875 0.48515625 0.0140625 0.01796875
4 0.415625 0.484375 0.015625 0.02890625
4 0.315625 0.4890625 0.01796875 0.025
4 0.1546875 0.49921875 0.021875 0.04296875
4 0.1359375 0.509375 0.046875 0.0625
4 0.0171875 0.534375 0.03359375 0.0734375
4 0.0703125 0.53203125 0.12265625 0.11640625
4 0.2421875 0.509375 0.04765625 0.04609375
4 0.2953125 0.4859375 0.02890625 0.0359375
4 0.1859375 0.503125 0.05 0.053125
6 0.21796875 0.47421875 0.04140625 0.0859375
6 0.253125 0.4609375 0.025 0.021875