5 0.728125 0.53046875 0.0328125 0.14140625
5 0.58203125 0.4875 0.015625 0.078125
4 0.021875 0.565625 0.04375 0.2109375
4 0.04140625 0.49921875 0.03828125 0.04140625
6 0.1 0.484375 0.06015625 0.08203125
4 0.0671875 0.509375 0.01484375 0.028125
4 0.11953125 0.5 0.03984375 0.0359375
4 0.159375 0.49375 0.03671875 0.03046875
4 0.19375 0.496875 0.02265625 0.0265625
4 0.21640625 0.49296875 0.0234375 0.021875
4 0.2015625 0.475 0.0203125 0.0140625
4 0.22265625 0.47578125 0.0125 0.0125
4 0.2421875 0.515625 0.05078125 0.0640625
4 0.34296875 0.50390625 0.0328125 0.04453125
4 0.3640625 0.49921875 0.015625 0.034375
4 0.3765625 0.49296875 0.0078125 0.0265625
4 0.38125 0.4828125 0.01171875 0.01953125
4 0.3640625 0.475 0.01328125 0.009375
4 0.29140625 0.528125 0.07578125 0.09140625
4 0.40625 0.5046875 0.04609375 0.075
5 0.48515625 0.503125 0.01171875 0.046875
4 0.51328125 0.484375 0.0171875 0.028125