6 0.0640625 0.328125 0.12734375 0.32109375
6 0.859375 0.38984375 0.2796875 0.321875
6 0.66328125 0.378125 0.1546875 0.209375
4 0.1421875 0.415625 0.0296875 0.05703125
4 0.17890625 0.40078125 0.1015625 0.0890625
4 0.20546875 0.38671875 0.09375 0.08046875
4 0.4015625 0.396875 0.02890625 0.0640625
4 0.38515625 0.39375 0.01328125 0.03359375
4 0.44609375 0.3984375 0.06171875 0.12890625
4 0.3203125 0.4625 0.1484375 0.18359375
5 0.54375 0.40390625 0.0109375 0.0484375
5 0.50625 0.39140625 0.01015625 0.03359375
5 0.4984375 0.39140625 0.009375 0.04140625
6 0.2921875 0.3671875 0.06953125 0.03046875
6 0.39375 0.3625 0.03046875 0.0484375
4 0.3578125 0.36953125 0.0171875 0.02109375