4 0.9140625 0.66796875 0.06015625 0.065625
4 0.33828125 0.54921875 0.01796875 0.021875
4 0.403125 0.546875 0.0109375 0.046875
6 0.51875 0.55390625 0.04609375 0.0625
4 0.446875 0.56015625 0.084375 0.134375
4 0.5890625 0.59453125 0.03046875 0.05
4 0.621875 0.59921875 0.04765625 0.065625
4 0.6859375 0.6078125 0.10625 0.121875
4 0.7953125 0.646875 0.1796875 0.1875
4 0.0703125 0.5140625 0.07421875 0.0875
6 0.146875 0.51875 0.07265625 0.0875
4 0.01953125 0.51953125 0.0390625 0.071875
4 0.234375 0.5265625 0.04921875 0.040625
4 0.3 0.534375 0.04453125 0.03203125