4 0.6734375 0.34921875 0.0125 0.015625
4 0.66328125 0.346875 0.01015625 0.015625
4 0.6515625 0.34609375 0.01171875 0.0140625
4 0.63515625 0.34921875 0.0140625 0.015625
4 0.63125 0.35390625 0.01328125 0.015625
4 0.6203125 0.3609375 0.0140625 0.021875
4 0.62890625 0.36953125 0.0234375 0.03359375
4 0.6984375 0.37578125 0.0421875 0.059375
4 0.65390625 0.39609375 0.053125 0.0765625
4 0.578125 0.3734375 0.0453125 0.059375
4 0.5484375 0.3609375 0.0203125 0.025
4 0.4828125 0.4390625 0.1359375 0.1734375
4 0.428125 0.371875 0.03359375 0.034375
4 0.171875 0.36796875 0.03203125 0.03046875
4 0.128125 0.36640625 0.046875 0.04140625
4 0.08125 0.3828125 0.0515625 0.05
4 0.03125 0.38046875 0.0296875 0.0375
5 0.3546875 0.3578125 0.0125 0.04453125
5 0.3265625 0.35546875 0.01328125 0.046875
5 0.9625 0.4125 0.03359375 0.15