5 0.0609375 0.43515625 0.0296875 0.046875
5 0.09140625 0.4375 0.0234375 0.03359375
5 0.2234375 0.41640625 0.0296875 0.0359375
4 0.49765625 0.434375 0.00859375 0.0125
4 0.48984375 0.4375 0.00546875 0.015625
4 0.50546875 0.43515625 0.00703125 0.0109375
4 0.5171875 0.446875 0.0125 0.02890625
4 0.52734375 0.44921875 0.00625 0.0375
4 0.53359375 0.4515625 0.01015625 0.04609375
4 0.54296875 0.45625 0.01015625 0.05546875
4 0.56015625 0.46328125 0.02734375 0.071875
4 0.56796875 0.46640625 0.0359375 0.06640625
4 0.5796875 0.478125 0.02734375 0.07109375
4 0.59375 0.48828125 0.03671875 0.096875
6 0.6703125 0.49375 0.140625 0.171875
4 0.4765625 0.44453125 0.02421875 0.04140625
4 0.42890625 0.43125 0.0203125 0.0140625
4 0.4046875 0.45078125 0.02265625 0.03203125
4 0.3875 0.45625 0.03203125 0.0484375
4 0.37109375 0.465625 0.04375 0.04609375
4 0.321875 0.4640625 0.0734375 0.09140625
4 0.2859375 0.4828125 0.0671875 0.0875
4 0.2203125 0.49453125 0.1234375 0.134375
4 0.1015625 0.53671875 0.20234375 0.18359375
4 0.44140625 0.48828125 0.08359375 0.10703125
4 0.1671875 0.4296875 0.07734375 0.0390625