5 0.2703125 0.6734375 0.03125 0.11953125
5 0.2015625 0.65390625 0.01796875 0.090625
4 0.36875 0.64609375 0.03125 0.05859375
4 0.4546875 0.63984375 0.00859375 0.034375
4 0.465625 0.63984375 0.01328125 0.02890625
4 0.48125 0.646875 0.03515625 0.0609375
4 0.5171875 0.65234375 0.034375 0.040625
4 0.6609375 0.64296875 0.034375 0.0109375
4 0.65 0.6578125 0.03984375 0.0234375
4 0.33359375 0.6546875 0.05390625 0.0765625
6 0.41484375 0.603125 0.08671875 0.16953125
6 0.0421875 0.609375 0.08359375 0.07890625
4 0.09140625 0.69375 0.1828125 0.1640625
4 0.58984375 0.64453125 0.0453125 0.04296875
4 0.559375 0.64921875 0.04609375 0.03359375