4 0.2734375 0.49375 0.1875 0.1859375
4 0.4140625 0.45625 0.0703125 0.0859375
4 0.5203125 0.4546875 0.06484375 0.09453125
4 0.5796875 0.4359375 0.04140625 0.065625
4 0.1765625 0.46875 0.09921875 0.15
4 0.0734375 0.4890625 0.146875 0.165625
4 0.46171875 0.44765625 0.034375 0.05
5 0.7078125 0.434375 0.01953125 0.0609375
5 0.684375 0.43359375 0.01484375 0.06796875
5 0.7546875 0.45390625 0.02265625 0.10703125
5 0.78125 0.45546875 0.01640625 0.09296875
5 0.8140625 0.44921875 0.02421875 0.121875
5 0.8640625 0.4609375 0.040625 0.140625
5 0.925 0.45234375 0.034375 0.15546875
5 0.94921875 0.46875 0.02890625 0.146875
5 0.9765625 0.44296875 0.025 0.1375
5 0.9921875 0.4453125 0.015625 0.13046875
4 0.64375 0.45 0.0421875 0.046875
4 0.61875 0.44609375 0.0203125 0.04453125