4 0.44765625 0.54453125 0.01953125 0.01796875
4 0.434375 0.5359375 0.01015625 0.0109375
4 0.425 0.53828125 0.01015625 0.0109375
4 0.403125 0.53828125 0.02109375 0.0265625
4 0.3796875 0.54453125 0.0328125 0.046875
4 0.35625 0.5328125 0.0171875 0.0234375
4 0.3453125 0.528125 0.01328125 0.0234375
4 0.43984375 0.56171875 0.025 0.040625
4 0.29765625 0.53359375 0.025 0.0265625
4 0.3109375 0.54453125 0.025 0.03359375
4 0.3375 0.56875 0.05 0.05859375
4 0.17890625 0.5265625 0.0515625 0.034375
4 0.1421875 0.590625 0.115625 0.1359375
4 0.7125 0.634375 0.1078125 0.14296875
4 0.4140625 0.57734375 0.0515625 0.075
4 0.2375 0.646875 0.2140625 0.234375
6 0.56953125 0.69765625 0.2765625 0.446875
6 0.0078125 0.50078125 0.01484375 0.071875