5 0.328125 0.44140625 0.0125 0.05859375
5 0.2734375 0.44609375 0.0125 0.0609375
5 0.25234375 0.4203125 0.00703125 0.0390625
5 0.26875 0.4546875 0.01484375 0.0609375
5 0.2234375 0.4546875 0.0125 0.0640625
5 0.2453125 0.45390625 0.01015625 0.06640625
5 0.2390625 0.46171875 0.01953125 0.0875
5 0.14765625 0.47421875 0.021875 0.09140625
5 0.1171875 0.4296875 0.01015625 0.07890625
5 0.128125 0.4171875 0.0125 0.0640625
5 0.0484375 0.4046875 0.01484375 0.0515625
5 0.028125 0.40078125 0.01484375 0.08359375
5 0.0421875 0.465625 0.03125 0.05546875
5 0.3 0.47890625 0.03203125 0.1375
4 0.459375 0.44140625 0.03203125 0.06953125
4 0.47578125 0.45625 0.04765625 0.0734375
4 0.50390625 0.434375 0.01640625 0.0359375
4 0.58984375 0.50859375 0.1953125 0.253125
4 0.8828125 0.465625 0.23125 0.30546875
5 0.7625 0.43828125 0.01328125 0.075
4 0.38984375 0.4515625 0.05234375 0.071875
5 0.121875 0.4796875 0.025 0.10546875