5 0.13359375 0.5765625 0.021875 0.0734375
5 0.753125 0.625 0.01796875 0.08046875
4 0.98125 0.6875 0.0375 0.084375
4 0.9703125 0.66171875 0.05703125 0.0890625
4 0.2640625 0.58125 0.06953125 0.08203125
4 0.4046875 0.5828125 0.02890625 0.05390625
4 0.44453125 0.58671875 0.021875 0.0390625
4 0.4828125 0.59375 0.02578125 0.04296875
4 0.528125 0.5953125 0.065625 0.096875
4 0.6390625 0.634375 0.11796875 0.13046875
4 0.2953125 0.57890625 0.0234375 0.0609375
4 0.30859375 0.5828125 0.01640625 0.05
4 0.32109375 0.584375 0.009375 0.04140625
4 0.33125 0.58125 0.01171875 0.0359375
4 0.33828125 0.5875 0.00703125 0.0375
4 0.346875 0.584375 0.0109375 0.0359375
4 0.584375 0.60703125 0.0328125 0.0625
4 0.5703125 0.60703125 0.021875 0.0484375
4 0.43125 0.590625 0.01328125 0.0265625