4 0.4765625 0.56875 0.0078125 0.02109375
4 0.5171875 0.5734375 0.01328125 0.0234375
4 0.56328125 0.5734375 0.0078125 0.01640625
6 0.496875 0.5515625 0.02890625 0.0375
4 0.3421875 0.56171875 0.0328125 0.02109375
4 0.31328125 0.57109375 0.0265625 0.0265625
4 0.2921875 0.590625 0.05 0.05859375
4 0.2796875 0.603125 0.04375 0.0625
4 0.3390625 0.596875 0.04296875 0.05703125
4 0.18046875 0.59765625 0.071875 0.096875
4 0.215625 0.625 0.12265625 0.1265625
4 0.0765625 0.51328125 0.0640625 0.028125
4 0.071875 0.6546875 0.14140625 0.30546875
4 0.14296875 0.62265625 0.01640625 0.078125
4 0.49453125 0.5890625 0.028125 0.04140625
6 0.440625 0.55703125 0.06640625 0.15390625
4 0.72578125 0.5890625 0.01875 0.01640625
4 0.91328125 0.59453125 0.01171875 0.009375