4 0.06171875 0.52265625 0.11875 0.184375
4 0.89140625 0.540625 0.21328125 0.33359375
4 0.14140625 0.48046875 0.0984375 0.109375
4 0.721875 0.50703125 0.1765625 0.16796875
4 0.315625 0.48359375 0.075 0.090625
4 0.3578125 0.48359375 0.034375 0.075
4 0.3984375 0.4671875 0.03515625 0.0484375
4 0.2671875 0.58984375 0.2078125 0.2890625
6 0.26640625 0.434375 0.03671875 0.0234375
5 0.6109375 0.48203125 0.01640625 0.078125
5 0.52265625 0.46484375 0.0078125 0.06796875
5 0.5359375 0.45390625 0.009375 0.0609375
5 0.44765625 0.4671875 0.00546875 0.03359375
5 0.57734375 0.47421875 0.0125 0.04140625
5 0.509375 0.471875 0.01171875 0.06640625