4 0.0484375 0.35859375 0.096875 0.2546875
6 0.02734375 0.209375 0.0546875 0.0890625
4 0.13125 0.328125 0.08203125 0.07109375
4 0.1671875 0.30859375 0.03203125 0.05546875
4 0.2234375 0.3703125 0.16171875 0.14453125
4 0.2203125 0.29296875 0.05 0.01640625
4 0.2796875 0.3109375 0.03828125 0.0359375
4 0.33125 0.353125 0.07421875 0.10390625
4 0.378125 0.35390625 0.03515625 0.06796875
4 0.446875 0.340625 0.009375 0.02890625
4 0.4578125 0.35078125 0.00859375 0.03359375
4 0.55703125 0.353125 0.0203125 0.04140625
4 0.49453125 0.35390625 0.00703125 0.0265625
4 0.8546875 0.3859375 0.165625 0.20390625
4 0.6109375 0.359375 0.0265625 0.0609375
4 0.5140625 0.35078125 0.03203125 0.04296875
4 0.4765625 0.353125 0.03515625 0.05390625
4 0.5421875 0.359375 0.03984375 0.046875
4 0.696875 0.40625 0.18125 0.23359375
5 0.5734375 0.35078125 0.00546875 0.0265625
4 0.4296875 0.32890625 0.0046875 0.0140625
4 0.4171875 0.321875 0.00703125 0.0140625
4 0.4109375 0.321875 0.00859375 0.0140625