4 0.36328125 0.415625 0.14140625 0.1609375
4 0.5671875 0.378125 0.06171875 0.0984375
4 0.64453125 0.378125 0.05625 0.07890625
4 0.515625 0.353125 0.02265625 0.034375
4 0.0765625 0.375 0.12578125 0.0890625
6 0.26171875 0.29140625 0.24453125 0.209375
6 0.4421875 0.31875 0.046875 0.0765625
4 0.4703125 0.33359375 0.009375 0.02890625
4 0.48359375 0.33671875 0.01953125 0.015625
4 0.4984375 0.32578125 0.0109375 0.02109375
4 0.52578125 0.33515625 0.01875 0.02890625
4 0.54765625 0.325 0.009375 0.021875
4 0.6 0.34375 0.01875 0.0359375
4 0.509375 0.32578125 0.009375 0.01640625
6 0.48125 0.315625 0.01640625 0.028125