4 0.2609375 0.5109375 0.01484375 0.0140625
4 0.25 0.51796875 0.01875 0.025
4 0.2375 0.52734375 0.0328125 0.0359375
4 0.2203125 0.53984375 0.0453125 0.04609375
4 0.1890625 0.54140625 0.08671875 0.08046875
4 0.16875 0.5625 0.07578125 0.078125
4 0.1359375 0.57890625 0.09140625 0.08046875
4 0.11328125 0.58828125 0.0828125 0.0875
4 0.0828125 0.59375 0.096875 0.0875
4 0.0125 0.628125 0.025 0.128125
4 0.040625 0.60703125 0.08046875 0.11796875
5 0.353125 0.55703125 0.01484375 0.06796875
4 0.2796875 0.509375 0.01328125 0.01640625
4 0.296875 0.51328125 0.0171875 0.0234375
4 0.3171875 0.51484375 0.0078125 0.01796875
4 0.325 0.51796875 0.0140625 0.01796875
4 0.33125 0.52734375 0.0171875 0.025
4 0.35 0.5375 0.02265625 0.03203125
4 0.3671875 0.54453125 0.01875 0.028125
4 0.3796875 0.56171875 0.02734375 0.05859375
4 0.4046875 0.56328125 0.03828125 0.0625
4 0.44140625 0.58203125 0.06484375 0.09609375
4 0.47734375 0.6 0.06484375 0.103125
4 0.553125 0.6046875 0.121875 0.159375
6 0.68828125 0.63359375 0.234375 0.2640625
4 0.865625 0.746875 0.26796875 0.35