4 0.5046875 0.43984375 0.01328125 0.01953125
4 0.4625 0.440625 0.02421875 0.0359375
4 0.4328125 0.4421875 0.025 0.03203125
4 0.41328125 0.44765625 0.02421875 0.04609375
4 0.584375 0.434375 0.025 0.04453125
4 0.38984375 0.4578125 0.025 0.04453125
4 0.6109375 0.43828125 0.04296875 0.05546875
4 0.02734375 0.4765625 0.053125 0.09296875
5 0.35 0.50625 0.08984375 0.36953125
5 0.8171875 0.46875 0.021875 0.09296875
5 0.83828125 0.4671875 0.0203125 0.103125
5 0.85625 0.46875 0.01484375 0.103125
4 0.4890625 0.43359375 0.015625 0.0140625
4 0.51875 0.43828125 0.0109375 0.01640625