5 0.6484375 0.4390625 0.015625 0.04609375
5 0.58984375 0.43671875 0.0046875 0.028125
5 0.58125 0.4390625 0.0046875 0.025
5 0.57578125 0.44140625 0.0046875 0.0265625
4 0.415625 0.440625 0.02421875 0.028125
4 0.4453125 0.4484375 0.05234375 0.03359375
4 0.5015625 0.446875 0.03125 0.0515625
4 0.47265625 0.43984375 0.02109375 0.04453125
4 0.68828125 0.46484375 0.065625 0.10390625
4 0.7390625 0.478125 0.0859375 0.13359375
4 0.8796875 0.453125 0.23984375 0.3125
4 0.3859375 0.4546875 0.03359375 0.0359375
4 0.35859375 0.4703125 0.028125 0.05859375
4 0.33203125 0.471875 0.046875 0.06953125
4 0.2890625 0.48671875 0.0609375 0.084375
4 0.2171875 0.503125 0.11015625 0.128125
4 0.09140625 0.6421875 0.18046875 0.478125
4 0.55 0.45546875 0.0375 0.053125