4 0.5734375 0.54609375 0.02890625 0.05546875
4 0.5140625 0.5515625 0.015625 0.0234375
4 0.48203125 0.54765625 0.02421875 0.02890625
4 0.4625 0.5609375 0.02890625 0.0390625
4 0.396875 0.56953125 0.065625 0.0640625
4 0.54765625 0.57109375 0.06015625 0.06640625
4 0.65 0.55546875 0.04765625 0.05703125
4 0.4390625 0.56171875 0.02265625 0.04453125
4 0.3453125 0.55234375 0.01953125 0.02109375
4 0.29296875 0.55390625 0.0296875 0.04296875
4 0.24140625 0.5671875 0.03515625 0.034375
4 0.1921875 0.56953125 0.0265625 0.0390625
6 0.0953125 0.45546875 0.18828125 0.7140625
6 0.9609375 0.61640625 0.07578125 0.16640625
4 0.49453125 0.55703125 0.02109375 0.04140625