5 0.759375 0.4578125 0.01484375 0.0515625
5 0.7265625 0.46953125 0.01015625 0.065625
5 0.81875 0.4421875 0.01171875 0.04453125
5 0.2171875 0.47578125 0.0234375 0.0734375
5 0.315625 0.51015625 0.01875 0.109375
5 0.26875 0.52265625 0.03828125 0.103125
4 0.4515625 0.46484375 0.03046875 0.046875
4 0.4125 0.48515625 0.04765625 0.07109375
4 0.50390625 0.459375 0.03671875 0.028125
4 0.55 0.44921875 0.01015625 0.0265625
4 0.559375 0.45078125 0.015625 0.028125
4 0.596875 0.44921875 0.03125 0.0640625
6 0.5375 0.43984375 0.015625 0.03046875
4 0.56875 0.4546875 0.02109375 0.0234375
4 0.628125 0.4546875 0.05703125 0.084375
4 0.48984375 0.5125 0.08828125 0.11953125
4 0.3875 0.50546875 0.06171875 0.08203125