4 0.40625 0.31875 0.0109375 0.01953125
4 0.3890625 0.31953125 0.01171875 0.01796875
4 0.375 0.32109375 0.015625 0.0234375
4 0.415625 0.321875 0.01015625 0.03359375
4 0.434375 0.3265625 0.03046875 0.0765625
5 0.259375 0.3328125 0.01015625 0.03359375
5 0.2203125 0.3375 0.0109375 0.03359375
5 0.21015625 0.35234375 0.00703125 0.046875
4 0.175 0.36484375 0.065625 0.07109375
4 0.540625 0.328125 0.0515625 0.06796875
4 0.4703125 0.340625 0.065625 0.1109375
4 0.31875 0.35625 0.12890625 0.18203125
5 0.70390625 0.28359375 0.01640625 0.0484375
5 0.6828125 0.30390625 0.01015625 0.075
5 0.575 0.3 0.00859375 0.0234375
5 0.609375 0.29765625 0.0109375 0.04296875
5 0.61953125 0.31953125 0.0203125 0.06953125
5 0.6765625 0.28828125 0.01015625 0.0375
5 0.6640625 0.2875 0.00546875 0.03359375
5 0.190625 0.31875 0.009375 0.021875
5 0.184375 0.3203125 0.00625 0.01640625
5 0.1640625 0.321875 0.00703125 0.021875