5 0.3703125 0.4171875 0.0203125 0.06796875
5 0.6078125 0.421875 0.009375 0.04609375
5 0.63046875 0.41328125 0.0109375 0.040625
5 0.64453125 0.4140625 0.01171875 0.0625
5 0.665625 0.42265625 0.0109375 0.059375
4 0.415625 0.38671875 0.0109375 0.01640625
6 0.48046875 0.3984375 0.02578125 0.0484375
4 0.49765625 0.41875 0.01171875 0.025
6 0.56484375 0.396875 0.05703125 0.11953125
4 0.54375 0.428125 0.0921875 0.14609375
4 0.7390625 0.46484375 0.1171875 0.11796875
4 0.8015625 0.4046875 0.03984375 0.059375
4 0.89609375 0.440625 0.2046875 0.2875