4 0.3734375 0.2453125 0.01875 0.0265625
4 0.4625 0.2390625 0.01875 0.0140625
4 0.4625 0.265625 0.0234375 0.04453125
4 0.4765625 0.265625 0.00859375 0.04296875
4 0.4921875 0.271875 0.02890625 0.05703125
4 0.51953125 0.2859375 0.06015625 0.09296875
4 0.5859375 0.31171875 0.09921875 0.128125
4 0.7546875 0.378125 0.27890625 0.2984375
4 0.346875 0.2578125 0.02734375 0.0359375
4 0.36875 0.253125 0.0203125 0.028125
4 0.3328125 0.259375 0.01484375 0.04296875
4 0.31875 0.25859375 0.0328125 0.0515625
4 0.30859375 0.2625 0.01640625 0.05
4 0.29375 0.259375 0.025 0.06953125
4 0.26796875 0.26328125 0.0484375 0.07890625
4 0.234375 0.2765625 0.0578125 0.075
4 0.16875 0.28984375 0.0953125 0.1
4 0.41875 0.31796875 0.1140625 0.1609375
4 0.8921875 0.503125 0.2125 0.48046875
5 0.1421875 0.234375 0.01328125 0.0359375
5 0.0125 0.2296875 0.02421875 0.05703125