5 0.4109375 0.33046875 0.0078125 0.034375
4 0.45625 0.32734375 0.0171875 0.028125
4 0.4328125 0.321875 0.01953125 0.0234375
4 0.659375 0.31328125 0.01171875 0.028125
4 0.67109375 0.31328125 0.01484375 0.04140625
4 0.675 0.31640625 0.00625 0.04453125
4 0.7515625 0.321875 0.05546875 0.0609375
4 0.38828125 0.3421875 0.0328125 0.034375
4 0.3515625 0.34296875 0.0234375 0.0375
4 0.284375 0.34921875 0.040625 0.034375
4 0.2171875 0.36328125 0.0578125 0.05390625
4 0.91875 0.29296875 0.03984375 0.03046875
4 0.64140625 0.32890625 0.03671875 0.07109375
4 0.31875 0.35390625 0.04609375 0.04453125
4 0.575 0.3578125 0.12109375 0.19140625
4 0.81875 0.31875 0.0859375 0.09609375
6 0.703125 0.303125 0.04453125 0.07109375
4 0.0203125 0.38515625 0.03984375 0.09296875
4 0.96953125 0.3328125 0.0609375 0.0859375