5 0.1515625 0.7015625 0.0265625 0.1640625
5 0.7890625 0.6578125 0.028125 0.1125
5 0.74921875 0.68515625 0.0234375 0.08203125
5 0.82734375 0.65390625 0.0390625 0.125
5 0.5625 0.6359375 0.0140625 0.05546875
5 0.64375 0.6390625 0.015625 0.078125
5 0.67734375 0.64609375 0.015625 0.09453125
5 0.9265625 0.665625 0.03671875 0.1375
5 0.9359375 0.6421875 0.0265625 0.1375
5 0.9703125 0.65625 0.03203125 0.1625
5 0.5328125 0.6328125 0.0140625 0.0765625
5 0.54375 0.64140625 0.0078125 0.0609375
4 0.28984375 0.6703125 0.0734375 0.12109375
4 0.365625 0.65078125 0.04140625 0.0484375
4 0.328125 0.6296875 0.02265625 0.05390625
4 0.3125 0.60703125 0.01484375 0.025
4 0.1453125 0.6484375 0.0484375 0.046875
4 0.225 0.640625 0.03359375 0.0359375
4 0.26796875 0.6109375 0.01640625 0.01953125
4 0.2875 0.596875 0.01328125 0.01640625
4 0.29921875 0.59609375 0.0078125 0.01640625
4 0.3203125 0.5875 0.01171875 0.0140625
4 0.33046875 0.5875 0.009375 0.0109375
4 0.3390625 0.60234375 0.01328125 0.015625
5 0.4921875 0.62734375 0.01328125 0.06953125
5 0.471875 0.63046875 0.01015625 0.0515625
4 0.44375 0.60234375 0.04296875 0.08203125