4 0.08828125 0.478125 0.17421875 0.2734375
4 0.5296875 0.56953125 0.3171875 0.41640625
4 0.9703125 0.45 0.05703125 0.0609375
4 0.984375 0.421875 0.0296875 0.0265625
4 0.94375 0.41953125 0.0390625 0.01640625
4 0.94609375 0.4421875 0.05234375 0.05859375
5 0.1671875 0.4234375 0.0140625 0.06640625
5 0.1453125 0.4046875 0.00859375 0.02890625
5 0.6765625 0.428125 0.0109375 0.08046875
5 0.66484375 0.3953125 0.009375 0.03046875
5 0.646875 0.434375 0.0125 0.11796875
5 0.634375 0.4296875 0.01328125 0.090625
5 0.64140625 0.434375 0.009375 0.0765625
5 0.62890625 0.40234375 0.00859375 0.02109375
5 0.625 0.434375 0.01328125 0.06640625
5 0.6171875 0.40703125 0.0109375 0.05390625
5 0.7 0.43125 0.0234375 0.1
5 0.65703125 0.44375 0.0265625 0.13359375
5 0.196875 0.41875 0.0140625 0.075
5 0.353125 0.42109375 0.01328125 0.046875
4 0.73125 0.43515625 0.090625 0.06953125
4 0.7578125 0.4359375 0.059375 0.071875
4 0.82109375 0.434375 0.12890625 0.0890625
4 0.321875 0.42109375 0.0171875 0.040625
4 0.33125 0.41875 0.0109375 0.034375
4 0.3140625 0.42109375 0.01796875 0.04296875
4 0.30546875 0.42109375 0.01484375 0.04296875
4 0.28828125 0.42265625 0.0421875 0.05703125
4 0.346875 0.42421875 0.0328125 0.05
4 0.3734375 0.421875 0.0171875 0.04140625
4 0.38984375 0.4234375 0.03359375 0.0515625
4 0.3921875 0.421875 0.034375 0.0515625
5 0.2546875 0.42578125 0.01171875 0.0484375