5 0.0875 0.43125 0.03203125 0.1234375
5 0.1359375 0.41953125 0.02734375 0.10390625
5 0.62734375 0.47109375 0.0109375 0.05703125
5 0.8609375 0.503125 0.02109375 0.07109375
4 0.253125 0.39765625 0.0078125 0.03046875
4 0.2640625 0.4 0.01484375 0.028125
4 0.30234375 0.4046875 0.009375 0.01953125
4 0.315625 0.41171875 0.025 0.040625
4 0.3265625 0.421875 0.025 0.0484375
4 0.34140625 0.42421875 0.0359375 0.0734375
4 0.43984375 0.43984375 0.0609375 0.05859375
4 0.5859375 0.459375 0.04140625 0.05859375
4 0.9203125 0.5046875 0.07578125 0.0515625
4 0.28125 0.42890625 0.0421875 0.05703125
4 0.378125 0.4390625 0.06171875 0.08046875
4 0.51015625 0.44765625 0.1140625 0.078125
4 0.98671875 0.5171875 0.025 0.0359375
4 0.28359375 0.39375 0.01953125 0.0109375