4 0.178125 0.54453125 0.08359375 0.04453125
4 0.0578125 0.58671875 0.11484375 0.134375
4 0.59375 0.521875 0.021875 0.046875
4 0.60703125 0.52734375 0.03046875 0.04609375
4 0.5671875 0.5109375 0.0203125 0.01640625
4 0.57578125 0.53359375 0.03359375 0.05
4 0.7859375 0.52421875 0.0453125 0.0875
4 0.4734375 0.5578125 0.04453125 0.125
5 0.8859375 0.5375 0.05546875 0.19296875
5 0.9390625 0.53046875 0.0640625 0.221875
5 0.75859375 0.51328125 0.015625 0.0765625
5 0.7328125 0.515625 0.01796875 0.07890625
5 0.684375 0.5109375 0.0203125 0.05390625
5 0.6546875 0.51328125 0.0125 0.04296875
4 0.6296875 0.528125 0.02421875 0.0390625
4 0.5421875 0.5328125 0.05234375 0.075
4 0.3359375 0.63984375 0.3125 0.40390625
5 0.1078125 0.540625 0.0109375 0.040625