5 0.54296875 0.5140625 0.015625 0.0640625
5 0.56640625 0.52890625 0.02890625 0.10390625
4 0.25078125 0.5296875 0.02890625 0.025
4 0.2109375 0.53125 0.04453125 0.05390625
4 0.16875 0.5375 0.05 0.07109375
4 0.296875 0.528125 0.02265625 0.028125
4 0.353125 0.51953125 0.03046875 0.0359375
4 0.3765625 0.515625 0.0140625 0.0234375
4 0.10546875 0.55546875 0.125 0.08203125
4 0.32109375 0.5390625 0.04296875 0.05390625
4 0.40703125 0.53125 0.0515625 0.07890625
4 0.7640625 0.51171875 0.15078125 0.121875
4 0.5984375 0.50234375 0.04296875 0.0515625
4 0.61328125 0.49765625 0.03984375 0.0484375
4 0.625 0.49765625 0.05625 0.05859375
4 0.6359375 0.496875 0.0375 0.0515625
4 0.65390625 0.49296875 0.04453125 0.05390625
4 0.68125 0.4875 0.06484375 0.084375