4 0.4203125 0.48359375 0.0125 0.0359375
4 0.43515625 0.46484375 0.02421875 0.01953125
4 0.45078125 0.48359375 0.01484375 0.03203125
4 0.4765625 0.48203125 0.0125 0.02890625
6 0.5203125 0.4671875 0.02421875 0.053125
4 0.534375 0.50703125 0.0296875 0.109375
4 0.640625 0.5015625 0.01328125 0.078125
4 0.328125 0.5015625 0.03125 0.05859375
4 0.35546875 0.48046875 0.009375 0.021875
4 0.434375 0.496875 0.0296875 0.0484375
4 0.3078125 0.47734375 0.0125 0.0140625
4 0.2859375 0.47421875 0.021875 0.01953125
4 0.26171875 0.509375 0.0625 0.10390625
4 0.3859375 0.52265625 0.08203125 0.1109375
4 0.49375 0.48671875 0.034375 0.04296875
4 0.4640625 0.4890625 0.0203125 0.03359375
4 0.68984375 0.4984375 0.06171875 0.06796875
6 0.590625 0.47421875 0.084375 0.2140625
4 0.92890625 0.5421875 0.140625 0.20390625
4 0.1421875 0.62421875 0.284375 0.4671875