6 0.16875 0.575 0.1078125 0.0984375
4 0.2421875 0.57734375 0.09609375 0.09296875
4 0.3140625 0.57578125 0.075 0.08203125
4 0.421875 0.5734375 0.0265625 0.0484375
4 0.45234375 0.559375 0.05546875 0.06796875
4 0.525 0.528125 0.040625 0.0140625
4 0.5625 0.5328125 0.03046875 0.0140625
4 0.609375 0.56328125 0.075 0.084375
4 0.678125 0.55859375 0.0859375 0.0890625
4 0.634375 0.5328125 0.01875 0.01796875
4 0.740625 0.553125 0.0734375 0.084375
4 0.84453125 0.5546875 0.1203125 0.0859375
4 0.38046875 0.5671875 0.06953125 0.09296875
4 0.525 0.6453125 0.22421875 0.22890625
6 0.078125 0.54921875 0.15625 0.0921875
4 0.05234375 0.596875 0.1046875 0.09140625
4 0.9890625 0.515625 0.02109375 0.028125
4 0.9390625 0.54765625 0.12109375 0.09609375