4 0.0125 0.56015625 0.0234375 0.1609375
6 0.096875 0.36796875 0.1921875 0.3640625
6 0.496875 0.39921875 0.16015625 0.21953125
5 0.496875 0.45078125 0.02578125 0.14453125
4 0.2640625 0.38125 0.015625 0.03359375
4 0.2515625 0.40703125 0.0359375 0.0765625
4 0.2234375 0.41640625 0.0609375 0.1015625
4 0.2 0.42890625 0.05390625 0.13359375
4 0.39765625 0.40625 0.0203125 0.0625
4 0.4015625 0.40390625 0.0171875 0.06640625
4 0.415625 0.4171875 0.0171875 0.09296875
4 0.6 0.490625 0.18203125 0.20390625
4 0.80625 0.57265625 0.384375 0.39609375
4 0.3265625 0.396875 0.12578125 0.24453125