4 0.4703125 0.63125 0.00859375 0.015625
4 0.4765625 0.64375 0.01328125 0.01796875
4 0.61015625 0.66015625 0.01796875 0.028125
4 0.6234375 0.671875 0.0328125 0.0515625
4 0.6625 0.67109375 0.07109375 0.08046875
6 0.440625 0.63203125 0.034375 0.065625
4 0.44921875 0.6515625 0.0421875 0.065625
4 0.521875 0.65546875 0.02890625 0.0375
4 0.409375 0.6421875 0.0171875 0.0390625
4 0.3953125 0.65078125 0.03359375 0.04453125
4 0.184375 0.62578125 0.01015625 0.0140625
4 0.1734375 0.6265625 0.01328125 0.01796875
4 0.1359375 0.62578125 0.053125 0.03046875
4 0.1109375 0.61171875 0.021875 0.034375
4 0.0484375 0.61171875 0.096875 0.05703125
4 0.2375 0.62109375 0.021875 0.01796875
4 0.4921875 0.64453125 0.015625 0.021875
4 0.73125 0.6828125 0.075 0.10703125
5 0.9109375 0.7109375 0.01953125 0.12890625
5 0.8921875 0.715625 0.0203125 0.1265625
5 0.7984375 0.68671875 0.01875 0.1015625
4 0.359375 0.640625 0.00703125 0.0109375
5 0.98671875 0.734375 0.0234375 0.15703125