4 0.35 0.52890625 0.0453125 0.0609375
4 0.5796875 0.53515625 0.10625 0.1015625
4 0.4234375 0.51796875 0.021875 0.0390625
4 0.0546875 0.490625 0.03828125 0.0265625
4 0.2078125 0.48359375 0.01484375 0.021875
4 0.18125 0.4890625 0.0234375 0.01953125
4 0.16015625 0.48515625 0.0234375 0.0265625
6 0.1828125 0.47109375 0.0296875 0.03203125
6 0.2359375 0.47421875 0.0234375 0.02890625
6 0.3796875 0.5109375 0.01484375 0.03359375
4 0.3953125 0.52109375 0.0109375 0.0234375
4 0.70546875 0.5265625 0.04375 0.04609375
4 0.2546875 0.48046875 0.01328125 0.021875