5 0.1609375 0.42734375 0.025 0.103125
5 0.3421875 0.43203125 0.01484375 0.046875
5 0.353125 0.428125 0.01171875 0.040625
5 0.3265625 0.4328125 0.01015625 0.05390625
5 0.3109375 0.4359375 0.01484375 0.075
5 0.734375 0.4609375 0.0171875 0.0640625
5 0.75 0.46328125 0.009375 0.05390625
5 0.7671875 0.4609375 0.009375 0.0640625
5 0.1453125 0.43203125 0.015625 0.084375
5 0.7765625 0.4609375 0.01328125 0.0640625
5 0.7859375 0.459375 0.01015625 0.0515625
5 0.6828125 0.4578125 0.009375 0.0515625
5 0.675 0.44375 0.0078125 0.028125
5 0.6625 0.43515625 0.01015625 0.0265625
5 0.6359375 0.44375 0.0078125 0.0234375
5 0.62890625 0.44609375 0.0078125 0.0234375
4 0.46953125 0.434375 0.0265625 0.0609375
4 0.490625 0.43515625 0.015625 0.0265625
4 0.559375 0.440625 0.01328125 0.028125
4 0.54921875 0.44453125 0.01484375 0.034375
4 0.5984375 0.446875 0.0265625 0.040625
4 0.52109375 0.44375 0.0578125 0.084375
4 0.41953125 0.440625 0.09453125 0.1734375
4 0.2375 0.4546875 0.1265625 0.14609375
4 0.88359375 0.55234375 0.23203125 0.2515625