5 0.7796875 0.81796875 0.01328125 0.09453125
5 0.79921875 0.85078125 0.02890625 0.121875
5 0.7734375 0.8203125 0.0234375 0.096875
5 0.7421875 0.81640625 0.01640625 0.090625
5 0.75546875 0.8234375 0.01796875 0.096875
5 0.88125 0.846875 0.05078125 0.20546875
5 0.85390625 0.84140625 0.03359375 0.1609375
5 0.90390625 0.80625 0.0265625 0.109375
5 0.93671875 0.8375 0.0265625 0.165625
5 0.96875 0.853125 0.034375 0.153125
5 0.93046875 0.846875 0.0328125 0.17890625
5 0.515625 0.8125 0.0140625 0.09296875
5 0.50625 0.8015625 0.00703125 0.0515625
4 0.50625 0.80546875 0.09140625 0.075
5 0.5 0.7953125 0.01171875 0.0390625
5 0.4890625 0.81171875 0.01484375 0.07890625
5 0.0515625 0.8171875 0.01640625 0.08203125
4 0.346875 0.78203125 0.01875 0.03203125
4 0.371875 0.79375 0.02578125 0.0359375
4 0.33125 0.79375 0.01796875 0.0265625
4 0.28125 0.7921875 0.01796875 0.0265625
4 0.246875 0.79296875 0.028125 0.0359375
4 0.4109375 0.8046875 0.06328125 0.10546875
4 0.3078125 0.80390625 0.05078125 0.0875
4 0.2203125 0.78671875 0.05859375 0.065625