5 0.4140625 0.75703125 0.00859375 0.02890625
5 0.42109375 0.75078125 0.009375 0.02109375
5 0.26875 0.76875 0.01640625 0.075
5 0.40625 0.759375 0.0109375 0.03359375
4 0.2203125 0.7859375 0.07421875 0.1484375
4 0.3265625 0.75390625 0.02421875 0.03359375
4 0.39375 0.7546875 0.02421875 0.0359375
4 0.4203125 0.77734375 0.03125 0.0640625
4 0.43125 0.77890625 0.025 0.09296875
4 0.48125 0.778125 0.1078125 0.171875
4 0.51875 0.8109375 0.12890625 0.1875
4 0.64296875 0.86328125 0.21796875 0.26953125
4 0.14375 0.81875 0.1671875 0.20546875
4 0.3578125 0.7828125 0.06484375 0.09140625
4 0.8359375 0.8515625 0.3265625 0.2890625