4 0.275 0.740625 0.009375 0.01640625
4 0.2875 0.753125 0.01484375 0.0359375
4 0.2859375 0.75859375 0.0140625 0.034375
4 0.30625 0.7515625 0.0140625 0.0359375
4 0.31484375 0.759375 0.01953125 0.0359375
6 0.203125 0.73515625 0.021875 0.03203125
4 0.2515625 0.74921875 0.01484375 0.025
4 0.23984375 0.7546875 0.01796875 0.021875
4 0.225 0.72890625 0.01640625 0.025
4 0.225 0.746875 0.01796875 0.021875
4 0.3296875 0.75078125 0.01484375 0.0265625
4 0.18125 0.75625 0.01953125 0.034375
4 0.16015625 0.75625 0.0375 0.04296875
4 0.10625 0.759375 0.0765625 0.065625
4 0.0328125 0.771875 0.065625 0.0609375
4 0.0296875 0.73515625 0.059375 0.096875
4 0.0671875 0.76015625 0.025 0.0640625
4 0.215625 0.796875 0.0765625 0.09453125
4 0.2703125 0.7703125 0.03359375 0.040625
4 0.32421875 0.77109375 0.0265625 0.0390625
4 0.35234375 0.765625 0.02265625 0.02890625
6 0.55703125 0.8234375 0.16484375 0.2015625