6 0.3046875 0.421875 0.03515625 0.065625
4 0.29609375 0.43671875 0.02421875 0.04296875
6 0.275 0.42109375 0.025 0.0765625
6 0.178125 0.42109375 0.02890625 0.121875
6 0.125 0.4171875 0.10390625 0.159375
6 0.04453125 0.415625 0.0875 0.215625
6 0.23125 0.421875 0.0828125 0.12890625
5 0.5234375 0.44140625 0.00859375 0.03359375
5 0.496875 0.43984375 0.009375 0.0390625
6 0.471875 0.42890625 0.02109375 0.03046875
4 0.4890625 0.43671875 0.01484375 0.025
4 0.4421875 0.43046875 0.009375 0.01796875
4 0.41796875 0.43203125 0.00859375 0.01640625
6 0.37890625 0.4265625 0.0140625 0.02890625
6 0.3515625 0.42265625 0.03828125 0.0375
4 0.39375 0.428125 0.01875 0.03046875
4 0.45703125 0.43125 0.00859375 0.01640625
6 0.42890625 0.42734375 0.01171875 0.034375
4 0.45078125 0.434375 0.0140625 0.01953125
4 0.40625 0.4296875 0.009375 0.025
5 0.50625 0.434375 0.009375 0.028125
5 0.60546875 0.44140625 0.009375 0.0359375
5 0.98984375 0.4890625 0.01953125 0.13046875