4 0.015625 0.7328125 0.03125 0.1125
4 0.915625 0.60625 0.1609375 0.221875
4 0.0609375 0.721875 0.0671875 0.06796875
4 0.11640625 0.69921875 0.06640625 0.0609375
4 0.1640625 0.684375 0.04296875 0.053125
4 0.196875 0.675 0.03828125 0.04296875
4 0.2203125 0.6703125 0.028125 0.040625
4 0.240625 0.66171875 0.02109375 0.02890625
4 0.784375 0.58984375 0.19453125 0.2015625
4 0.675 0.60546875 0.075 0.1140625
4 0.625 0.603125 0.0578125 0.090625
4 0.590625 0.56171875 0.06171875 0.025
4 0.52109375 0.5921875 0.015625 0.04296875
4 0.509375 0.5953125 0.0203125 0.034375
4 0.4984375 0.5921875 0.02421875 0.0359375
4 0.471875 0.58984375 0.00703125 0.01796875
4 0.4765625 0.59296875 0.009375 0.0265625
4 0.5625 0.615625 0.07890625 0.1
4 0.4140625 0.6234375 0.05546875 0.071875
4 0.340625 0.628125 0.0296875 0.05546875
4 0.30625 0.63125 0.03125 0.046875
4 0.275 0.64609375 0.0265625 0.0484375
4 0.4421875 0.60546875 0.01484375 0.0375
6 0.375 0.60546875 0.0234375 0.05703125
6 0.409375 0.58203125 0.01875 0.025
4 0.45234375 0.59609375 0.01328125 0.03046875