4 0.31953125 0.390625 0.015625 0.025
6 0.290625 0.38125 0.02890625 0.0625
4 0.30234375 0.4 0.02578125 0.028125
4 0.271875 0.3953125 0.00703125 0.015625
4 0.26328125 0.3984375 0.0171875 0.028125
4 0.196875 0.403125 0.0171875 0.05546875
4 0.16875 0.403125 0.05625 0.0625
4 0.071875 0.39375 0.07578125 0.08046875
5 0.02734375 0.371875 0.01171875 0.05546875
6 0.35078125 0.371875 0.03046875 0.03046875
4 0.3625 0.41171875 0.0171875 0.0609375
6 0.378125 0.38046875 0.01484375 0.02890625
4 0.378125 0.40625 0.01015625 0.025
6 0.4015625 0.4015625 0.03671875 0.090625
4 0.434375 0.42578125 0.02578125 0.03359375
4 0.459375 0.4296875 0.034375 0.040625
4 0.5140625 0.4484375 0.09921875 0.13046875
4 0.6140625 0.46171875 0.15546875 0.19609375
4 0.78125 0.55546875 0.290625 0.27890625
4 0.91640625 0.6265625 0.16484375 0.365625