4 0.49921875 0.534375 0.01484375 0.0140625
4 0.5234375 0.5453125 0.01328125 0.034375
4 0.49453125 0.5515625 0.03984375 0.0234375
4 0.57421875 0.5546875 0.040625 0.06796875
4 0.6265625 0.55625 0.03671875 0.0609375
4 0.65390625 0.56640625 0.05234375 0.071875
4 0.71328125 0.53125 0.0234375 0.02109375
6 0.52109375 0.52109375 0.01328125 0.01796875
6 0.62578125 0.51875 0.0328125 0.028125
6 0.55 0.5328125 0.03984375 0.0984375
4 0.7578125 0.5734375 0.05 0.071875
4 0.7046875 0.58203125 0.08203125 0.084375
4 0.59375 0.58203125 0.06328125 0.084375
4 0.490625 0.65234375 0.13203125 0.19140625
6 0.93671875 0.4921875 0.125 0.1125
4 0.8546875 0.6984375 0.2890625 0.35546875