4 0.0578125 0.59375 0.1046875 0.0875
6 0.3703125 0.50234375 0.053125 0.06953125
4 0.39609375 0.57109375 0.0421875 0.059375
4 0.3734375 0.5609375 0.02265625 0.0484375
4 0.35234375 0.5609375 0.03046875 0.06953125
6 0.1484375 0.54609375 0.08359375 0.15546875
4 0.8921875 0.58359375 0.06171875 0.04140625
4 0.82265625 0.57109375 0.07578125 0.040625
4 0.759375 0.5609375 0.03984375 0.04140625
4 0.69140625 0.55546875 0.04296875 0.04296875
4 0.01953125 0.7046875 0.0390625 0.13203125
4 0.4953125 0.6625 0.20625 0.334375