4 0.428125 0.44375 0.0125 0.0390625
4 0.4125 0.4515625 0.02109375 0.046875
4 0.3625 0.453125 0.01640625 0.028125
4 0.3453125 0.45546875 0.02421875 0.04296875
4 0.31875 0.465625 0.03828125 0.053125
4 0.4828125 0.45 0.0296875 0.040625
4 0.70546875 0.4125 0.0640625 0.06796875
4 0.746875 0.41328125 0.03125 0.059375
4 0.03359375 0.5359375 0.0671875 0.1125
4 0.1640625 0.49921875 0.09375 0.10390625
4 0.26015625 0.4828125 0.0859375 0.1109375
4 0.390625 0.45859375 0.0375 0.059375
4 0.4484375 0.453125 0.0421875 0.06640625
5 0.09609375 0.49140625 0.02578125 0.065625
5 0.71953125 0.44453125 0.02265625 0.0734375
5 0.74296875 0.434375 0.0203125 0.08359375