5 0.9203125 0.49609375 0.04140625 0.178125
5 0.73984375 0.515625 0.0453125 0.13203125
5 0.66796875 0.49296875 0.01484375 0.0734375
5 0.59609375 0.49609375 0.0140625 0.065625
4 0.515625 0.4890625 0.01015625 0.02109375
4 0.5109375 0.49921875 0.00859375 0.01796875
4 0.4796875 0.49765625 0.01640625 0.025
4 0.45859375 0.503125 0.028125 0.040625
4 0.190625 0.53984375 0.03125 0.0359375
5 0.8109375 0.4953125 0.034375 0.125
6 0.4109375 0.48359375 0.0671875 0.15390625
4 0.2875 0.55703125 0.15 0.16796875
5 0.5640625 0.49453125 0.01171875 0.0375