4 0.5625 0.55703125 0.02265625 0.034375
4 0.59140625 0.571875 0.06953125 0.046875
4 0.7875 0.571875 0.13203125 0.0890625
4 0.80234375 0.58984375 0.1328125 0.0859375
4 0.878125 0.55625 0.02109375 0.03359375
4 0.39296875 0.5734375 0.03125 0.05859375
6 0.38046875 0.54765625 0.0359375 0.05859375
4 0.33125 0.6109375 0.12421875 0.16640625
4 0.7 0.56171875 0.03828125 0.040625
4 0.9109375 0.590625 0.175 0.103125
4 0.0390625 0.55234375 0.078125 0.03046875
6 0.146875 0.56171875 0.03828125 0.04453125
4 0.0796875 0.653125 0.159375 0.20859375
4 0.98125 0.6296875 0.03671875 0.08203125