4 0.7953125 0.503125 0.01484375 0.01953125
4 0.7671875 0.52578125 0.03671875 0.0484375
4 0.6625 0.51484375 0.02578125 0.0359375
4 0.690625 0.51953125 0.0546875 0.04609375
4 0.70234375 0.5375 0.06953125 0.05859375
4 0.7203125 0.5375 0.0734375 0.0484375
4 0.3078125 0.53046875 0.01640625 0.03359375
4 0.3015625 0.5390625 0.01875 0.04140625
4 0.28359375 0.5421875 0.02734375 0.0484375
5 0.803125 0.50625 0.0125 0.03359375
5 0.65859375 0.56484375 0.0125 0.05859375
5 0.65 0.56015625 0.00546875 0.05546875
5 0.628125 0.55078125 0.0109375 0.07109375
5 0.528125 0.52578125 0.0078125 0.04296875
5 0.621875 0.503125 0.00546875 0.0234375
5 0.6421875 0.509375 0.0109375 0.0265625
5 0.6296875 0.503125 0.009375 0.021875
5 0.56484375 0.53046875 0.0109375 0.053125
5 0.55625 0.5375 0.009375 0.0390625
5 0.53984375 0.52265625 0.009375 0.04296875
5 0.60859375 0.55859375 0.01875 0.109375
5 0.6390625 0.56640625 0.01484375 0.1359375
5 0.6390625 0.56796875 0.03125 0.09453125
4 0.2546875 0.5484375 0.04609375 0.05546875
4 0.415625 0.6671875 0.32890625 0.390625
4 0.89609375 0.490625 0.0203125 0.0265625