5 0.46640625 0.31640625 0.00546875 0.02109375
5 0.47109375 0.31796875 0.00546875 0.021875
5 0.478125 0.31875 0.00546875 0.02109375
5 0.51171875 0.32109375 0.01015625 0.01640625
6 0.78984375 0.28046875 0.33359375 0.559375
6 0.1375 0.42734375 0.275 0.8546875
4 0.2 0.3453125 0.05234375 0.0515625
4 0.24375 0.38515625 0.0921875 0.09140625
4 0.296875 0.34921875 0.0609375 0.04296875
4 0.3078125 0.36796875 0.06875 0.05546875
4 0.44375 0.3328125 0.028125 0.0515625
4 0.59921875 0.315625 0.03828125 0.0265625
4 0.55546875 0.31328125 0.065625 0.0375
6 0.375 0.3046875 0.05390625 0.0375
4 0.421875 0.3140625 0.0359375 0.021875
4 0.38203125 0.42109375 0.12421875 0.2125
4 0.940625 0.4203125 0.11328125 0.209375
4 0.5828125 0.57734375 0.36875 0.50546875