4 0.4890625 0.5109375 0.009375 0.00859375
6 0.784375 0.58046875 0.43046875 0.4984375
4 0.4234375 0.53046875 0.04296875 0.04609375
4 0.4765625 0.5109375 0.0125 0.01875
4 0.5 0.5140625 0.01171875 0.0109375
4 0.4734375 0.5109375 0.01484375 0.0203125
5 0.525 0.5359375 0.021875 0.0828125
5 0.553125 0.5171875 0.00703125 0.03359375
5 0.3953125 0.51796875 0.00703125 0.04140625
5 0.3203125 0.53359375 0.00625 0.0296875
5 0.56875 0.5234375 0.00703125 0.0625
5 0.3953125 0.5171875 0.00546875 0.0421875
5 0.5609375 0.51640625 0.00703125 0.03515625
5 0.33359375 0.5359375 0.028125 0.0828125
5 0.3890625 0.51796875 0.0078125 0.04375
5 0.4046875 0.52109375 0.00390625 0.01484375