4 0.4328125 0.51640625 0.03828125 0.02265625
6 0.3421875 0.5296875 0.1453125 0.1609375
4 0.4328125 0.52890625 0.03671875 0.0421875
6 0.503125 0.52578125 0.1125 0.16640625
5 0.6171875 0.52578125 0.01328125 0.06875
5 0.425 0.5046875 0.00390625 0.00859375
5 0.675 0.57265625 0.01796875 0.0828125
5 0.715625 0.55234375 0.02734375 0.16015625
5 0.5703125 0.51640625 0.00859375 0.0375
5 0.6484375 0.5421875 0.0078125 0.05
5 0.559375 0.52421875 0.00390625 0.02109375
5 0.63984375 0.534375 0.021875 0.09609375
5 0.725 0.55703125 0.0375 0.17109375
5 0.6078125 0.521875 0.01015625 0.05390625
5 0.584375 0.52265625 0.01328125 0.06015625
5 0.5546875 0.515625 0.00546875 0.0359375
5 0.99609375 0.753125 0.00625 0.0140625