4 0.88125 0.51484375 0.075 0.02734375
6 0.4921875 0.51640625 0.11640625 0.1703125
4 0.0953125 0.6828125 0.190625 0.3140625
5 0.6046875 0.51328125 0.01015625 0.0609375
5 0.959375 0.5046875 0.0109375 0.03359375
5 0.65 0.52109375 0.00859375 0.0296875
5 0.8484375 0.509375 0.01015625 0.0484375
5 0.359375 0.5109375 0.0109375 0.0515625
5 0.4 0.5109375 0.00390625 0.01640625
5 0.58125 0.50859375 0.00625 0.0375
5 0.4375 0.50625 0.00390625 0.0328125
5 0.8796875 0.51015625 0.015625 0.05
5 0.6234375 0.50625 0.0078125 0.03515625
5 0.67265625 0.5265625 0.0203125 0.10390625
5 0.9890625 0.49765625 0.0078125 0.0171875
5 0.7796875 0.5046875 0.0109375 0.03515625
5 0.98125 0.5875 0.03671875 0.2671875