4 0.0421875 0.478125 0.084375 0.1015625
4 0.10234375 0.45859375 0.07421875 0.09609375
4 0.18125 0.44375 0.0484375 0.08203125
4 0.35 0.45 0.0359375 0.084375
4 0.3640625 0.43359375 0.015625 0.028125
4 0.38203125 0.4359375 0.00859375 0.0109375
4 0.38828125 0.43046875 0.01171875 0.01953125
4 0.39453125 0.4328125 0.01171875 0.021875
4 0.403125 0.43671875 0.0125 0.03359375
4 0.42109375 0.44453125 0.03359375 0.04609375
4 0.90546875 0.47734375 0.18515625 0.1515625
4 0.25859375 0.50390625 0.19453125 0.2484375
5 0.6421875 0.471875 0.0265625 0.128125
5 0.55625 0.4515625 0.01640625 0.0765625
5 0.515625 0.44921875 0.0171875 0.07109375
5 0.4484375 0.44453125 0.00546875 0.03203125
5 0.45625 0.44140625 0.00703125 0.040625
5 0.48125 0.44296875 0.0125 0.065625
5 0.49375 0.43125 0.0078125 0.04453125
4 0.375 0.4328125 0.00625 0.01640625
5 0.57734375 0.440625 0.015625 0.05859375