5 0.19296875 0.56484375 0.01484375 0.1140625
5 0.38125 0.56875 0.01875 0.08203125
4 0.4390625 0.5375 0.0234375 0.04296875
4 0.4234375 0.546875 0.01484375 0.04140625
4 0.415625 0.553125 0.0171875 0.04609375
4 0.40546875 0.5546875 0.01953125 0.05390625
6 0.49765625 0.496875 0.0484375 0.05
5 0.3421875 0.584375 0.034375 0.175
4 0.465625 0.56015625 0.0484375 0.0875
4 0.5828125 0.54609375 0.0546875 0.103125
4 0.634375 0.53203125 0.05703125 0.13046875
4 0.68671875 0.55703125 0.08203125 0.125
4 0.53203125 0.58671875 0.1359375 0.253125
4 0.09765625 0.4859375 0.19375 0.7640625
5 0.7671875 0.5578125 0.0125 0.04140625
5 0.75 0.5890625 0.01875 0.1109375
5 0.8296875 0.59375 0.02578125 0.1015625