5 0.7609375 0.5953125 0.0375 0.1390625
5 0.628125 0.56640625 0.0171875 0.125
5 0.5859375 0.56796875 0.01875 0.10390625
5 0.075 0.56875 0.03125 0.1484375
5 0.0125 0.5703125 0.025 0.1515625
4 0.4328125 0.5546875 0.0609375 0.08046875
4 0.33125 0.534375 0.04140625 0.05546875
4 0.2984375 0.5265625 0.0171875 0.03046875
4 0.3984375 0.540625 0.009375 0.03203125
4 0.46953125 0.55 0.0203125 0.05
4 0.3890625 0.528125 0.02109375 0.0375
4 0.28125 0.528125 0.0171875 0.02890625
4 0.36875 0.53515625 0.0203125 0.028125
4 0.3578125 0.528125 0.00859375 0.01953125
4 0.25625 0.53515625 0.0234375 0.028125
5 0.534375 0.55859375 0.0125 0.05546875
5 0.50546875 0.54765625 0.009375 0.04609375