4 0.45234375 0.45546875 0.0171875 0.025
4 0.43984375 0.45546875 0.0171875 0.025
4 0.428125 0.46328125 0.0171875 0.0359375
4 0.4109375 0.4640625 0.0296875 0.03359375
6 0.3625 0.44921875 0.03125 0.05859375
4 0.334375 0.45859375 0.04140625 0.07109375
4 0.296875 0.4609375 0.059375 0.084375
4 0.24609375 0.47578125 0.09140625 0.084375
4 0.0546875 0.5046875 0.10859375 0.16796875
4 0.49921875 0.45625 0.009375 0.02109375
4 0.53046875 0.4625 0.01484375 0.03203125
4 0.53984375 0.465625 0.0125 0.03203125
4 0.5546875 0.46328125 0.025 0.04140625
4 0.6015625 0.47421875 0.0296875 0.0640625
4 0.6296875 0.47421875 0.05234375 0.0859375
4 0.684375 0.4921875 0.103125 0.12890625
4 0.884375 0.57109375 0.228125 0.23203125
5 0.1859375 0.46015625 0.0203125 0.090625