4 0.1015625 0.78046875 0.20078125 0.434375
4 0.9109375 0.7875 0.17421875 0.1984375
4 0.25390625 0.746875 0.2015625 0.22890625
4 0.80703125 0.734375 0.24375 0.26640625
4 0.6890625 0.709375 0.08203125 0.1609375
4 0.603125 0.659375 0.028125 0.0359375
4 0.53359375 0.6953125 0.10078125 0.1625
4 0.4171875 0.6796875 0.06640625 0.09140625
4 0.4578125 0.678125 0.02421875 0.0609375
4 0.4703125 0.67109375 0.01953125 0.04140625
5 0.215625 0.61484375 0.01484375 0.04296875
5 0.2359375 0.621875 0.01328125 0.03359375
5 0.296875 0.621875 0.01171875 0.01953125