4 0.51484375 0.634375 0.00859375 0.0265625
4 0.50703125 0.640625 0.01328125 0.0390625
4 0.49140625 0.646875 0.034375 0.05703125
4 0.4859375 0.6578125 0.03125 0.071875
4 0.459375 0.67421875 0.06171875 0.1015625
4 0.53671875 0.640625 0.0109375 0.01796875
4 0.55 0.640625 0.01328125 0.021875
4 0.56484375 0.6421875 0.009375 0.03203125
4 0.571875 0.64765625 0.0109375 0.05703125
4 0.5890625 0.64921875 0.0265625 0.071875
4 0.59375 0.653125 0.0328125 0.08046875
4 0.62578125 0.6671875 0.07109375 0.10859375
4 0.109375 0.79921875 0.21796875 0.4
4 0.91171875 0.77109375 0.1765625 0.2359375
5 0.51875 0.64765625 0.01328125 0.0859375
5 0.70390625 0.66640625 0.015625 0.0765625
5 0.41171875 0.65078125 0.015625 0.06796875
4 0.1609375 0.721875 0.0765625 0.09453125