4 0.47421875 0.41640625 0.0046875 0.00703125
4 0.4765625 0.421875 0.0078125 0.0109375
4 0.48125 0.434375 0.0078125 0.00859375
4 0.47734375 0.4421875 0.00625 0.0140625
4 0.4875 0.44453125 0.00546875 0.0140625
4 0.4921875 0.4453125 0.0109375 0.015625
4 0.5046875 0.45078125 0.01328125 0.02109375
4 0.5140625 0.45234375 0.0109375 0.02890625
4 0.521875 0.4578125 0.009375 0.03046875
4 0.53125 0.45625 0.01640625 0.034375
4 0.5421875 0.4640625 0.0171875 0.040625
4 0.5625 0.46484375 0.03359375 0.05859375
4 0.5796875 0.46953125 0.0390625 0.06640625
4 0.58125 0.48359375 0.0203125 0.06640625
4 0.60625 0.48515625 0.0640625 0.078125
4 0.66953125 0.5046875 0.0875 0.1015625
4 0.4484375 0.44296875 0.0078125 0.015625
4 0.4453125 0.44765625 0.0078125 0.01953125
4 0.440625 0.446875 0.00859375 0.01953125
4 0.4359375 0.4484375 0.009375 0.025
4 0.43515625 0.44921875 0.00859375 0.0234375
4 0.4125 0.45078125 0.01328125 0.034375
4 0.403125 0.45546875 0.01875 0.03359375
4 0.38046875 0.46171875 0.0328125 0.06796875
4 0.3546875 0.46953125 0.0296875 0.06796875
4 0.31640625 0.46953125 0.06640625 0.09609375
4 0.240625 0.4890625 0.121875 0.1375
6 0.4609375 0.43828125 0.02421875 0.0515625
5 0.91015625 0.503125 0.0359375 0.1234375
5 0.8859375 0.4859375 0.0234375 0.096875
5 0.865625 0.4828125 0.0296875 0.153125