4 0.01796875 0.79453125 0.0359375 0.203125
4 0.1703125 0.60703125 0.33984375 0.540625
6 0.7953125 0.47265625 0.40859375 0.9390625
4 0.34375 0.603125 0.10859375 0.23203125
4 0.4 0.5765625 0.0734375 0.153125
4 0.43671875 0.57265625 0.0234375 0.090625
4 0.446875 0.565625 0.01875 0.065625
4 0.45625 0.559375 0.021875 0.065625
4 0.46875 0.5671875 0.01015625 0.04296875
4 0.475 0.55078125 0.0171875 0.0515625
4 0.4875 0.55 0.009375 0.03046875
4 0.640625 0.596875 0.025 0.078125
4 0.62109375 0.5671875 0.03671875 0.0765625
4 0.59921875 0.565625 0.02265625 0.05
4 0.59296875 0.559375 0.02734375 0.0625
4 0.58125 0.55703125 0.0296875 0.0640625
4 0.565625 0.553125 0.02890625 0.05
4 0.54921875 0.54765625 0.02578125 0.040625
4 0.51796875 0.54140625 0.03046875 0.05546875
6 0.5359375 0.52421875 0.0265625 0.040625
4 0.46875 0.52109375 0.0203125 0.01953125
4 0.4890625 0.51953125 0.0140625 0.021875
4 0.49375 0.50234375 0.00859375 0.0109375
4 0.5203125 0.49921875 0.01171875 0.01640625
4 0.5171875 0.4921875 0.01484375 0.0109375
4 0.50546875 0.4921875 0.01015625 0.0109375