5 0.15234375 0.453125 0.015625 0.07890625
5 0.1359375 0.44609375 0.01953125 0.10390625
5 0.096875 0.4453125 0.03046875 0.09609375
5 0.06484375 0.446875 0.03515625 0.12890625
5 0.7453125 0.48359375 0.02265625 0.090625
4 0.465625 0.4359375 0.0078125 0.0125
4 0.4734375 0.44765625 0.02421875 0.034375
4 0.5 0.440625 0.01640625 0.0125
4 0.5046875 0.45 0.01640625 0.01796875
4 0.5171875 0.46328125 0.0265625 0.046875
4 0.5390625 0.4703125 0.046875 0.06640625
4 0.440625 0.44765625 0.00859375 0.0140625
4 0.434375 0.44765625 0.00859375 0.01640625
4 0.42734375 0.4484375 0.00859375 0.01796875
4 0.4203125 0.4484375 0.015625 0.028125
4 0.41640625 0.45546875 0.0109375 0.02890625
4 0.41015625 0.453125 0.0140625 0.0359375
4 0.403125 0.45546875 0.01953125 0.04140625
4 0.3953125 0.459375 0.0203125 0.04140625
4 0.38125 0.46015625 0.01953125 0.0484375
4 0.36953125 0.46484375 0.0265625 0.05703125
4 0.4515625 0.44765625 0.0078125 0.0125
4 0.48671875 0.465625 0.034375 0.0515625
4 0.621875 0.5578125 0.1890625 0.26953125
4 0.33984375 0.4671875 0.053125 0.0734375