4 0.0359375 0.471875 0.05625 0.0265625
4 0.0953125 0.46484375 0.0625 0.03359375
4 0.37578125 0.46875 0.015625 0.04453125
4 0.38828125 0.471875 0.01640625 0.046875
4 0.353125 0.4625 0.00546875 0.015625
4 0.28828125 0.4671875 0.01171875 0.01640625
4 0.8796875 0.51875 0.02734375 0.01953125
4 0.98984375 0.5390625 0.01875 0.01796875
6 0.915625 0.453125 0.059375 0.03359375
4 0.30390625 0.48125 0.03125 0.04296875
4 0.4125 0.478125 0.04453125 0.06953125
6 0.32578125 0.46875 0.0203125 0.040625
4 0.87578125 0.465625 0.01796875 0.0109375