5 0.3890625 0.57109375 0.0171875 0.0609375
4 0.3515625 0.55 0.01328125 0.01796875
4 0.3421875 0.56015625 0.015625 0.01796875
4 0.3140625 0.553125 0.0203125 0.025
4 0.303125 0.571875 0.02265625 0.03359375
4 0.2859375 0.565625 0.0171875 0.028125
6 0.25625 0.571875 0.05234375 0.09609375
4 0.225 0.565625 0.0203125 0.0359375
4 0.1984375 0.5765625 0.0203125 0.0109375
4 0.221875 0.6 0.01875 0.028125
4 0.203125 0.60390625 0.03671875 0.0484375
4 0.14921875 0.60625 0.03203125 0.0375
4 0.1078125 0.628125 0.04765625 0.0609375
4 0.08359375 0.6140625 0.01484375 0.02109375
4 0.053125 0.65078125 0.0828125 0.09453125
4 0.0125 0.65 0.025 0.053125
4 0.54296875 0.5296875 0.04765625 0.0484375