4 0.4671875 0.4 0.01171875 0.01640625
4 0.4390625 0.40234375 0.01171875 0.01640625
4 0.425 0.39609375 0.01171875 0.025
4 0.4140625 0.4 0.01328125 0.02109375
4 0.40078125 0.40234375 0.01796875 0.02890625
4 0.38203125 0.40234375 0.02265625 0.03359375
4 0.2609375 0.41171875 0.04765625 0.065625
4 0.09140625 0.41953125 0.10859375 0.08046875
4 0.35625 0.40546875 0.025 0.0359375
4 0.2046875 0.42109375 0.07890625 0.0890625
4 0.44921875 0.40390625 0.00859375 0.01640625
4 0.4984375 0.4 0.01328125 0.01640625
4 0.4859375 0.403125 0.01015625 0.01640625
4 0.4796875 0.37734375 0.00546875 0.0140625
4 0.2953125 0.40078125 0.02109375 0.028125
4 0.3203125 0.4046875 0.02421875 0.02890625
4 0.3375 0.39765625 0.01015625 0.01796875
5 0.7609375 0.44296875 0.04296875 0.1359375
5 0.803125 0.25625 0.00625 0.028125