5 0.6359375 0.5109375 0.01015625 0.0515625
4 0.3265625 0.52578125 0.01171875 0.0375
4 0.36328125 0.51953125 0.01171875 0.0265625
4 0.078125 0.55625 0.07265625 0.07109375
4 0.16875 0.54765625 0.134375 0.1390625
4 0.2421875 0.596875 0.159375 0.20390625
4 0.3453125 0.515625 0.03125 0.065625
4 0.51484375 0.52890625 0.040625 0.034375
4 0.7203125 0.53359375 0.13984375 0.0859375
4 0.9265625 0.52578125 0.1359375 0.09296875
4 0.8546875 0.53828125 0.02734375 0.05859375
6 0.81484375 0.52421875 0.0578125 0.0640625
4 0.378125 0.52578125 0.01796875 0.028125