6 0.5859375 0.4453125 0.17890625 0.11640625
6 0.68828125 0.45703125 0.028125 0.08046875
4 0.728125 0.47109375 0.01015625 0.01953125
4 0.7546875 0.478125 0.0125 0.01796875
4 0.77109375 0.47578125 0.01328125 0.015625
4 0.8 0.47578125 0.015625 0.01796875
4 0.83125 0.48671875 0.0328125 0.03203125
4 0.85859375 0.47578125 0.01953125 0.02109375
4 0.9078125 0.48984375 0.04375 0.04296875
4 0.94609375 0.48046875 0.034375 0.03046875
4 0.884375 0.478125 0.01875 0.02109375
4 0.7453125 0.471875 0.0125 0.0140625
4 0.984375 0.4921875 0.02890625 0.0734375