5 0.6796875 0.48125 0.03671875 0.140625
4 0.0625 0.63125 0.125 0.4
6 0.05625 0.396875 0.1125 0.20625
4 0.1734375 0.50390625 0.2015625 0.24609375
4 0.284375 0.43359375 0.059375 0.06953125
4 0.3390625 0.42109375 0.0359375 0.04453125
4 0.48828125 0.515625 0.12890625 0.209375
4 0.5484375 0.45234375 0.03828125 0.07890625
4 0.4421875 0.43671875 0.028125 0.0484375
4 0.3890625 0.403125 0.02734375 0.0375
4 0.3578125 0.403125 0.01953125 0.02890625
4 0.4109375 0.396875 0.015625 0.0234375
4 0.453125 0.40703125 0.0203125 0.0140625
4 0.44921875 0.396875 0.02109375 0.0140625
4 0.478125 0.39921875 0.015625 0.0125
4 0.4171875 0.3875 0.0125 0.0265625
4 0.5796875 0.41640625 0.01953125 0.0265625