5 0.0484375 0.534375 0.01484375 0.059375
5 0.2296875 0.5359375 0.0140625 0.078125
5 0.3265625 0.5296875 0.00703125 0.02890625
4 0.13125 0.53828125 0.0703125 0.05703125
4 0.28125 0.5328125 0.0515625 0.0515625
4 0.34140625 0.53359375 0.0234375 0.028125
4 0.3859375 0.52265625 0.02109375 0.01796875
4 0.5390625 0.5625 0.08125 0.13046875
6 0.515625 0.52421875 0.046875 0.0890625
4 0.8359375 0.55234375 0.11484375 0.08203125
4 0.9234375 0.5609375 0.153125 0.171875
4 0.621875 0.52265625 0.0234375 0.02109375
4 0.609375 0.51484375 0.025 0.0265625
4 0.5921875 0.50859375 0.02421875 0.03359375
5 0.2453125 0.51796875 0.01796875 0.065625