4 0.2671875 0.4734375 0.084375 0.0890625
4 0.3515625 0.4546875 0.01328125 0.0265625
4 0.33671875 0.45390625 0.01640625 0.02890625
4 0.3171875 0.4578125 0.02421875 0.03203125
4 0.2109375 0.48203125 0.034375 0.06640625
4 0.1703125 0.48828125 0.05234375 0.06796875
4 0.0984375 0.5015625 0.1125 0.0984375
4 0.4578125 0.43515625 0.028125 0.03046875
4 0.42734375 0.4375 0.01640625 0.01953125
4 0.3796875 0.44453125 0.0171875 0.03046875
4 0.4765625 0.43828125 0.0203125 0.02890625
4 0.496875 0.4390625 0.025 0.04453125
4 0.5203125 0.44140625 0.03984375 0.0640625
4 0.5625 0.4421875 0.0671875 0.09140625
4 0.9765625 0.440625 0.04453125 0.09140625
5 0.8 0.43984375 0.02734375 0.1140625
5 0.77109375 0.434375 0.028125 0.1140625
5 0.7484375 0.42109375 0.021875 0.084375
5 0.725 0.428125 0.03125 0.09140625
4 0.396875 0.44453125 0.0140625 0.0234375
4 0.41484375 0.44140625 0.009375 0.03203125