5 0.83125 0.57265625 0.0578125 0.23046875
5 0.75 0.540625 0.03125 0.159375
5 0.95703125 0.5578125 0.04921875 0.25
5 0.915625 0.575 0.0546875 0.21953125
5 0.853125 0.55625 0.021875 0.159375
5 0.775 0.540625 0.028125 0.1625
5 0.634375 0.52578125 0.02109375 0.10703125
5 0.30859375 0.49140625 0.009375 0.0375
4 0.328125 0.496875 0.025 0.0375
4 0.5484375 0.540625 0.1046875 0.1765625
4 0.27578125 0.50390625 0.0453125 0.07109375
4 0.225 0.50625 0.0578125 0.11640625
4 0.1734375 0.5171875 0.08046875 0.1390625
4 0.415625 0.58359375 0.2 0.30390625
4 0.078125 0.53046875 0.15625 0.1984375