4 0.0390625 0.69609375 0.078125 0.2578125
4 0.17578125 0.64609375 0.3171875 0.309375
4 0.3140625 0.565625 0.1625 0.20859375
4 0.3984375 0.5625 0.04453125 0.13046875
4 0.415625 0.54765625 0.03984375 0.084375
4 0.4265625 0.53671875 0.05703125 0.09140625
4 0.446875 0.5328125 0.01875 0.075
4 0.45625 0.534375 0.021875 0.0625
4 0.4640625 0.52265625 0.03515625 0.05546875
4 0.48125 0.521875 0.0140625 0.0375
4 0.48984375 0.51875 0.00703125 0.021875
6 0.4828125 0.50546875 0.02421875 0.04609375
4 0.8625 0.590625 0.27109375 0.45859375
4 0.7046875 0.590625 0.08671875 0.17109375
6 0.646875 0.515625 0.10078125 0.16640625
4 0.5953125 0.53984375 0.02109375 0.071875
4 0.5796875 0.53359375 0.02421875 0.059375
4 0.5671875 0.52734375 0.0359375 0.0515625
4 0.5484375 0.52265625 0.01640625 0.04296875
4 0.53828125 0.51875 0.01484375 0.0265625
4 0.528125 0.52109375 0.0078125 0.01796875