5 0.6578125 0.484375 0.065625 0.19453125
5 0.6484375 0.371875 0.04453125 0.09609375
5 0.603125 0.4234375 0.03828125 0.20859375
5 0.5828125 0.41171875 0.01953125 0.09609375
5 0.565625 0.409375 0.01875 0.08203125
5 0.54375 0.40625 0.01328125 0.07109375
5 0.553125 0.40859375 0.0171875 0.084375
5 0.49140625 0.40234375 0.01484375 0.0640625
5 0.4703125 0.390625 0.0078125 0.034375
6 0.453125 0.38125 0.01875 0.04453125
4 0.384375 0.39296875 0.02890625 0.09140625
4 0.3453125 0.4 0.0765625 0.1234375
4 0.0671875 0.33828125 0.0328125 0.028125
4 0.0359375 0.39140625 0.07109375 0.22109375
4 0.1921875 0.4046875 0.25703125 0.31640625