4 0.47265625 0.26484375 0.00703125 0.0109375
4 0.4765625 0.27421875 0.0078125 0.015625
4 0.4796875 0.28046875 0.01015625 0.01953125
4 0.48515625 0.284375 0.0171875 0.0234375
4 0.50390625 0.290625 0.009375 0.015625
4 0.4828125 0.3015625 0.01640625 0.02890625
4 0.5109375 0.309375 0.01875 0.0265625
4 0.49375 0.3046875 0.02265625 0.034375
4 0.52265625 0.30859375 0.01640625 0.025
4 0.5484375 0.3125 0.01171875 0.025
4 0.553125 0.3140625 0.01171875 0.0234375
4 0.56484375 0.315625 0.01640625 0.0234375
4 0.6046875 0.303125 0.009375 0.0125
4 0.5875 0.31640625 0.0375 0.0515625
4 0.62734375 0.32578125 0.04765625 0.05
6 0.4171875 0.27890625 0.021875 0.025
6 0.390625 0.27578125 0.02734375 0.021875
4 0.33203125 0.28359375 0.02578125 0.01640625
4 0.3203125 0.2875 0.01875 0.01640625
4 0.28828125 0.290625 0.02109375 0.02890625
4 0.26875 0.28671875 0.02578125 0.0484375
4 0.240625 0.2921875 0.06171875 0.06640625
4 0.178125 0.290625 0.0859375 0.0890625
6 0.20390625 0.246875 0.07578125 0.07109375
4 0.1125 0.29375 0.05390625 0.08046875
4 0.0265625 0.2828125 0.05234375 0.07890625
5 0.0765625 0.3671875 0.05859375 0.4125
5 0.7921875 0.3625 0.02890625 0.10390625
4 0.4640625 0.278125 0.0109375 0.009375
4 0.4625 0.303125 0.02265625 0.04296875