5 0.5703125 0.384375 0.0171875 0.0765625
5 0.9875 0.49140625 0.021875 0.30703125
5 0.69609375 0.3984375 0.03046875 0.1234375
5 0.6421875 0.45234375 0.040625 0.246875
5 0.61953125 0.3859375 0.01875 0.0734375
5 0.803125 0.48203125 0.04375 0.290625
5 0.746875 0.4796875 0.071875 0.278125
5 0.9140625 0.4921875 0.05703125 0.290625
5 0.8671875 0.484375 0.05 0.2640625
4 0.36796875 0.365625 0.01875 0.03046875
4 0.3578125 0.37265625 0.021875 0.02890625
4 0.328125 0.375 0.0328125 0.05
5 0.346875 0.371875 0.01015625 0.046875
4 0.31875 0.38046875 0.021875 0.046875
4 0.3 0.38046875 0.03125 0.0515625
4 0.296875 0.3875 0.0234375 0.05
4 0.26875 0.3890625 0.04609375 0.059375
4 0.246875 0.4 0.0390625 0.05859375
4 0.21328125 0.39609375 0.059375 0.08203125
4 0.1296875 0.37734375 0.08828125 0.05390625
4 0.0578125 0.434375 0.09375 0.109375
4 0.4640625 0.371875 0.009375 0.0265625
4 0.4578125 0.3703125 0.009375 0.03046875
4 0.4734375 0.37109375 0.01875 0.02890625
4 0.4890625 0.3765625 0.0265625 0.046875
4 0.4984375 0.37890625 0.03046875 0.05390625
4 0.4984375 0.38515625 0.01953125 0.05390625
4 0.38828125 0.3765625 0.02421875 0.046875
4 0.0234375 0.4421875 0.04609375 0.1265625
4 0.1625 0.43515625 0.153125 0.15390625
4 0.4265625 0.39296875 0.06484375 0.1234375
4 0.5171875 0.390625 0.04375 0.059375
5 0.9625 0.44296875 0.053125 0.26953125