4 0.4015625 0.43828125 0.0140625 0.02109375
4 0.41875 0.434375 0.0140625 0.01953125
4 0.4796875 0.43359375 0.0140625 0.02109375
4 0.459375 0.4328125 0.01796875 0.01953125
6 0.43671875 0.42890625 0.01796875 0.02109375
6 0.509375 0.42265625 0.03125 0.034375
4 0.55703125 0.4328125 0.02265625 0.0234375
4 0.30859375 0.4359375 0.015625 0.00859375
4 0.4 0.51484375 0.01328125 0.02890625
4 0.38125 0.5125 0.01953125 0.034375
4 0.471875 0.5125 0.0203125 0.034375
4 0.5046875 0.50625 0.01171875 0.02109375
4 0.515625 0.509375 0.01796875 0.01953125
4 0.5203125 0.53046875 0.03125 0.040625
4 0.4296875 0.53515625 0.0609375 0.075
4 0.3640625 0.51796875 0.01640625 0.028125
6 0.34375 0.490625 0.0375 0.0359375
4 0.25 0.528125 0.07421875 0.071875
4 0.340625 0.5359375 0.0671875 0.071875
6 0.11328125 0.540625 0.2265625 0.24296875
4 0.84375 0.428125 0.03671875 0.028125