4 0.67578125 0.36328125 0.065625 0.059375
4 0.453125 0.3390625 0.0546875 0.08359375
5 0.05 0.315625 0.02265625 0.09140625
5 0.0890625 0.33046875 0.01875 0.0875
5 0.1125 0.3125 0.01796875 0.071875
5 0.1265625 0.303125 0.01328125 0.0359375
5 0.1375 0.30703125 0.01875 0.040625
5 0.153125 0.3046875 0.01328125 0.040625
5 0.1671875 0.30078125 0.0140625 0.04453125
5 0.771875 0.3484375 0.0140625 0.0765625
5 0.75 0.3296875 0.01328125 0.02890625
5 0.7296875 0.3328125 0.009375 0.05703125
5 0.721875 0.334375 0.01328125 0.05703125
5 0.671875 0.3203125 0.015625 0.028125
4 0.29140625 0.33046875 0.0515625 0.075
4 0.3234375 0.32265625 0.046875 0.059375
4 0.34375 0.31875 0.025 0.0515625
4 0.359375 0.3140625 0.02421875 0.04453125
4 0.37578125 0.31015625 0.01875 0.03359375
4 0.4 0.30625 0.0203125 0.02890625
4 0.4828125 0.31875 0.0203125 0.0515625
4 0.5375 0.32734375 0.01796875 0.03359375
4 0.5515625 0.3296875 0.025 0.02890625
4 0.5765625 0.3359375 0.01875 0.04296875
4 0.59921875 0.3390625 0.040625 0.065625
4 0.6328125 0.340625 0.0609375 0.06796875
4 0.5109375 0.32421875 0.021875 0.03203125
4 0.421875 0.3203125 0.009375 0.04453125
4 0.4171875 0.309375 0.01171875 0.0359375
5 0.20703125 0.29765625 0.01171875 0.02109375
4 0.234375 0.30859375 0.065625 0.025
4 0.3921875 0.3203125 0.0296875 0.04453125
4 0.4921875 0.31484375 0.0109375 0.02109375