5 0.9921875 0.33515625 0.01328125 0.1125
5 0.934375 0.3296875 0.03203125 0.1140625
5 0.90859375 0.32734375 0.02265625 0.10390625
5 0.8875 0.3546875 0.05546875 0.2734375
5 0.834375 0.31015625 0.0125 0.07109375
5 0.82109375 0.3109375 0.015625 0.0734375
5 0.846875 0.33515625 0.021875 0.103125
5 0.73671875 0.30078125 0.0078125 0.028125
5 0.73046875 0.30078125 0.00703125 0.028125
5 0.709375 0.29296875 0.0140625 0.04140625
5 0.5203125 0.2921875 0.0078125 0.01953125
5 0.5078125 0.3125 0.0078125 0.04296875
5 0.49609375 0.315625 0.00703125 0.04140625
5 0.490625 0.315625 0.00859375 0.04140625
5 0.4859375 0.315625 0.00859375 0.0375
5 0.48046875 0.315625 0.0125 0.04296875
5 0.471875 0.31328125 0.0109375 0.04453125
5 0.4578125 0.31328125 0.01171875 0.04140625
5 0.440625 0.3234375 0.02109375 0.0890625
5 0.3984375 0.29296875 0.01796875 0.05703125
5 0.38671875 0.3015625 0.0140625 0.07109375
5 0.3828125 0.303125 0.02109375 0.0734375
5 0.35625 0.303125 0.015625 0.06796875
5 0.35234375 0.29453125 0.0078125 0.03046875
5 0.309375 0.3140625 0.01875 0.1
5 0.2890625 0.30859375 0.01328125 0.0625
5 0.26015625 0.303125 0.04296875 0.17109375
5 0.2375 0.32265625 0.015625 0.14296875
5 0.18203125 0.31328125 0.0125 0.0625
5 0.16015625 0.315625 0.01484375 0.065625
5 0.13125 0.31640625 0.015625 0.0609375
5 0.10625 0.29765625 0.0328125 0.10390625
4 0.65 0.3359375 0.228125 0.15703125
4 0.1703125 0.2921875 0.04765625 0.03046875
4 0.1265625 0.309375 0.05859375 0.06953125
4 0.209375 0.31640625 0.04765625 0.053125
4 0.0625 0.3 0.0703125 0.06640625