4 0.353125 0.584375 0.01015625 0.01640625
4 0.34296875 0.58515625 0.01015625 0.02109375
4 0.3265625 0.584375 0.0125 0.01796875
4 0.303125 0.58984375 0.0171875 0.0125
4 0.290625 0.590625 0.00859375 0.01796875
4 0.28046875 0.590625 0.01171875 0.02109375
4 0.2703125 0.59375 0.009375 0.01796875
4 0.2609375 0.59296875 0.01015625 0.01640625
4 0.24375 0.5921875 0.021875 0.0375
4 0.21875 0.60078125 0.015625 0.028125
4 0.1984375 0.60390625 0.0234375 0.028125
4 0.1765625 0.60234375 0.0234375 0.04296875
4 0.0921875 0.61953125 0.04140625 0.05
4 0.0515625 0.625 0.0390625 0.05
4 0.4359375 0.58203125 0.01015625 0.028125
4 0.4453125 0.5828125 0.0203125 0.03359375
4 0.45703125 0.58828125 0.0171875 0.04453125
4 0.46875 0.590625 0.0203125 0.04453125
4 0.475 0.59296875 0.0140625 0.04296875
4 0.75390625 0.5828125 0.0703125 0.075
6 0.43125 0.56328125 0.0203125 0.01796875
4 0.4234375 0.584375 0.0171875 0.028125
4 0.384375 0.57734375 0.0421875 0.0859375
4 0.49375 0.59765625 0.04453125 0.05546875
4 0.13984375 0.60859375 0.05078125 0.05390625
4 0.01640625 0.62421875 0.03125 0.0609375
5 0.6421875 0.55625 0.015625 0.0390625
5 0.6640625 0.5984375 0.0125 0.04453125
5 0.7078125 0.596875 0.03984375 0.15
5 0.7953125 0.578125 0.028125 0.12890625
5 0.6 0.590625 0.015625 0.065625
5 0.5453125 0.58203125 0.01015625 0.05546875