6 0.09375 0.4515625 0.0109375 0.028125
4 0.1140625 0.446875 0.009375 0.0125
4 0.128125 0.45 0.009375 0.0125
4 0.14453125 0.459375 0.01171875 0.01796875
4 0.10859375 0.46171875 0.0078125 0.01796875
4 0.1171875 0.46171875 0.0078125 0.01796875
4 0.12265625 0.46796875 0.01171875 0.01953125
4 0.1328125 0.4765625 0.01328125 0.0140625
4 0.04140625 0.48359375 0.025 0.02109375
4 0.10859375 0.49375 0.02578125 0.0390625
6 0.1671875 0.440625 0.01328125 0.02109375
4 0.175 0.44921875 0.01171875 0.01796875
4 0.1984375 0.45390625 0.01171875 0.01953125
4 0.2046875 0.465625 0.0109375 0.0140625
4 0.2171875 0.45625 0.0109375 0.01796875
4 0.20859375 0.4484375 0.01015625 0.01640625
4 0.23125 0.45859375 0.01015625 0.0140625
4 0.16328125 0.47734375 0.02109375 0.01953125
4 0.290625 0.4765625 0.015625 0.0140625
4 0.32109375 0.484375 0.01875 0.0234375
4 0.1828125 0.4671875 0.01328125 0.025
4 0.1984375 0.475 0.0140625 0.01953125
4 0.21796875 0.48046875 0.01484375 0.0234375
4 0.3296875 0.51328125 0.0453125 0.059375
4 0.14453125 0.49609375 0.028125 0.03203125
4 0.17734375 0.50234375 0.0328125 0.040625
6 0.07421875 0.49765625 0.06328125 0.065625
6 0.24921875 0.47109375 0.025 0.04609375