5 0.3984375 0.64609375 0.01015625 0.03046875
4 0.903125 0.625 0.03828125 0.040625
4 0.79765625 0.62734375 0.034375 0.05390625
4 0.090625 0.6234375 0.0234375 0.0265625
4 0.1421875 0.6171875 0.09375 0.04140625
4 0.24375 0.62578125 0.01171875 0.01640625
4 0.259375 0.6234375 0.02109375 0.0265625
4 0.31953125 0.6171875 0.0171875 0.0234375
4 0.3046875 0.621875 0.015625 0.01796875
4 0.28984375 0.621875 0.01328125 0.01796875
4 0.2765625 0.62734375 0.01015625 0.0140625
4 0.2890625 0.65625 0.03984375 0.0484375
4 0.3671875 0.61015625 0.009375 0.01796875
4 0.36796875 0.653125 0.05703125 0.07109375
4 0.5265625 0.68984375 0.209375 0.27890625
6 0.98203125 0.6078125 0.0359375 0.05390625