5 0.2765625 0.475 0.00625 0.0484375
5 0.2515625 0.4890625 0.01796875 0.071875
5 0.18359375 0.4765625 0.01015625 0.05546875
5 0.16328125 0.459375 0.01328125 0.02890625
5 0.7546875 0.51640625 0.015625 0.084375
5 0.684375 0.48671875 0.015625 0.04296875
5 0.6703125 0.50390625 0.0109375 0.0515625
5 0.659375 0.50390625 0.00859375 0.059375
5 0.6515625 0.50234375 0.00703125 0.05546875
5 0.5953125 0.50234375 0.01328125 0.05546875
4 0.6484375 0.50625 0.06328125 0.0515625
5 0.9828125 0.54375 0.034375 0.1265625
4 0.40859375 0.47890625 0.0140625 0.040625
4 0.3953125 0.49296875 0.03359375 0.046875
4 0.3328125 0.4890625 0.0515625 0.05546875
4 0.13125 0.690625 0.2625 0.509375
4 0.46875 0.49609375 0.103125 0.2140625
4 0.5265625 0.48828125 0.01171875 0.04453125
5 0.19375 0.4796875 0.009375 0.0640625