4 0.471875 0.24140625 0.015625 0.0265625
4 0.45625 0.240625 0.0203125 0.03046875
4 0.43515625 0.2421875 0.0171875 0.0359375
4 0.4265625 0.2453125 0.02265625 0.034375
4 0.4140625 0.246875 0.0203125 0.034375
4 0.49375 0.24296875 0.01484375 0.0234375
4 0.50625 0.2453125 0.01171875 0.01953125
4 0.521875 0.24609375 0.015625 0.02109375
4 0.3875 0.2515625 0.03984375 0.05
4 0.3640625 0.25859375 0.02421875 0.0484375
4 0.3265625 0.259375 0.06015625 0.07109375
5 0.2171875 0.2453125 0.01953125 0.0515625
5 0.25234375 0.246875 0.0171875 0.028125