5 0.30078125 0.40234375 0.0234375 0.0890625
5 0.9734375 0.36875 0.0125 0.021875
5 0.96171875 0.371875 0.0109375 0.015625
4 0.6921875 0.39140625 0.0390625 0.02890625
4 0.678125 0.4140625 0.04921875 0.06953125
4 0.79609375 0.3765625 0.04609375 0.01953125
4 0.7421875 0.41875 0.07109375 0.0890625
4 0.615625 0.38125 0.06875 0.05390625
4 0.38671875 0.4125 0.04453125 0.0625
4 0.759375 0.44609375 0.0515625 0.12890625
4 0.80625 0.484375 0.11328125 0.19609375
4 0.4515625 0.4203125 0.0921875 0.15703125
4 0.628125 0.428125 0.090625 0.1484375
4 0.5234375 0.44765625 0.13671875 0.25
4 0.88515625 0.6125 0.221875 0.471875
4 0.1765625 0.48359375 0.35078125 0.69609375
5 0.94609375 0.3578125 0.01484375 0.0265625