5 0.0296875 0.6015625 0.0171875 0.0640625
5 0.60625 0.59765625 0.0265625 0.1265625
5 0.52890625 0.58984375 0.01328125 0.06796875
5 0.56328125 0.590625 0.01328125 0.0890625
4 0.1578125 0.6265625 0.078125 0.084375
4 0.20390625 0.5921875 0.01953125 0.03046875
4 0.3 0.59609375 0.0171875 0.04140625
4 0.35 0.590625 0.01328125 0.028125
4 0.396875 0.58203125 0.0171875 0.028125
6 0.3265625 0.5734375 0.03671875 0.0859375
4 0.23203125 0.6109375 0.07890625 0.09140625
4 0.4203125 0.609375 0.05390625 0.084375
5 0.453125 0.61328125 0.025 0.09609375