5 0.1828125 0.48203125 0.01796875 0.0859375
5 0.8078125 0.4796875 0.03359375 0.171875
5 0.7671875 0.4421875 0.0171875 0.0375
5 0.6671875 0.47734375 0.03671875 0.1625
5 0.95625 0.4765625 0.02421875 0.10546875
5 0.609375 0.48203125 0.0171875 0.11640625
5 0.5953125 0.490625 0.021875 0.11796875
5 0.5578125 0.49296875 0.02109375 0.096875
5 0.534375 0.490625 0.0328125 0.103125
5 0.49375 0.48828125 0.0234375 0.121875
4 0.9859375 0.496875 0.0265625 0.1015625
6 0.80703125 0.4828125 0.2375 0.1375
4 0.3640625 0.4828125 0.01875 0.0390625
4 0.371875 0.4921875 0.01875 0.046875
6 0.415625 0.45 0.07578125 0.15
4 0.328125 0.48203125 0.015625 0.0484375
4 0.14375 0.63671875 0.01015625 0.009375
4 0.2984375 0.49296875 0.06640625 0.0859375
4 0.43203125 0.4953125 0.0671875 0.096875