5 0.0296875 0.54609375 0.025 0.1140625
5 0.0953125 0.528125 0.0265625 0.134375
5 0.446875 0.509375 0.00859375 0.04140625
5 0.00625 0.534375 0.009375 0.090625
5 0.1375 0.5140625 0.0125 0.040625
5 0.1671875 0.54609375 0.01328125 0.090625
5 0.23359375 0.521875 0.01875 0.065625
5 0.434375 0.50859375 0.00703125 0.05703125
5 0.42421875 0.509375 0.009375 0.0484375
5 0.39921875 0.51484375 0.00703125 0.0515625
5 0.3859375 0.52734375 0.01328125 0.03046875
5 0.490625 0.5015625 0.0046875 0.0359375
4 0.54375 0.50703125 0.02265625 0.03359375
4 0.51328125 0.51328125 0.028125 0.0375
4 0.6890625 0.49609375 0.01484375 0.028125
4 0.65625 0.49765625 0.009375 0.01953125
4 0.67421875 0.496875 0.01875 0.0375
4 0.7125 0.50625 0.025 0.034375
6 0.7203125 0.48359375 0.0515625 0.06953125
4 0.6 0.553125 0.11171875 0.1609375
4 0.86171875 0.665625 0.27109375 0.446875
5 0.075 0.52734375 0.0171875 0.0625
5 0.2015625 0.52421875 0.0125 0.05703125
5 0.1828125 0.525 0.01484375 0.05859375