4 0.184375 0.35234375 0.03984375 0.0375
4 0.1671875 0.35546875 0.0515625 0.03046875
4 0.12421875 0.346875 0.02109375 0.028125
4 0.09765625 0.346875 0.01875 0.03359375
4 0.2546875 0.34140625 0.01875 0.02109375
4 0.26875 0.3421875 0.015625 0.0234375
4 0.2828125 0.33828125 0.01328125 0.0234375
4 0.29609375 0.35 0.0171875 0.028125
4 0.60625 0.45078125 0.1578125 0.22890625
5 0.8625 0.415625 0.03125 0.1640625
5 0.82734375 0.384375 0.03046875 0.103125
5 0.803125 0.4328125 0.034375 0.221875
5 0.9875 0.353125 0.0234375 0.071875
5 0.9890625 0.4328125 0.02109375 0.1765625
4 0.4171875 0.45625 0.27421875 0.409375