4 0.290625 0.403125 0.0171875 0.0265625
4 0.4015625 0.390625 0.01328125 0.0140625
4 0.4265625 0.41015625 0.03828125 0.034375
6 0.434375 0.39375 0.0671875 0.034375
4 0.4578125 0.4125 0.0609375 0.05390625
4 0.484375 0.41015625 0.04609375 0.05390625
4 0.5109375 0.4140625 0.07890625 0.07109375
4 0.5328125 0.421875 0.084375 0.078125
6 0.6359375 0.40703125 0.2015625 0.14296875
4 0.628125 0.4359375 0.1 0.1125
4 0.73828125 0.44609375 0.2375 0.15
4 0.35 0.4375 0.11875 0.184375
4 0.0328125 0.496875 0.065625 0.215625
5 0.2171875 0.39609375 0.009375 0.046875
5 0.203125 0.396875 0.00625 0.040625