4 0.42265625 0.353125 0.00859375 0.0125
4 0.41796875 0.3625 0.01171875 0.028125
4 0.4078125 0.36953125 0.01171875 0.03359375
4 0.39375 0.36953125 0.0171875 0.04453125
4 0.38671875 0.378125 0.01796875 0.0390625
4 0.4546875 0.37109375 0.01015625 0.015625
4 0.4671875 0.4 0.00859375 0.0765625
4 0.37265625 0.3796875 0.034375 0.0484375
4 0.43046875 0.38515625 0.03671875 0.0484375
6 0.58125 0.28046875 0.23359375 0.5609375
5 0.18828125 0.390625 0.02109375 0.09609375
5 0.05 0.39140625 0.01953125 0.0890625
5 0.03984375 0.39375 0.01484375 0.08203125