4 0.43984375 0.653125 0.0109375 0.0109375
4 0.4296875 0.6546875 0.0109375 0.00859375
4 0.41015625 0.6546875 0.01171875 0.0125
4 0.3890625 0.6546875 0.01328125 0.02109375
4 0.3203125 0.65859375 0.03125 0.04453125
4 0.31015625 0.66484375 0.02265625 0.0359375
4 0.2921875 0.659375 0.034375 0.046875
4 0.27265625 0.66953125 0.03125 0.0515625
4 0.23671875 0.66875 0.05234375 0.065625
4 0.20703125 0.68046875 0.05234375 0.06796875
5 0.1484375 0.640625 0.01328125 0.0234375
4 0.14296875 0.69140625 0.09453125 0.0875
5 0.078125 0.684375 0.034375 0.1109375
4 0.3765625 0.6546875 0.01875 0.025
4 0.4203125 0.6546875 0.00859375 0.01640625
4 0.47734375 0.653125 0.02421875 0.0234375
4 0.4515625 0.653125 0.021875 0.028125
4 0.3984375 0.6546875 0.009375 0.02109375
6 0.4703125 0.6390625 0.01796875 0.01953125
4 0.496875 0.653125 0.015625 0.028125
4 0.515625 0.653125 0.01171875 0.02890625
4 0.53046875 0.6515625 0.025 0.0359375
4 0.540625 0.65703125 0.01875 0.0390625
6 0.565625 0.62890625 0.03984375 0.115625
6 0.63125 0.63671875 0.1078125 0.171875
4 0.8734375 0.72265625 0.203125 0.14453125
5 0.353125 0.65546875 0.00703125 0.01953125
5 0.34375 0.659375 0.009375 0.025