5 0.09140625 0.51640625 0.0453125 0.16640625
5 0.046875 0.51171875 0.021875 0.1484375
5 0.0234375 0.5203125 0.03125 0.153125
5 0.146875 0.5125 0.040625 0.16953125
5 0.115625 0.51171875 0.02109375 0.134375
5 0.07109375 0.48359375 0.01484375 0.11640625
5 0.009375 0.50859375 0.0140625 0.14609375
5 0.48203125 0.4921875 0.03671875 0.1734375
5 0.45703125 0.48828125 0.02734375 0.109375
5 0.5734375 0.45234375 0.01796875 0.05859375
5 0.56015625 0.48984375 0.015625 0.11953125
5 0.540625 0.47109375 0.009375 0.053125
5 0.53046875 0.4703125 0.0078125 0.0515625
5 0.5171875 0.465625 0.01171875 0.06953125
5 0.50703125 0.46796875 0.0109375 0.0625
5 0.4375 0.4609375 0.01328125 0.0265625
4 0.4 0.490625 0.09296875 0.18359375
4 0.26875 0.61015625 0.271875 0.375
6 0.7328125 0.45546875 0.315625 0.37890625
4 0.9359375 0.5328125 0.128125 0.4765625