4 0.753125 0.2390625 0.009375 0.03359375
4 0.403125 0.4953125 0.009375 0.0265625
4 0.3953125 0.49453125 0.01171875 0.03203125
4 0.38828125 0.4953125 0.0125 0.03359375
4 0.3375 0.49765625 0.0328125 0.05
4 0.17734375 0.5203125 0.05546875 0.07109375
4 0.509375 0.49296875 0.02109375 0.053125
4 0.53046875 0.47734375 0.02421875 0.053125
4 0.259375 0.4953125 0.140625 0.146875
4 0.375 0.496875 0.02734375 0.03046875
4 0.4578125 0.50859375 0.09921875 0.16640625
4 0.075 0.546875 0.14921875 0.17109375
5 0.1203125 0.4859375 0.01796875 0.04140625
5 0.134375 0.49453125 0.0125 0.040625
5 0.61640625 0.48515625 0.009375 0.04140625
5 0.625 0.4828125 0.0109375 0.034375
5 0.6640625 0.49453125 0.01328125 0.06953125
5 0.6484375 0.50390625 0.01015625 0.0625
5 0.6328125 0.49765625 0.01171875 0.0734375
5 0.640625 0.4984375 0.009375 0.06953125
5 0.5984375 0.48984375 0.009375 0.0390625
5 0.590625 0.48671875 0.009375 0.0390625
5 0.58203125 0.4875 0.00703125 0.03203125
5 0.675 0.490625 0.009375 0.075
5 0.5828125 0.48359375 0.00546875 0.0234375