4 0.3625 0.59609375 0.28125 0.45703125
4 0.90078125 0.67109375 0.1984375 0.5421875
6 0.65703125 0.48046875 0.165625 0.29453125
4 0.5578125 0.503125 0.0421875 0.065625
4 0.465625 0.49765625 0.0296875 0.084375
4 0.478125 0.50625 0.01796875 0.0625
4 0.48515625 0.4953125 0.01796875 0.065625
4 0.4984375 0.496875 0.0109375 0.053125
4 0.5265625 0.49296875 0.02890625 0.065625
4 0.7671875 0.52890625 0.0671875 0.12890625
6 0.509375 0.45 0.075 0.03359375
5 0.25 0.4671875 0.01796875 0.078125
5 0.053125 0.48515625 0.0625 0.1234375