4 0.99296875 0.48984375 0.01171875 0.046875
4 0.95625 0.4578125 0.08515625 0.09140625
4 0.8921875 0.4484375 0.07578125 0.08046875
4 0.7875 0.46796875 0.128125 0.11640625
4 0.8046875 0.4109375 0.05 0.034375
4 0.7515625 0.4109375 0.0421875 0.04296875
4 0.72578125 0.41328125 0.02890625 0.04296875
4 0.653125 0.403125 0.02578125 0.04140625
4 0.671875 0.3953125 0.01640625 0.04609375
4 0.63203125 0.396875 0.01484375 0.0265625
5 0.57890625 0.5765625 0.13828125 0.453125
4 0.52890625 0.4140625 0.059375 0.1125
6 0.5421875 0.365625 0.040625 0.0640625
5 0.4640625 0.478125 0.04921875 0.21640625
5 0.415625 0.471875 0.0546875 0.22109375
5 0.3859375 0.446875 0.0328125 0.15390625
5 0.346875 0.490625 0.0703125 0.28359375
5 0.3234375 0.434375 0.02578125 0.18359375
5 0.303125 0.43671875 0.02578125 0.18359375
5 0.28125 0.3765625 0.01875 0.0625
5 0.271875 0.4421875 0.03359375 0.16796875
5 0.246875 0.4203125 0.03046875 0.12890625
5 0.225 0.365625 0.01953125 0.0625
5 0.22421875 0.48671875 0.065625 0.25859375
5 0.0296875 0.4203125 0.05 0.1375
4 0.034375 0.38671875 0.06640625 0.11640625
4 0.61875 0.40078125 0.01015625 0.0375
5 0.19375 0.44375 0.015625 0.128125