4 0.05546875 0.4296875 0.03515625 0.05
4 0.4234375 0.40859375 0.01484375 0.02109375
4 0.4046875 0.40625 0.0109375 0.0125
4 0.3921875 0.4046875 0.01640625 0.015625
4 0.3796875 0.40625 0.00703125 0.0125
4 0.37109375 0.41171875 0.021875 0.01640625
4 0.3546875 0.409375 0.015625 0.0125
4 0.3515625 0.41875 0.01640625 0.01953125
4 0.33203125 0.421875 0.028125 0.0359375
4 0.4125 0.421875 0.01953125 0.0265625
4 0.40234375 0.4265625 0.0203125 0.0265625
4 0.38828125 0.41796875 0.01484375 0.015625
4 0.3890625 0.43984375 0.028125 0.0390625
4 0.3015625 0.4390625 0.0453125 0.05703125
4 0.2796875 0.43984375 0.01484375 0.04609375
4 0.3609375 0.4515625 0.03984375 0.053125
4 0.25 0.43671875 0.0609375 0.06796875
4 0.1453125 0.41796875 0.03203125 0.025
4 0.11796875 0.4203125 0.02265625 0.021875
4 0.096875 0.415625 0.06171875 0.0359375
4 0.1703125 0.4421875 0.05703125 0.0640625
4 0.215625 0.4828125 0.12578125 0.13359375
4 0.44453125 0.41484375 0.015625 0.02109375
4 0.4578125 0.4109375 0.0109375 0.01953125
4 0.46796875 0.4125 0.01015625 0.0109375
4 0.475 0.41875 0.01015625 0.015625
4 0.484375 0.428125 0.0109375 0.021875
4 0.49375 0.434375 0.0125 0.021875
4 0.465625 0.428125 0.0109375 0.01640625
4 0.47421875 0.4359375 0.01875 0.0265625
4 0.44375 0.4375 0.02421875 0.021875
4 0.43359375 0.440625 0.03515625 0.01953125
4 0.4296875 0.51015625 0.0890625 0.12890625
4 0.66015625 0.5109375 0.0765625 0.115625
4 0.71015625 0.4859375 0.03125 0.02109375
4 0.7515625 0.49296875 0.03984375 0.025
4 0.8328125 0.50234375 0.0375 0.03359375
4 0.88125 0.51328125 0.04140625 0.02890625
4 0.95078125 0.52109375 0.09609375 0.0375
4 0.03125 0.49140625 0.0625 0.2609375
4 0.94765625 0.8359375 0.1015625 0.325
6 0.5375 0.43984375 0.05234375 0.10859375
6 0.58984375 0.5234375 0.103125 0.128125