5 0.64375 0.4953125 0.015625 0.0609375
4 0.48515625 0.49765625 0.0078125 0.0234375
4 0.490625 0.49765625 0.009375 0.01796875
4 0.4984375 0.49765625 0.01015625 0.028125
4 0.35 0.51328125 0.02265625 0.03046875
4 0.76796875 0.4921875 0.1015625 0.103125
6 0.0875 0.515625 0.10546875 0.1265625
4 0.47421875 0.50078125 0.0171875 0.02109375
4 0.51484375 0.49609375 0.0359375 0.05390625
4 0.56171875 0.5125 0.0578125 0.09140625
4 0.884375 0.496875 0.1453125 0.13046875
4 0.96875 0.48359375 0.04609375 0.05546875
4 0.0546875 0.56328125 0.10859375 0.159375