5 0.5546875 0.346875 0.00390625 0.0140625
5 0.63984375 0.35703125 0.00859375 0.06953125
5 0.840625 0.3265625 0.0125 0.05390625
5 0.678125 0.3296875 0.0109375 0.01953125
5 0.196875 0.3921875 0.02734375 0.08203125
6 0.8046875 0.31015625 0.07109375 0.0375
4 0.859375 0.31328125 0.0125 0.01953125
4 0.9859375 0.3203125 0.0265625 0.0890625
4 0.6953125 0.31640625 0.04375 0.0125
4 0.653125 0.340625 0.025 0.028125
4 0.5375 0.34609375 0.009375 0.01953125
4 0.515625 0.340625 0.01484375 0.0265625
4 0.45234375 0.36328125 0.01953125 0.040625
4 0.471875 0.33125 0.0125 0.00703125
4 0.425 0.35546875 0.05 0.0859375
4 0.33515625 0.3859375 0.04296875 0.0640625
4 0.384375 0.3796875 0.0640625 0.0859375
4 0.490625 0.3703125 0.05625 0.08203125
4 0.7359375 0.38515625 0.17421875 0.13203125