5 0.209375 0.43828125 0.01953125 0.065625
5 0.2484375 0.44765625 0.01953125 0.05
5 0.1453125 0.4609375 0.02265625 0.03203125
5 0.04375 0.49375 0.0359375 0.159375
4 0.0671875 0.70234375 0.134375 0.3078125
4 0.2078125 0.5703125 0.19296875 0.190625
5 0.34375 0.47890625 0.01640625 0.103125
4 0.3765625 0.4671875 0.0578125 0.09609375
4 0.41171875 0.46484375 0.01640625 0.05859375
6 0.43046875 0.4546875 0.03203125 0.05390625
4 0.4546875 0.44765625 0.015625 0.0265625
4 0.4625 0.4359375 0.01328125 0.01953125
4 0.484375 0.46015625 0.0328125 0.046875
4 0.5359375 0.45 0.01640625 0.02890625
4 0.521875 0.43828125 0.015625 0.0234375
6 0.52890625 0.42109375 0.0125 0.01640625
4 0.4984375 0.43359375 0.0109375 0.02109375
4 0.578125 0.45234375 0.01640625 0.04140625