4 0.071875 0.46640625 0.08125 0.04609375
4 0.021875 0.4671875 0.04375 0.05625
4 0.01171875 0.48046875 0.0234375 0.03359375
4 0.340625 0.45390625 0.025 0.03046875
4 0.240625 0.45859375 0.06015625 0.03359375
4 0.2703125 0.45703125 0.0140625 0.025
4 0.2953125 0.4578125 0.0234375 0.0234375
4 0.35703125 0.4671875 0.021875 0.0984375
4 0.47109375 0.440625 0.03515625 0.05
4 0.50859375 0.44453125 0.0375 0.028125
4 0.725 0.42890625 0.0421875 0.040625
4 0.82421875 0.4203125 0.03125 0.05703125
4 0.78828125 0.421875 0.021875 0.05
4 0.690625 0.4328125 0.02265625 0.02890625
4 0.65625 0.4328125 0.059375 0.0390625
4 0.63359375 0.43359375 0.01171875 0.028125
6 0.5875 0.425 0.09140625 0.06953125
5 0.534375 0.45390625 0.0265625 0.11796875
4 0.96875 0.421875 0.05859375 0.04453125
5 0.18515625 0.45546875 0.0140625 0.046875
4 0.4125 0.45625 0.1296875 0.2765625