5 0.0875 0.4203125 0.0203125 0.07109375
4 0.35859375 0.409375 0.0109375 0.01796875
4 0.334375 0.41171875 0.028125 0.01953125
4 0.2984375 0.4140625 0.021875 0.0265625
4 0.2734375 0.415625 0.02109375 0.03046875
4 0.25703125 0.4234375 0.03203125 0.0359375
6 0.384375 0.39609375 0.03359375 0.07890625
4 0.4109375 0.41171875 0.0109375 0.03046875
4 0.425 0.41953125 0.02421875 0.0375
4 0.46796875 0.42578125 0.065625 0.05
4 0.5671875 0.4578125 0.05078125 0.0890625
4 0.63671875 0.46171875 0.11484375 0.14453125
4 0.7375 0.47890625 0.17578125 0.209375
4 0.865625 0.5484375 0.265625 0.25546875
4 0.1359375 0.43515625 0.0703125 0.059375
4 0.190625 0.4125 0.02109375 0.03046875