4 0.0734375 0.603125 0.14609375 0.15
4 0.871875 0.79296875 0.25234375 0.40859375
5 0.7 0.634375 0.028125 0.10390625
5 0.73125 0.634375 0.0234375 0.1375
4 0.5546875 0.62890625 0.08046875 0.096875
4 0.428125 0.584375 0.0234375 0.0375
4 0.3796875 0.5890625 0.0265625 0.02890625
4 0.3171875 0.58359375 0.03125 0.046875
4 0.4046875 0.5828125 0.009375 0.01640625
4 0.17734375 0.61015625 0.0703125 0.0890625
4 0.22421875 0.603125 0.046875 0.075
4 0.26328125 0.59765625 0.04296875 0.059375
4 0.50390625 0.61171875 0.04921875 0.05859375
4 0.471875 0.5953125 0.02890625 0.0375
4 0.453125 0.58984375 0.0140625 0.03046875
4 0.3453125 0.58125 0.0171875 0.03046875
4 0.3609375 0.58125 0.01484375 0.03046875
6 0.4046875 0.56484375 0.01953125 0.021875
4 0.4421875 0.57734375 0.009375 0.021875
4 0.371875 0.57109375 0.0140625 0.0140625
5 0.7796875 0.6640625 0.02421875 0.07109375