4 0.390625 0.31796875 0.0125 0.02109375
4 0.3859375 0.346875 0.01171875 0.06640625
4 0.3703125 0.33828125 0.0265625 0.0640625
4 0.371875 0.35546875 0.0140625 0.04609375
4 0.346875 0.346875 0.040625 0.071875
4 0.3265625 0.3015625 0.0125 0.0125
4 0.34140625 0.303125 0.0140625 0.01640625
4 0.315625 0.3140625 0.021875 0.02109375
4 0.30390625 0.3015625 0.0140625 0.0125
4 0.3125 0.3203125 0.02578125 0.02109375
4 0.28046875 0.31171875 0.0328125 0.02109375
4 0.30859375 0.378125 0.0609375 0.121875
4 0.34609375 0.3671875 0.0421875 0.071875
4 0.23828125 0.3953125 0.13828125 0.18359375
6 0.1859375 0.2734375 0.0921875 0.096875
6 0.1078125 0.265625 0.065625 0.0390625
4 0.5453125 0.3640625 0.028125 0.0625
4 0.5953125 0.378125 0.0984375 0.159375
4 0.440625 0.28828125 0.0796875 0.03046875
4 0.11171875 0.46640625 0.2234375 0.409375
4 0.9328125 0.60390625 0.13125 0.34296875
4 0.46171875 0.4453125 0.18046875 0.29140625