4 0.4875 0.4859375 0.0140625 0.015625
4 0.5046875 0.484375 0.015625 0.01796875
4 0.5359375 0.48515625 0.01484375 0.0265625
4 0.54765625 0.48828125 0.01484375 0.02890625
4 0.5671875 0.4828125 0.03125 0.05703125
4 0.5734375 0.49140625 0.02265625 0.0390625
4 0.6 0.49375 0.06796875 0.06796875
4 0.61484375 0.50390625 0.0640625 0.0859375
5 0.25703125 0.48984375 0.0265625 0.11953125
5 0.0203125 0.50390625 0.02109375 0.13203125
5 0.0109375 0.509375 0.01875 0.1359375
5 0.7140625 0.47265625 0.0171875 0.06640625
5 0.7328125 0.471875 0.02578125 0.0734375