5 0.2328125 0.4046875 0.0203125 0.09140625
5 0.21796875 0.390625 0.01171875 0.05390625
5 0.2703125 0.4 0.0078125 0.0515625
5 0.2609375 0.403125 0.00859375 0.05
5 0.209375 0.4125 0.01875 0.084375
5 0.16875 0.39453125 0.01875 0.084375
4 0.4890625 0.4328125 0.028125 0.05546875
4 0.53515625 0.43125 0.04765625 0.05390625
6 0.5421875 0.390625 0.04140625 0.08359375
4 0.3640625 0.42421875 0.0265625 0.05
4 0.325 0.4328125 0.06953125 0.08359375
4 0.421875 0.434375 0.103125 0.178125
6 0.9328125 0.40234375 0.13359375 0.34609375