4 0.3875 0.178125 0.01171875 0.01796875
4 0.37734375 0.18359375 0.015625 0.01796875
4 0.36875 0.20703125 0.01875 0.0234375
4 0.365625 0.21953125 0.01953125 0.02109375
4 0.3609375 0.2328125 0.03046875 0.0234375
4 0.440625 0.1890625 0.01015625 0.02109375
4 0.44921875 0.1984375 0.01484375 0.0265625
4 0.44921875 0.2109375 0.01171875 0.0234375
4 0.4609375 0.22578125 0.0140625 0.028125
4 0.4625 0.240625 0.02265625 0.040625
5 0.4515625 0.2734375 0.01015625 0.05390625
4 0.484375 0.2859375 0.0234375 0.05546875
4 0.49375 0.2921875 0.0234375 0.06796875
4 0.484375 0.275 0.040625 0.0609375
4 0.53671875 0.309375 0.0421875 0.0890625
4 0.52734375 0.2875 0.0609375 0.10546875
4 0.59609375 0.31953125 0.115625 0.1359375
4 0.3140625 0.29453125 0.02109375 0.05390625
4 0.2859375 0.29453125 0.059375 0.09609375
4 0.25625 0.30859375 0.06328125 0.09609375
6 0.1640625 0.31640625 0.15546875 0.2015625
4 0.353125 0.26171875 0.06875 0.04453125
4 0.06875 0.38359375 0.1375 0.25546875
4 0.8578125 0.421875 0.28359375 0.403125
4 0.403125 0.178125 0.0140625 0.01953125
4 0.4171875 0.16953125 0.01328125 0.02109375
4 0.3953125 0.14765625 0.015625 0.02109375