6 0.02890625 0.44140625 0.0578125 0.04453125
4 0.5328125 0.60078125 0.3359375 0.434375
4 0.965625 0.77734375 0.06640625 0.309375
4 0.82109375 0.58515625 0.25625 0.25
4 0.7328125 0.484375 0.14453125 0.171875
4 0.8390625 0.44765625 0.0640625 0.040625
4 0.32109375 0.471875 0.05390625 0.0640625
4 0.2171875 0.42265625 0.02109375 0.0375
4 0.39375 0.453125 0.0203125 0.0359375
6 0.3421875 0.3953125 0.03984375 0.0484375
6 0.3796875 0.403125 0.03125 0.040625
4 0.371875 0.4484375 0.02421875 0.0234375
4 0.35234375 0.44375 0.01875 0.028125
4 0.334375 0.43359375 0.02109375 0.0140625
4 0.15703125 0.41953125 0.03671875 0.04140625
4 0.2875 0.409375 0.03046875 0.028125
4 0.2671875 0.3984375 0.0125 0.01640625
4 0.25703125 0.39140625 0.0109375 0.0140625
4 0.20078125 0.4 0.01953125 0.0234375
4 0.2234375 0.3921875 0.01953125 0.021875