4 0.3421875 0.6234375 0.01640625 0.02109375
4 0.35625 0.61875 0.01640625 0.0359375
4 0.3734375 0.6171875 0.02265625 0.04296875
4 0.3984375 0.615625 0.015625 0.05546875
6 0.4328125 0.58984375 0.06328125 0.10703125
4 0.4609375 0.63359375 0.065625 0.1
4 0.5109375 0.653125 0.025 0.028125
4 0.640625 0.53671875 0.00703125 0.02890625
4 0.56640625 0.65703125 0.02734375 0.0609375
4 0.5765625 0.6078125 0.00859375 0.040625
4 0.6296875 0.59765625 0.075 0.046875
4 0.6140625 0.66171875 0.09921875 0.1109375
5 0.22109375 0.603125 0.0109375 0.04453125
4 0.0796875 0.64296875 0.15859375 0.259375
4 0.7921875 0.725 0.41171875 0.54140625