4 0.5375 0.5796875 0.0125 0.0234375
4 0.540625 0.5828125 0.009375 0.01796875
4 0.553125 0.5828125 0.01875 0.021875
4 0.6234375 0.6 0.04765625 0.071875
4 0.725 0.65546875 0.2 0.23046875
4 0.49140625 0.578125 0.01171875 0.0140625
4 0.4796875 0.584375 0.0171875 0.025
4 0.5046875 0.58203125 0.0125 0.01640625
4 0.45859375 0.5828125 0.01875 0.0265625
6 0.52109375 0.571875 0.01953125 0.04296875
6 0.4296875 0.56328125 0.0421875 0.096875
4 0.375 0.60625 0.0890625 0.10859375
4 0.1078125 0.65546875 0.1921875 0.21640625
4 0.9015625 0.69765625 0.1953125 0.478125