4 0.34453125 0.440625 0.01015625 0.009375
4 0.34375 0.44140625 0.01015625 0.00859375
4 0.35703125 0.453125 0.01171875 0.028125
4 0.39453125 0.44921875 0.015625 0.0140625
4 0.4078125 0.4625 0.02265625 0.028125
4 0.3734375 0.46328125 0.0296875 0.04296875
4 0.390625 0.484375 0.04765625 0.0625
4 0.4453125 0.509375 0.084375 0.13203125
4 0.5921875 0.6125 0.33046875 0.39140625
6 0.734375 0.5484375 0.1140625 0.20859375
4 0.8046875 0.53359375 0.0375 0.05546875
4 0.9109375 0.584375 0.17578125 0.14140625
4 0.328125 0.44453125 0.0078125 0.0140625
6 0.3203125 0.43671875 0.01015625 0.02109375
4 0.3125 0.4421875 0.0078125 0.015625
4 0.3015625 0.440625 0.0140625 0.01796875
4 0.29609375 0.44453125 0.01015625 0.01796875
4 0.34140625 0.46171875 0.02578125 0.034375
4 0.0453125 0.62734375 0.090625 0.4109375
5 0.0125 0.40078125 0.02421875 0.053125
5 0.0328125 0.4203125 0.0171875 0.034375
5 0.753125 0.49296875 0.01484375 0.02890625
5 0.72890625 0.49296875 0.01015625 0.01953125
5 0.228125 0.43984375 0.0109375 0.0390625
5 0.2359375 0.43828125 0.009375 0.0265625