5 0.7625 0.48125 0.01875 0.07890625
5 0.74375 0.478125 0.021875 0.08046875
5 0.68046875 0.46484375 0.01171875 0.04609375
5 0.665625 0.4625 0.0125 0.04609375
5 0.725 0.47578125 0.0140625 0.05546875
5 0.7171875 0.4625 0.01171875 0.05
5 0.2921875 0.45390625 0.0140625 0.05
5 0.3234375 0.45 0.0125 0.04609375
5 0.334375 0.44921875 0.01015625 0.04296875
4 0.4859375 0.44296875 0.0140625 0.0265625
4 0.490625 0.465625 0.01484375 0.04296875
4 0.5484375 0.4546875 0.01640625 0.021875
6 0.51875 0.4140625 0.046875 0.059375
4 0.4640625 0.453125 0.03515625 0.05546875
4 0.51875 0.48203125 0.059375 0.08046875
4 0.421875 0.47734375 0.059375 0.0875