4 0.4078125 0.459375 0.01640625 0.034375
4 0.3890625 0.47890625 0.0421875 0.0625
6 0.35703125 0.46484375 0.04765625 0.08359375
4 0.31875 0.4828125 0.0109375 0.034375
4 0.2921875 0.47890625 0.03984375 0.0484375
5 0.26875 0.4765625 0.01171875 0.0515625
5 0.0140625 0.50390625 0.02421875 0.06796875
6 0.0234375 0.47578125 0.046875 0.1078125
4 0.10859375 0.509375 0.165625 0.1640625
6 0.55625 0.459375 0.03125 0.05546875
4 0.56875 0.484375 0.01640625 0.0234375
4 0.590625 0.475 0.03125 0.05703125
4 0.6015625 0.48671875 0.03203125 0.04296875
5 0.621875 0.4890625 0.01171875 0.05546875
5 0.6421875 0.490625 0.009375 0.0515625
5 0.71328125 0.478125 0.01171875 0.059375
5 0.73515625 0.4984375 0.01640625 0.07890625
5 0.9515625 0.4625 0.02265625 0.053125
4 0.86015625 0.53515625 0.16953125 0.16953125
4 0.959375 0.540625 0.08125 0.278125
6 0.4734375 0.39921875 0.13671875 0.35390625
4 0.76328125 0.47265625 0.05625 0.06640625