4 0.4015625 0.3328125 0.009375 0.015625
4 0.39140625 0.328125 0.01015625 0.01640625
4 0.39140625 0.334375 0.00859375 0.01796875
4 0.38125 0.32265625 0.01015625 0.00703125
4 0.37890625 0.33046875 0.01640625 0.0125
4 0.41484375 0.33125 0.009375 0.01640625
4 0.4265625 0.3265625 0.009375 0.009375
4 0.4203125 0.3265625 0.009375 0.0140625
4 0.42578125 0.3390625 0.0140625 0.021875
4 0.42109375 0.3375 0.01015625 0.021875
4 0.4453125 0.3328125 0.0296875 0.0125
4 0.48125 0.34140625 0.01328125 0.03046875
4 0.49921875 0.353125 0.0375 0.065625
4 0.52578125 0.36484375 0.04609375 0.0765625
4 0.275 0.37109375 0.06796875 0.09609375
4 0.2125 0.4140625 0.109375 0.2359375
5 0.8125 0.35625 0.0140625 0.04609375
5 0.840625 0.371875 0.021875 0.084375
4 0.4078125 0.33671875 0.0140625 0.01796875
4 0.44921875 0.38359375 0.0734375 0.0984375
4 0.3578125 0.4015625 0.115625 0.2265625
4 0.621875 0.41015625 0.19765625 0.2515625
4 0.10625 0.415625 0.21015625 0.5015625