4 0.2546875 0.446875 0.10078125 0.03203125
4 0.3625 0.43359375 0.0421875 0.02890625
4 0.41171875 0.434375 0.025 0.0109375
4 0.4359375 0.428125 0.02421875 0.0125
4 0.4859375 0.446875 0.0546875 0.0875
4 0.546875 0.44765625 0.02265625 0.0515625
4 0.56953125 0.459375 0.05859375 0.1
4 0.6015625 0.43359375 0.01875 0.0390625
4 0.6671875 0.4390625 0.0203125 0.0265625
4 0.65390625 0.43828125 0.009375 0.03359375
6 0.6890625 0.421875 0.0546875 0.04453125
4 0.7234375 0.42890625 0.01171875 0.01953125
4 0.7375 0.42734375 0.0140625 0.015625
6 0.97890625 0.4375 0.03984375 0.11640625
4 0.915625 0.43828125 0.12421875 0.06796875
4 0.9578125 0.440625 0.040625 0.02109375
4 0.8296875 0.43671875 0.02890625 0.03203125
4 0.84921875 0.440625 0.01875 0.0359375