5 0.0703125 0.378125 0.01640625 0.06640625
5 0.09296875 0.3953125 0.025 0.10546875
5 0.12265625 0.39765625 0.025 0.09609375
5 0.1671875 0.39453125 0.0234375 0.0984375
5 0.18984375 0.39296875 0.02265625 0.11640625
5 0.30078125 0.40234375 0.01796875 0.06640625
5 0.3265625 0.39921875 0.02109375 0.07109375
5 0.7921875 0.4140625 0.0078125 0.053125
5 0.73359375 0.403125 0.0078125 0.03203125
4 0.4625 0.3796875 0.00859375 0.0234375
4 0.4515625 0.38671875 0.01640625 0.0265625
4 0.43359375 0.3890625 0.02265625 0.04140625
4 0.575 0.37734375 0.0296875 0.040625
4 0.5984375 0.38515625 0.02109375 0.034375
4 0.615625 0.38515625 0.02109375 0.034375
4 0.6328125 0.384375 0.0265625 0.0375
4 0.6515625 0.38515625 0.01953125 0.040625
4 0.4015625 0.39453125 0.05234375 0.06953125
4 0.5265625 0.4046875 0.07890625 0.1375
4 0.675 0.409375 0.0625 0.0984375
4 0.0203125 0.4078125 0.040625 0.084375
6 0.903125 0.37421875 0.19375 0.4265625