4 0.89296875 0.6078125 0.21015625 0.415625
4 0.071875 0.484375 0.1421875 0.346875
4 0.98125 0.3890625 0.034375 0.0375
4 0.484375 0.528125 0.296875 0.3875
4 0.1546875 0.39765625 0.090625 0.071875
4 0.215625 0.35546875 0.05 0.021875
4 0.340625 0.428125 0.0875 0.1390625
4 0.5015625 0.36171875 0.04453125 0.021875
4 0.46875 0.3640625 0.01796875 0.015625
4 0.609375 0.434375 0.07578125 0.1140625
4 0.78671875 0.55234375 0.26875 0.315625
4 0.94609375 0.40078125 0.046875 0.040625
4 0.9171875 0.39765625 0.034375 0.0375
4 0.8703125 0.39765625 0.07265625 0.04140625
4 0.8109375 0.38828125 0.0421875 0.0359375
4 0.778125 0.390625 0.0609375 0.0359375
4 0.68203125 0.390625 0.0609375 0.034375
4 0.6578125 0.3828125 0.04453125 0.04140625
6 0.36171875 0.3671875 0.059375 0.075
4 0.2296875 0.490625 0.2609375 0.265625
6 0.26015625 0.340625 0.090625 0.06640625
5 0.696875 0.39765625 0.01796875 0.0984375
5 0.71484375 0.3953125 0.0171875 0.08046875