5 0.7546875 0.4609375 0.0109375 0.05703125
5 0.90078125 0.484375 0.0203125 0.10859375
5 0.91484375 0.49140625 0.02421875 0.1390625
5 0.9296875 0.496875 0.04765625 0.14453125
5 0.98125 0.525 0.03515625 0.13046875
4 0.55625 0.4390625 0.015625 0.0265625
4 0.53984375 0.43515625 0.02578125 0.03046875
4 0.5359375 0.4421875 0.01953125 0.025
4 0.5421875 0.4671875 0.02109375 0.0359375
4 0.3859375 0.4625 0.07109375 0.1
4 0.62578125 0.434375 0.03359375 0.071875
4 0.584375 0.46015625 0.0546875 0.1125
4 0.475 0.459375 0.128125 0.21953125
4 0.19375 0.415625 0.2546875 0.34609375
4 0.0546875 0.43359375 0.109375 0.43046875
4 0.70859375 0.44140625 0.096875 0.1765625