4 0.7453125 0.484375 0.0890625 0.109375
4 0.625 0.4671875 0.02265625 0.040625
4 0.9234375 0.4765625 0.14921875 0.221875
4 0.5828125 0.4875 0.09453125 0.128125
4 0.278125 0.45078125 0.04140625 0.06953125
4 0.65 0.4640625 0.02578125 0.04296875
4 0.6734375 0.45859375 0.03046875 0.05859375
4 0.54453125 0.4515625 0.02421875 0.03359375
5 0.06875 0.43828125 0.034375 0.11953125
5 0.4203125 0.45078125 0.0140625 0.0484375
5 0.38046875 0.4484375 0.01328125 0.05859375
5 0.36875 0.4546875 0.0140625 0.05546875
5 0.33125 0.44609375 0.0140625 0.0484375
5 0.5265625 0.4625 0.015625 0.06953125
5 0.459375 0.4484375 0.01875 0.05546875
5 0.81953125 0.490625 0.01015625 0.05390625
5 0.809375 0.48984375 0.015625 0.04609375
5 0.79375 0.49453125 0.0140625 0.06640625
5 0.21875 0.4359375 0.02578125 0.05546875