4 0.628125 0.5125 0.0359375 0.02265625
4 0.35625 0.5078125 0.053125 0.02734375
4 0.6203125 0.5125 0.03203125 0.02265625
4 0.353125 0.51328125 0.0453125 0.0265625
4 0.0828125 0.51328125 0.03671875 0.02109375
4 0.11640625 0.5140625 0.053125 0.02109375
4 0.3265625 0.50859375 0.01015625 0.02265625
6 0.5 0.5328125 0.23515625 0.3265625
4 0.38515625 0.54453125 0.0140625 0.06640625
5 0.7296875 0.52265625 0.01328125 0.0796875
5 0.15078125 0.5140625 0.015625 0.04609375
5 0.9875 0.5390625 0.0234375 0.1296875
5 0.2640625 0.51015625 0.0046875 0.025