5 0.21875 0.53125 0.04453125 0.240625
5 0.659375 0.50078125 0.01328125 0.0515625
5 0.66875 0.50390625 0.00859375 0.03046875
5 0.6453125 0.496875 0.0078125 0.01953125
4 0.4546875 0.5015625 0.0078125 0.021875
4 0.4453125 0.496875 0.009375 0.0234375
4 0.4390625 0.50859375 0.00703125 0.04296875
4 0.428125 0.51015625 0.0171875 0.07109375
4 0.40625 0.521875 0.03671875 0.0984375
4 0.39609375 0.5421875 0.0203125 0.10703125
4 0.4890625 0.50703125 0.015625 0.046875
4 0.5 0.51328125 0.02265625 0.0625
4 0.509375 0.521875 0.02734375 0.071875
4 0.5390625 0.528125 0.05 0.10703125
4 0.578125 0.54296875 0.09296875 0.1265625
4 0.34375 0.53046875 0.1015625 0.153125
4 0.6234375 0.58046875 0.12890625 0.16640625