4 0.41171875 0.65 0.0171875 0.021875
4 0.47421875 0.63203125 0.0234375 0.02890625
4 0.4875 0.63125 0.021875 0.03046875
4 0.5046875 0.6265625 0.015625 0.0359375
4 0.5140625 0.621875 0.01640625 0.04609375
4 0.53046875 0.615625 0.0265625 0.0625
4 0.55 0.615625 0.01640625 0.08359375
4 0.3390625 0.66640625 0.02265625 0.03359375
4 0.3859375 0.6640625 0.0375 0.04609375
4 0.596875 0.62578125 0.08046875 0.13046875
4 0.03125 0.76953125 0.0609375 0.05546875
4 0.159375 0.7203125 0.0609375 0.046875
5 0.9421875 0.5 0.03125 0.10703125
5 0.99375 0.4703125 0.0125 0.0984375