5 0.7734375 0.50625 0.0203125 0.1140625
5 0.7578125 0.4875 0.01640625 0.084375
5 0.74609375 0.484375 0.01484375 0.078125
5 0.68984375 0.4890625 0.01875 0.05546875
5 0.6765625 0.48671875 0.01484375 0.05859375
5 0.6515625 0.4921875 0.0125 0.0484375
5 0.6375 0.4859375 0.01171875 0.05
5 0.5625 0.496875 0.00859375 0.05703125
4 0.553125 0.49765625 0.01953125 0.04296875
4 0.5265625 0.49609375 0.034375 0.0484375
4 0.59609375 0.503125 0.0515625 0.084375
4 0.5 0.490625 0.01875 0.03046875
4 0.434375 0.48515625 0.01328125 0.02109375
4 0.3328125 0.49765625 0.015625 0.03359375
4 0.31640625 0.49375 0.02265625 0.0515625
5 0.24375 0.4671875 0.01484375 0.015625
4 0.4703125 0.5 0.06171875 0.1125
4 0.3859375 0.521875 0.11953125 0.196875
4 0.2734375 0.503125 0.078125 0.07109375
4 0.1765625 0.5015625 0.08984375 0.09609375
4 0.059375 0.52109375 0.11796875 0.14453125