5 0.39765625 0.51015625 0.025 0.09140625
5 0.428125 0.50078125 0.01875 0.078125
5 0.35546875 0.51484375 0.03046875 0.1015625
5 0.4453125 0.4953125 0.01015625 0.0515625
5 0.4671875 0.50078125 0.01328125 0.05390625
5 0.48984375 0.4921875 0.009375 0.0375
5 0.5015625 0.49140625 0.01171875 0.034375
4 0.6890625 0.4984375 0.0515625 0.115625
4 0.7328125 0.5 0.08828125 0.1359375
4 0.796875 0.52265625 0.11484375 0.1734375
4 0.57421875 0.4796875 0.0171875 0.03046875
4 0.5890625 0.471875 0.01328125 0.03359375
4 0.54140625 0.49609375 0.0328125 0.04453125
4 0.61640625 0.50234375 0.06953125 0.1125
4 0.91171875 0.5546875 0.175 0.29296875