4 0.5140625 0.53984375 0.01484375 0.02890625
4 0.4984375 0.5453125 0.0203125 0.04453125
4 0.50859375 0.53515625 0.01171875 0.03046875
4 0.4203125 0.5359375 0.0125 0.021875
4 0.4015625 0.540625 0.02734375 0.03046875
4 0.5953125 0.56484375 0.0375 0.090625
4 0.55234375 0.55 0.075 0.103125
4 0.6546875 0.596875 0.12421875 0.13046875
4 0.6734375 0.528125 0.04140625 0.0390625
5 0.63125 0.57734375 0.028125 0.15859375
5 0.6796875 0.6234375 0.03671875 0.10390625
4 0.2453125 0.55 0.0203125 0.02890625
4 0.22578125 0.54765625 0.02265625 0.03046875
4 0.20390625 0.5546875 0.02265625 0.0265625
4 0.1859375 0.5546875 0.0171875 0.021875
4 0.1671875 0.553125 0.02578125 0.03359375
4 0.1515625 0.55546875 0.0171875 0.025
4 0.128125 0.55234375 0.021875 0.0265625
4 0.1 0.559375 0.03203125 0.03046875
4 0.075 0.559375 0.03125 0.03359375
4 0.01171875 0.56171875 0.0234375 0.04609375
4 0.7265625 0.53671875 0.04609375 0.078125
4 0.76015625 0.5375 0.06484375 0.1
4 0.78125 0.54609375 0.05234375 0.09609375
4 0.8125 0.55078125 0.06171875 0.09609375
4 0.8828125 0.5109375 0.08984375 0.0625
4 0.890625 0.55546875 0.0984375 0.09609375
4 0.93203125 0.56015625 0.13515625 0.11953125
4 0.95625 0.56953125 0.08359375 0.1359375
4 0.459375 0.5875 0.096875 0.140625
4 0.32734375 0.56953125 0.1046875 0.140625