6 0.5 0.384375 0.01875 0.0359375
4 0.41796875 0.38046875 0.028125 0.028125
4 0.40234375 0.38515625 0.03046875 0.04140625
4 0.39375 0.3890625 0.03671875 0.0375
4 0.3859375 0.396875 0.0359375 0.0375
4 0.2625 0.378125 0.11953125 0.06640625
4 0.2390625 0.384375 0.09375 0.06953125
4 0.221875 0.3828125 0.07890625 0.06953125
4 0.1421875 0.37109375 0.1640625 0.0984375
4 0.0796875 0.396875 0.15859375 0.15
4 0.009375 0.4890625 0.01875 0.0984375
6 0.5265625 0.37421875 0.0140625 0.01796875
6 0.55625 0.37734375 0.03359375 0.0609375
4 0.525 0.4015625 0.02109375 0.028125
4 0.57890625 0.4 0.015625 0.03359375
4 0.6015625 0.40390625 0.0328125 0.04140625
4 0.6265625 0.40390625 0.025 0.0375
4 0.64296875 0.40703125 0.0328125 0.04296875
5 0.646875 0.4125 0.01171875 0.05390625
4 0.7421875 0.42734375 0.0796875 0.0765625
4 0.4515625 0.4015625 0.04140625 0.0609375
4 0.8578125 0.4296875 0.1640625 0.15703125