4 0.365625 0.77890625 0.00546875 0.01796875
4 0.39921875 0.7796875 0.00859375 0.01796875
4 0.35546875 0.778125 0.0171875 0.03046875
4 0.340625 0.7765625 0.01484375 0.03046875
4 0.41328125 0.778125 0.0171875 0.0375
4 0.22109375 0.784375 0.0109375 0.01640625
4 0.196875 0.78359375 0.0171875 0.01953125
4 0.12734375 0.77734375 0.03046875 0.04296875
4 0.103125 0.77734375 0.0375 0.040625
4 0.0703125 0.778125 0.040625 0.05
5 0.0140625 0.753125 0.009375 0.025
4 0.03203125 0.78125 0.05703125 0.05703125
4 0.43125 0.790625 0.02421875 0.0359375
4 0.5 0.80625 0.0609375 0.084375
4 0.61875 0.8453125 0.125 0.1609375
4 0.9375 0.903125 0.121875 0.184375
4 0.76171875 0.871875 0.234375 0.234375
6 0.38359375 0.77421875 0.02421875 0.046875