5 0.91796875 0.4328125 0.03828125 0.17890625
5 0.80390625 0.51953125 0.08515625 0.42109375
5 0.69375 0.5265625 0.10546875 0.4375
5 0.3484375 0.48125 0.01640625 0.09453125
5 0.33046875 0.484375 0.02109375 0.0859375
5 0.2859375 0.4828125 0.0171875 0.0890625
5 0.2671875 0.48671875 0.02109375 0.096875
5 0.2453125 0.49296875 0.0125 0.0875
5 0.2375 0.484375 0.0140625 0.07109375
4 0.8640625 0.45546875 0.075 0.103125
4 0.70546875 0.43984375 0.1578125 0.0984375
4 0.93671875 0.45546875 0.12421875 0.0890625
4 0.56953125 0.528125 0.43671875 0.28359375
4 0.1796875 0.48125 0.00546875 0.0140625
4 0.171875 0.48125 0.00703125 0.01953125
4 0.1859375 0.47265625 0.00546875 0.0140625
4 0.19453125 0.47578125 0.009375 0.0140625
4 0.20703125 0.4859375 0.01328125 0.01796875
4 0.1609375 0.4703125 0.009375 0.009375
4 0.14765625 0.484375 0.00859375 0.01640625
4 0.128125 0.46953125 0.009375 0.0125
4 0.1375 0.4796875 0.00859375 0.021875
4 0.11875 0.46875 0.00703125 0.0140625
4 0.1140625 0.47890625 0.01640625 0.0140625
4 0.125 0.4890625 0.01875 0.02109375
4 0.159375 0.48828125 0.01484375 0.0234375
4 0.10625 0.50078125 0.03046875 0.03203125
4 0.090625 0.484375 0.01171875 0.015625
4 0.021875 0.5078125 0.01796875 0.053125
4 0.06015625 0.51171875 0.06875 0.09453125