5 0.928125 0.51875 0.02421875 0.1265625
5 0.903125 0.5125 0.02734375 0.11953125
5 0.8875 0.5015625 0.01796875 0.071875
5 0.590625 0.5390625 0.009375 0.03203125
4 0.659375 0.5296875 0.053125 0.03203125
4 0.7328125 0.5203125 0.0640625 0.0359375
4 0.7828125 0.5140625 0.0421875 0.03359375
4 0.8140625 0.509375 0.03828125 0.02890625
4 0.86640625 0.50859375 0.021875 0.0265625
4 0.3625 0.546875 0.01796875 0.0359375
4 0.55 0.559375 0.05078125 0.08046875
4 0.321875 0.590625 0.10625 0.14296875
6 0.44765625 0.5484375 0.21328125 0.40859375
4 0.121875 0.5984375 0.24296875 0.22109375