5 0.86171875 0.5328125 0.059375 0.225
5 0.953125 0.56171875 0.06484375 0.1984375
5 0.3609375 0.56328125 0.01015625 0.046875
5 0.3546875 0.56640625 0.00625 0.040625
5 0.4109375 0.55859375 0.01171875 0.028125
4 0.42421875 0.565625 0.02734375 0.0515625
4 0.4546875 0.565625 0.05 0.084375
4 0.3765625 0.565625 0.01171875 0.0234375
4 0.39375 0.5640625 0.025 0.034375
4 0.484375 0.60390625 0.11171875 0.14296875
6 0.30546875 0.5515625 0.075 0.13046875
4 0.2796875 0.59765625 0.065625 0.07109375
4 0.0078125 0.7734375 0.01484375 0.1875