6 0.521875 0.4921875 0.02109375 0.05390625
6 0.5453125 0.496875 0.021875 0.04609375
4 0.56875 0.51171875 0.015625 0.0265625
6 0.5953125 0.4984375 0.0421875 0.0765625
4 0.5359375 0.52109375 0.02734375 0.0375
4 0.6390625 0.52109375 0.0453125 0.05546875
4 0.69375 0.528125 0.065625 0.084375
4 0.5109375 0.5125 0.01015625 0.02109375
4 0.4609375 0.51953125 0.0953125 0.19140625
4 0.40625 0.5046875 0.0171875 0.021875
4 0.3984375 0.4953125 0.01484375 0.0125
4 0.3984375 0.509375 0.0234375 0.0234375
6 0.3640625 0.496875 0.03203125 0.02890625
4 0.38203125 0.515625 0.02421875 0.03203125
4 0.340625 0.509375 0.01875 0.02890625
4 0.31171875 0.5125 0.04375 0.05546875
4 0.26875 0.51640625 0.0484375 0.053125
6 0.23046875 0.49375 0.08125 0.0890625
4 0.18125 0.534375 0.0953125 0.1109375
6 0.11640625 0.52265625 0.1359375 0.15703125
4 0.0375 0.55625 0.07421875 0.090625
5 0.88125 0.490625 0.01171875 0.034375
5 0.88984375 0.52734375 0.01953125 0.0875
5 0.871875 0.5328125 0.02734375 0.1015625
5 0.90625 0.5234375 0.0328125 0.11640625