5 0.09609375 0.5046875 0.0234375 0.0875
5 0.3953125 0.559375 0.0109375 0.021875
4 0.49609375 0.58125 0.01015625 0.01796875
4 0.4796875 0.58125 0.0109375 0.021875
4 0.4640625 0.57890625 0.01484375 0.021875
6 0.44453125 0.565625 0.02421875 0.04609375
4 0.4265625 0.56796875 0.01328125 0.021875
4 0.1921875 0.5703125 0.1578125 0.15703125
4 0.04765625 0.578125 0.0953125 0.24140625
4 0.5265625 0.58515625 0.0125 0.0125
6 0.79921875 0.603125 0.21953125 0.17890625
6 0.66953125 0.56953125 0.0484375 0.10703125