5 0.5 0.51328125 0.00703125 0.03203125
5 0.5109375 0.50546875 0.009375 0.03046875
5 0.5265625 0.53046875 0.015625 0.05546875
4 0.53125 0.5203125 0.01875 0.028125
4 0.5546875 0.52578125 0.0109375 0.05
4 0.54921875 0.534375 0.0140625 0.0390625
4 0.57265625 0.53203125 0.03515625 0.05859375
4 0.57734375 0.54453125 0.02421875 0.05546875
4 0.603125 0.54453125 0.0578125 0.0765625
4 0.62265625 0.55859375 0.05703125 0.0765625
4 0.646875 0.57109375 0.0421875 0.08359375
4 0.70703125 0.57421875 0.121875 0.1515625
4 0.81953125 0.61640625 0.20703125 0.21640625
4 0.41484375 0.50546875 0.02109375 0.03359375
4 0.4078125 0.5125 0.0109375 0.0375
4 0.4 0.51015625 0.01015625 0.03359375
4 0.3921875 0.51484375 0.015625 0.04453125
4 0.37890625 0.51484375 0.02265625 0.0515625
4 0.353125 0.51171875 0.03671875 0.059375
4 0.3 0.528125 0.0578125 0.07109375
4 0.0375 0.56953125 0.075 0.1765625
4 0.9265625 0.67890625 0.14609375 0.32890625
4 0.48125 0.509375 0.0140625 0.02109375
4 0.43203125 0.50625 0.01484375 0.01796875
4 0.2828125 0.540625 0.03125 0.05546875