5 0.8328125 0.50078125 0.01875 0.071875
5 0.8125 0.50234375 0.01875 0.0890625
5 0.75 0.49609375 0.0234375 0.0859375
4 0.19921875 0.51484375 0.08671875 0.0859375
4 0.33125 0.50234375 0.025 0.0515625
4 0.2984375 0.503125 0.05234375 0.071875
4 0.4171875 0.50390625 0.0359375 0.0375
4 0.5296875 0.50234375 0.015625 0.0375
4 0.546875 0.5 0.015625 0.028125
4 0.56484375 0.490625 0.0203125 0.040625
4 0.578125 0.50078125 0.0265625 0.034375
4 0.90625 0.50078125 0.1 0.06796875
4 0.625 0.50234375 0.0421875 0.046875
4 0.48515625 0.5 0.07890625 0.1265625
4 0.0796875 0.46953125 0.159375 0.25859375
4 0.978125 0.490625 0.04375 0.065625
4 0.365625 0.503125 0.0609375 0.08203125