5 0.8359375 0.51484375 0.03671875 0.15
5 0.78515625 0.5296875 0.03515625 0.12890625
5 0.68046875 0.534375 0.015625 0.05546875
4 0.3609375 0.5640625 0.053125 0.05546875
4 0.4625 0.5546875 0.0171875 0.034375
4 0.4828125 0.55078125 0.01015625 0.01640625
4 0.47578125 0.553125 0.01328125 0.0265625
4 0.5171875 0.55234375 0.0234375 0.028125
4 0.56875 0.54609375 0.02578125 0.040625
4 0.42421875 0.55703125 0.07734375 0.11953125
4 0.546875 0.5671875 0.06171875 0.071875
4 0.171875 0.665625 0.34296875 0.41953125
4 0.2875 0.53671875 0.0625 0.10546875
5 0.7171875 0.53671875 0.01484375 0.05