5 0.17734375 0.4953125 0.00859375 0.03203125
5 0.2453125 0.4921875 0.0046875 0.03203125
5 0.2140625 0.52421875 0.0046875 0.05859375
5 0.2328125 0.5125 0.00859375 0.05
5 0.23515625 0.5171875 0.00859375 0.05
5 0.22109375 0.5171875 0.009375 0.05
5 0.4421875 0.48046875 0.0078125 0.034375
5 0.4515625 0.478125 0.00625 0.034375
5 0.45703125 0.4765625 0.003125 0.04140625
5 0.465625 0.47890625 0.0046875 0.053125
5 0.53984375 0.49921875 0.01953125 0.12890625
5 0.7375 0.4953125 0.03125 0.175
5 0.703125 0.49375 0.04296875 0.1609375
4 0.3578125 0.47890625 0.01171875 0.015625
4 0.38359375 0.478125 0.01328125 0.0140625
4 0.39453125 0.4765625 0.01171875 0.015625
4 0.4078125 0.48515625 0.02109375 0.02890625
4 0.28359375 0.49921875 0.0703125 0.0875
4 0.36875 0.484375 0.01484375 0.02109375
4 0.4171875 0.4921875 0.02109375 0.03203125
4 0.90859375 0.4671875 0.18203125 0.16640625