4 0.4609375 0.4265625 0.00625 0.015625
4 0.44140625 0.42890625 0.009375 0.01640625
4 0.4359375 0.44609375 0.01015625 0.01640625
4 0.421875 0.453125 0.02265625 0.034375
4 0.453125 0.44140625 0.01171875 0.015625
4 0.4921875 0.43671875 0.00859375 0.01640625
4 0.503125 0.43671875 0.015625 0.02109375
4 0.53125 0.45 0.01640625 0.028125
4 0.575 0.440625 0.05703125 0.09296875
6 0.84296875 0.4140625 0.14765625 0.178125
4 0.628125 0.45234375 0.02265625 0.0359375
4 0.60625 0.45 0.01171875 0.0359375
4 0.646875 0.453125 0.03125 0.040625
4 0.6765625 0.45234375 0.0453125 0.0515625
4 0.325 0.50625 0.0953125 0.11796875
4 0.4 0.46484375 0.03203125 0.05
4 0.4546875 0.46640625 0.0359375 0.04609375
4 0.0828125 0.48671875 0.0421875 0.034375
4 0.43125 0.43828125 0.01171875 0.02109375
4 0.375 0.44921875 0.01328125 0.02109375
4 0.3546875 0.45390625 0.0171875 0.01796875
4 0.2921875 0.46328125 0.03828125 0.0515625
4 0.240625 0.49921875 0.0828125 0.096875
4 0.11875 0.48046875 0.034375 0.034375
4 0.0375 0.49453125 0.0390625 0.03359375
4 0.01015625 0.49375 0.0203125 0.0359375
5 0.1375 0.475 0.01171875 0.03046875
5 0.1515625 0.478125 0.01015625 0.03046875
5 0.74453125 0.4390625 0.01328125 0.040625
5 0.72109375 0.43828125 0.0125 0.04140625
5 0.71015625 0.4421875 0.01328125 0.046875
5 0.90625 0.4421875 0.015625 0.06640625
4 0.3515625 0.43125 0.01015625 0.02109375