5 0.6921875 0.58828125 0.03828125 0.15703125
5 0.48984375 0.5265625 0.01796875 0.06640625
5 0.4640625 0.51640625 0.0125 0.071875
6 0.078125 0.415625 0.15546875 0.39296875
4 0.4125 0.5703125 0.10234375 0.1234375
4 0.3875 0.53515625 0.06796875 0.0984375
4 0.3640625 0.51171875 0.04296875 0.07890625
4 0.2671875 0.496875 0.03515625 0.059375
4 0.2375 0.4921875 0.0203125 0.04453125
4 0.290625 0.4953125 0.0171875 0.03359375
4 0.3390625 0.490625 0.0140625 0.0375
5 0.4234375 0.49765625 0.00859375 0.021875