4 0.4421875 0.23125 0.02421875 0.04296875
6 0.39765625 0.228125 0.06640625 0.11796875
6 0.3046875 0.2171875 0.05859375 0.109375
4 0.203125 0.334375 0.1296875 0.15546875
4 0.40390625 0.321875 0.075 0.0984375
4 0.4890625 0.26796875 0.06171875 0.08203125
6 0.6671875 0.2 0.1609375 0.11953125
4 0.1125 0.26796875 0.07890625 0.046875
4 0.0421875 0.2578125 0.034375 0.046875
5 0.075 0.3046875 0.03203125 0.090625
5 0.0375 0.30546875 0.03125 0.078125
5 0.2109375 0.24765625 0.01328125 0.04453125
5 0.2484375 0.24765625 0.0109375 0.05546875
5 0.24375 0.34296875 0.0203125 0.08359375
5 0.56875 0.25625 0.01953125 0.05859375
5 0.584375 0.2390625 0.01328125 0.0625