4 0.41171875 0.40859375 0.0125 0.02890625
4 0.3734375 0.415625 0.0125 0.021875
4 0.34453125 0.41171875 0.02265625 0.02890625
4 0.32734375 0.41953125 0.025 0.0375
4 0.2109375 0.4359375 0.053125 0.0609375
4 0.45625 0.4015625 0.028125 0.046875
4 0.471875 0.403125 0.01953125 0.04296875
4 0.4921875 0.403125 0.02421875 0.05390625
4 0.53828125 0.41015625 0.03515625 0.07890625
5 0.134375 0.4203125 0.01640625 0.05390625
5 0.115625 0.428125 0.0171875 0.0625
5 0.07734375 0.40546875 0.01640625 0.0375
5 0.515625 0.41875 0.0109375 0.05390625
5 0.5078125 0.41640625 0.0109375 0.05
5 0.49453125 0.4140625 0.01640625 0.046875
5 0.446875 0.41328125 0.01875 0.05703125
4 0.3921875 0.40703125 0.0265625 0.04453125
6 0.271875 0.41328125 0.0828125 0.13046875
4 0.05625 0.4515625 0.1125 0.1125
4 0.0109375 0.471875 0.02109375 0.11796875
6 0.6296875 0.3703125 0.1703125 0.234375
6 0.903125 0.45078125 0.19296875 0.30546875
4 0.184375 0.421875 0.028125 0.03046875