4 0.4765625 0.4703125 0.0109375 0.01640625
4 0.46640625 0.47421875 0.009375 0.01640625
4 0.453125 0.478125 0.01171875 0.02109375
4 0.4 0.475 0.01796875 0.028125
4 0.3875 0.4828125 0.0203125 0.025
4 0.3640625 0.4875 0.0265625 0.034375
4 0.3375 0.48671875 0.03203125 0.04296875
5 0.2796875 0.4765625 0.0109375 0.05546875
5 0.153125 0.46875 0.0140625 0.05703125
4 0.56328125 0.48046875 0.0265625 0.0390625
4 0.5859375 0.4921875 0.0265625 0.053125
4 0.5421875 0.48828125 0.04453125 0.053125
4 0.6109375 0.5 0.05546875 0.06796875
4 0.67421875 0.50390625 0.140625 0.09453125
4 0.50234375 0.5 0.05 0.0765625
4 0.86953125 0.58203125 0.2609375 0.3390625
4 0.0890625 0.4890625 0.1328125 0.115625
4 0.01171875 0.49765625 0.0234375 0.13203125