4 0.0421875 0.534375 0.084375 0.16640625
4 0.45 0.540625 0.15703125 0.25
4 0.23046875 0.52109375 0.0875 0.1109375
4 0.6859375 0.55078125 0.1109375 0.10703125
4 0.1015625 0.51015625 0.046875 0.05859375
4 0.153125 0.521875 0.08203125 0.096875
4 0.1984375 0.484375 0.01953125 0.03046875
4 0.2953125 0.5078125 0.02265625 0.04453125
4 0.30625 0.509375 0.01328125 0.040625
4 0.9390625 0.5296875 0.08671875 0.059375
4 0.6078125 0.53671875 0.06640625 0.0734375
4 0.57265625 0.528125 0.046875 0.065625
4 0.54921875 0.52421875 0.0375 0.05703125
4 0.54140625 0.51171875 0.0484375 0.06796875
4 0.3421875 0.50234375 0.03671875 0.02109375
4 0.3671875 0.50390625 0.01796875 0.021875
4 0.31640625 0.4984375 0.00625 0.021875
6 0.5421875 0.4828125 0.05390625 0.0515625
6 0.2515625 0.4875 0.071875 0.09453125