4 0.5046875 0.478125 0.00859375 0.01796875
4 0.4953125 0.48984375 0.0203125 0.03359375
4 0.4828125 0.484375 0.0140625 0.015625
4 0.4765625 0.4859375 0.01484375 0.021875
6 0.4640625 0.475 0.021875 0.03359375
4 0.45 0.48359375 0.01015625 0.0125
4 0.4421875 0.48515625 0.01015625 0.01640625
4 0.43125 0.48828125 0.0140625 0.0265625
4 0.403125 0.49140625 0.02734375 0.04140625
4 0.371875 0.496875 0.021875 0.0359375
4 0.3484375 0.5015625 0.03125 0.04453125
4 0.5390625 0.484375 0.03359375 0.0609375
4 0.5453125 0.5 0.02421875 0.04140625
6 0.59765625 0.47734375 0.08203125 0.11953125
4 0.6140625 0.528125 0.0671875 0.0984375
4 0.73125 0.49609375 0.0796875 0.05546875
4 0.88046875 0.68125 0.2390625 0.44140625
4 0.171875 0.53046875 0.05390625 0.075
4 0.1078125 0.53203125 0.09453125 0.103125
4 0.03515625 0.53671875 0.0703125 0.11953125