4 0.85703125 0.49140625 0.0390625 0.0375
4 0.834375 0.48671875 0.02734375 0.0234375
4 0.7875 0.50859375 0.025 0.0515625
4 0.640625 0.5234375 0.0875 0.071875
4 0.73125 0.515625 0.0984375 0.1
4 0.98828125 0.525 0.0234375 0.09375
4 0.9390625 0.5328125 0.10390625 0.1109375
4 0.89375 0.50546875 0.0375 0.04296875
4 0.83359375 0.5375 0.10390625 0.09296875
4 0.0078125 0.49140625 0.0140625 0.05390625
4 0.0375 0.4984375 0.05 0.0484375
5 0.175 0.4921875 0.01171875 0.059375
5 0.1875 0.490625 0.0140625 0.059375
5 0.234375 0.496875 0.01875 0.0890625