5 0.3828125 0.4265625 0.01171875 0.053125
5 0.425 0.4171875 0.009375 0.0359375
5 0.45625 0.42421875 0.01171875 0.040625
5 0.40859375 0.403125 0.009375 0.02890625
4 0.5328125 0.41328125 0.015625 0.0234375
4 0.51875 0.409375 0.01328125 0.01953125
4 0.50703125 0.409375 0.01171875 0.0234375
4 0.49765625 0.41484375 0.01640625 0.025
4 0.4796875 0.421875 0.02265625 0.0359375
4 0.546875 0.41015625 0.0140625 0.02109375
4 0.5640625 0.41328125 0.01328125 0.01953125
4 0.5796875 0.40859375 0.0140625 0.02109375
4 0.5953125 0.409375 0.01640625 0.028125
4 0.6046875 0.41875 0.01328125 0.025
4 0.615625 0.421875 0.0296875 0.03203125
4 0.65 0.43359375 0.0421875 0.059375
4 0.7640625 0.41953125 0.065625 0.06640625
4 0.33125 0.44453125 0.06875 0.103125
4 0.2390625 0.4609375 0.15234375 0.14453125
4 0.0375 0.528125 0.07421875 0.18359375