5 0.4703125 0.4484375 0.01875 0.12109375
5 0.1734375 0.48125 0.01875 0.0359375
5 0.0828125 0.4859375 0.01953125 0.04296875
4 0.521875 0.45234375 0.02265625 0.0375
4 0.4890625 0.4640625 0.03125 0.040625
4 0.4515625 0.4625 0.02890625 0.05546875
4 0.41484375 0.47421875 0.0671875 0.0609375
4 0.33984375 0.48203125 0.08125 0.07890625
4 0.25 0.50703125 0.09921875 0.08203125
4 0.11875 0.528125 0.140625 0.10703125
4 0.0265625 0.54609375 0.0515625 0.10703125
4 0.590625 0.4359375 0.01484375 0.03359375
4 0.6890625 0.43359375 0.01484375 0.034375
4 0.7078125 0.434375 0.0125 0.02890625
4 0.73515625 0.45859375 0.0546875 0.103125
4 0.79375 0.47421875 0.10078125 0.1609375
4 0.9 0.58359375 0.19765625 0.44609375
4 0.665625 0.446875 0.04609375 0.0625
4 0.6234375 0.44140625 0.04375 0.0625