4 0.396875 0.54765625 0.009375 0.0234375
4 0.38203125 0.54765625 0.025 0.0375
4 0.3 0.5453125 0.01953125 0.0265625
4 0.265625 0.54296875 0.02109375 0.0265625
4 0.27890625 0.54609375 0.0234375 0.03046875
4 0.23203125 0.546875 0.03515625 0.04296875
4 0.196875 0.54921875 0.03203125 0.04140625
4 0.1609375 0.546875 0.03046875 0.0359375
4 0.1359375 0.5453125 0.02734375 0.040625
4 0.11875 0.5453125 0.02734375 0.04296875
4 0.0578125 0.54921875 0.1046875 0.0859375
6 0.34453125 0.54453125 0.05546875 0.08359375
4 0.45078125 0.578125 0.0984375 0.165625
5 0.509375 0.54765625 0.01328125 0.06953125
5 0.6921875 0.590625 0.0265625 0.17890625