4 0.41875 0.2984375 0.0890625 0.1390625
4 0.18125 0.2671875 0.03125 0.01796875
4 0.36875 0.2609375 0.01484375 0.021875
6 0.3109375 0.246875 0.0171875 0.0265625
4 0.33203125 0.24921875 0.0140625 0.01640625
6 0.896875 0.340625 0.03984375 0.03359375
6 0.85625 0.3328125 0.0359375 0.03359375
4 0.8359375 0.328125 0.0171875 0.03359375
4 0.8140625 0.321875 0.02109375 0.025
4 0.7875 0.3203125 0.02578125 0.025
4 0.76953125 0.3203125 0.01875 0.025
4 0.75546875 0.31171875 0.0234375 0.025
4 0.934375 0.334375 0.03046875 0.02890625
4 0.97265625 0.33203125 0.02265625 0.021875