5 0.6140625 0.440625 0.034375 0.1140625
5 0.68984375 0.46015625 0.02734375 0.109375
5 0.95546875 0.4890625 0.071875 0.415625
5 0.265625 0.396875 0.01328125 0.05546875
5 0.23984375 0.378125 0.0078125 0.04296875
5 0.25625 0.384375 0.009375 0.04140625
5 0.2140625 0.37109375 0.0109375 0.028125
5 0.6734375 0.4515625 0.03515625 0.10703125
5 0.57421875 0.4078125 0.00859375 0.028125
5 0.5828125 0.409375 0.0078125 0.02890625
5 0.590625 0.40546875 0.00546875 0.02890625
5 0.5375 0.4078125 0.00546875 0.02109375
5 0.5578125 0.409375 0.0078125 0.0234375
4 0.06875 0.42578125 0.13671875 0.284375
4 0.34609375 0.43828125 0.17265625 0.2125
5 0.18828125 0.3671875 0.00859375 0.03359375
5 0.11953125 0.3640625 0.009375 0.02890625
4 0.1625 0.3875 0.02421875 0.028125
5 0.4890625 0.4140625 0.0078125 0.040625