5 0.90078125 0.4484375 0.034375 0.14296875
5 0.84453125 0.4453125 0.02734375 0.1265625
5 0.8 0.4484375 0.0234375 0.109375
5 0.7828125 0.4265625 0.01875 0.075
5 0.73125 0.428125 0.01484375 0.05390625
5 0.7109375 0.43359375 0.009375 0.04140625
4 0.6546875 0.453125 0.0515625 0.071875
4 0.575 0.4265625 0.01015625 0.01796875
4 0.59375 0.434375 0.0828125 0.0640625
4 0.5421875 0.43671875 0.03984375 0.034375
4 0.50390625 0.4265625 0.01015625 0.01796875
4 0.4921875 0.4328125 0.01875 0.0265625
4 0.4765625 0.4265625 0.01328125 0.01796875
4 0.4515625 0.42890625 0.01015625 0.028125
4 0.440625 0.43984375 0.01484375 0.040625
4 0.40078125 0.434375 0.015625 0.04453125
4 0.38125 0.42890625 0.034375 0.0375
4 0.328125 0.43984375 0.040625 0.04453125
4 0.25625 0.4328125 0.025 0.04453125
4 0.22109375 0.45703125 0.0671875 0.07890625
4 0.059375 0.41796875 0.02734375 0.040625
4 0.034375 0.45 0.06484375 0.10859375
4 0.0984375 0.46328125 0.1578125 0.15859375
4 0.2875 0.45859375 0.06875 0.0640625
4 0.359375 0.4640625 0.06953125 0.075
4 0.421875 0.44453125 0.0265625 0.0484375
4 0.465625 0.44453125 0.03125 0.046875