4 0.421875 0.53828125 0.0109375 0.01953125
4 0.4125 0.540625 0.0109375 0.01953125
4 0.39453125 0.54453125 0.021875 0.028125
4 0.30859375 0.5546875 0.04375 0.07109375
4 0.28125 0.56171875 0.0453125 0.08046875
4 0.46640625 0.54609375 0.01484375 0.01953125
4 0.4796875 0.5453125 0.01640625 0.03359375
4 0.490625 0.54453125 0.01875 0.04140625
4 0.509375 0.55 0.03515625 0.04609375
4 0.2234375 0.5671875 0.0984375 0.109375
5 0.615625 0.54296875 0.01640625 0.08046875
5 0.6 0.54921875 0.01484375 0.08203125
5 0.56875 0.54296875 0.021875 0.08046875
5 0.81796875 0.546875 0.04375 0.15546875