5 0.25859375 0.66484375 0.015625 0.0640625
4 0.265625 0.67421875 0.04375 0.0265625
5 0.35625 0.65390625 0.009375 0.03359375
5 0.325 0.65234375 0.01015625 0.0375
4 0.79921875 0.56015625 0.03671875 0.0234375
4 0.64375 0.571875 0.0265625 0.0375
4 0.44453125 0.625 0.0234375 0.034375
4 0.4421875 0.640625 0.0234375 0.03359375
4 0.42265625 0.63671875 0.03046875 0.04453125
4 0.18203125 0.71640625 0.1109375 0.109375
4 0.6953125 0.62265625 0.11171875 0.21796875
4 0.91875 0.63828125 0.1625 0.225
4 0.96796875 0.84765625 0.06328125 0.24140625
4 0.55703125 0.703125 0.24921875 0.440625