4 0.371875 0.59921875 0.0296875 0.040625
4 0.41484375 0.6046875 0.05859375 0.1015625
4 0.43828125 0.64296875 0.07578125 0.103125
5 0.478125 0.6140625 0.01328125 0.071875
5 0.8515625 0.75078125 0.04765625 0.2859375
5 0.93671875 0.728125 0.0390625 0.2125
5 0.7828125 0.7 0.03515625 0.17109375
5 0.734375 0.65625 0.021875 0.10859375
5 0.87421875 0.71953125 0.0359375 0.21640625
5 0.8140625 0.69375 0.02578125 0.2015625
5 0.85078125 0.6109375 0.025 0.0359375
5 0.7765625 0.61640625 0.02421875 0.059375
5 0.71484375 0.621875 0.0171875 0.04296875
5 0.6984375 0.6203125 0.0140625 0.04296875
5 0.7328125 0.60546875 0.01328125 0.03203125
5 0.65625 0.62421875 0.0296875 0.08359375
5 0.6859375 0.6125 0.0109375 0.04296875
5 0.6734375 0.60546875 0.015625 0.053125
5 0.6421875 0.6328125 0.01328125 0.078125
5 0.6203125 0.60234375 0.01484375 0.028125
5 0.60625 0.596875 0.0109375 0.02109375
5 0.59375 0.59140625 0.01171875 0.01796875
5 0.5828125 0.59296875 0.01015625 0.0140625
5 0.57421875 0.59609375 0.01015625 0.01953125
6 0.46640625 0.57421875 0.0359375 0.08046875
6 0.5203125 0.5890625 0.0796875 0.13359375
4 0.1546875 0.5921875 0.04296875 0.0875
4 0.1 0.63046875 0.1109375 0.1390625
4 0.0359375 0.69375 0.071875 0.35
4 0.05 0.54765625 0.1 0.05859375
4 0.59375 0.64921875 0.08984375 0.109375