4 0.0390625 0.415625 0.078125 0.1515625
4 0.128125 0.37734375 0.12109375 0.1234375
5 0.1953125 0.353125 0.01953125 0.0765625
5 0.2390625 0.35234375 0.0125 0.065625
5 0.28125 0.346875 0.0171875 0.046875
5 0.29296875 0.346875 0.0125 0.05
4 0.20703125 0.3609375 0.0421875 0.0359375
4 0.390625 0.34375 0.03671875 0.040625
4 0.36953125 0.340625 0.0171875 0.03359375
4 0.703125 0.35078125 0.15625 0.1609375
4 0.60546875 0.315625 0.0484375 0.06953125
4 0.45625 0.32890625 0.01953125 0.02109375
4 0.434375 0.325 0.01640625 0.021875
4 0.46875 0.3171875 0.0109375 0.01640625
6 0.4953125 0.3109375 0.0234375 0.04296875
4 0.5140625 0.3171875 0.0125 0.028125