6 0.47578125 0.39140625 0.015625 0.01796875
4 0.490625 0.41640625 0.01015625 0.01953125
4 0.5015625 0.4203125 0.01875 0.03046875
4 0.475 0.421875 0.03203125 0.04609375
6 0.5171875 0.40703125 0.02109375 0.0265625
4 0.525 0.41796875 0.015625 0.021875
4 0.53828125 0.428125 0.02109375 0.028125
4 0.5671875 0.440625 0.034375 0.05
4 0.6171875 0.44453125 0.0609375 0.0734375
4 0.6453125 0.46171875 0.06484375 0.06953125
4 0.71875 0.46796875 0.11875 0.1265625
4 0.871875 0.509375 0.23671875 0.2390625
4 0.98359375 0.59453125 0.0296875 0.2140625
4 0.4453125 0.40703125 0.0109375 0.01796875
4 0.43359375 0.41015625 0.0125 0.03359375
6 0.39375 0.3640625 0.0734375 0.153125
5 0.40234375 0.4125 0.015625 0.0625
4 0.375 0.41796875 0.04140625 0.1
6 0.2765625 0.3625 0.18828125 0.28046875
4 0.1328125 0.41015625 0.109375 0.1640625
4 0.0515625 0.3984375 0.10078125 0.2265625