5 0.71640625 0.46953125 0.078125 0.259375
5 0.2 0.43984375 0.02421875 0.084375
5 0.228125 0.434375 0.01640625 0.08203125
5 0.1109375 0.428125 0.02421875 0.05859375
5 0.078125 0.409375 0.01953125 0.046875
5 0.01953125 0.43359375 0.0328125 0.0765625
5 0.3984375 0.39453125 0.0078125 0.0125
4 0.07421875 0.49375 0.14609375 0.14609375
4 0.98046875 0.403125 0.03671875 0.128125
4 0.9640625 0.3984375 0.01640625 0.05546875
4 0.60546875 0.421875 0.08359375 0.09140625
4 0.52265625 0.43671875 0.09765625 0.08359375
4 0.86796875 0.3953125 0.02421875 0.04453125
4 0.9203125 0.390625 0.0203125 0.03359375
4 0.9328125 0.3921875 0.01640625 0.03359375
4 0.8921875 0.3953125 0.03984375 0.04140625
4 0.7984375 0.41640625 0.153125 0.1609375
4 0.4 0.45 0.14921875 0.10546875