5 0.0234375 0.625 0.0453125 0.3015625
5 0.05078125 0.61875 0.03671875 0.30390625
5 0.7921875 0.5890625 0.0421875 0.1890625
5 0.85625 0.61328125 0.053125 0.246875
5 0.915625 0.584375 0.0453125 0.2234375
5 0.959375 0.59453125 0.0625 0.2265625
5 0.98359375 0.56796875 0.02890625 0.23046875
5 0.99296875 0.571875 0.0125 0.2140625
4 0.384375 0.62265625 0.01484375 0.03359375
4 0.4359375 0.58984375 0.0125 0.01640625
5 0.475 0.5796875 0.0109375 0.01640625
5 0.471875 0.59375 0.0125 0.01953125
5 0.5140625 0.61640625 0.0125 0.0515625
5 0.525 0.61328125 0.0234375 0.053125
5 0.46640625 0.625 0.0109375 0.01953125
5 0.434375 0.6234375 0.03125 0.04609375
5 0.490625 0.61875 0.03828125 0.05546875
5 0.5515625 0.61328125 0.05078125 0.06796875
4 0.45 0.58125 0.0109375 0.01953125
4 0.496875 0.57890625 0.0125 0.01953125
4 0.4859375 0.58125 0.01328125 0.01953125