5 0.096875 0.621875 0.02578125 0.12890625
5 0.509375 0.5671875 0.01640625 0.05390625
4 0.2296875 0.6234375 0.1171875 0.1640625
4 0.3375 0.60078125 0.05703125 0.065625
4 0.39375 0.578125 0.0328125 0.04140625
4 0.409375 0.5640625 0.02265625 0.0390625
4 0.4234375 0.56171875 0.01640625 0.02890625
4 0.43125 0.55390625 0.0171875 0.03046875
4 0.46796875 0.60234375 0.059375 0.08203125
4 0.6375 0.64140625 0.115625 0.1359375
4 0.5875 0.6203125 0.05234375 0.090625
4 0.5828125 0.603125 0.059375 0.075
4 0.56015625 0.5859375 0.05078125 0.0890625
4 0.5359375 0.57578125 0.0203125 0.0484375
4 0.5265625 0.56328125 0.025 0.0515625