4 0.94921875 0.4453125 0.1 0.3875
4 0.66484375 0.14140625 0.18046875 0.2390625
4 0.5484375 0.09921875 0.06015625 0.0890625
4 0.5109375 0.078125 0.02890625 0.0515625
4 0.49375 0.065625 0.021875 0.0484375
4 0.403125 0.08046875 0.1234375 0.128125
4 0.4453125 0.1171875 0.1015625 0.15546875
4 0.1953125 0.07890625 0.06484375 0.0734375
5 0.778125 0.13125 0.02265625 0.134375
5 0.825 0.09765625 0.0203125 0.0890625
5 0.75625 0.096875 0.0140625 0.08203125
5 0.76640625 0.09453125 0.01171875 0.07109375
4 0.34765625 0.04140625 0.0421875 0.0515625