5 0.240625 0.43984375 0.03671875 0.1
5 0.32265625 0.48984375 0.028125 0.16953125
5 0.3515625 0.44609375 0.015625 0.07109375
5 0.38125 0.496875 0.02734375 0.18359375
5 0.409375 0.4359375 0.00859375 0.0375
4 0.434375 0.453125 0.0140625 0.046875
5 0.64453125 0.45546875 0.0125 0.05546875
5 0.659375 0.5078125 0.04296875 0.1734375
5 0.2859375 0.5265625 0.04765625 0.34140625
5 0.3359375 0.53515625 0.03671875 0.225
5 0.396875 0.515625 0.0640625 0.2234375
5 0.50703125 0.4984375 0.04140625 0.175
5 0.478125 0.484375 0.028125 0.178125
5 0.45859375 0.440625 0.015625 0.075
5 0.44609375 0.44296875 0.01484375 0.06640625
4 0.52265625 0.434375 0.01484375 0.0375
4 0.5375 0.4296875 0.01171875 0.034375
4 0.5640625 0.43359375 0.046875 0.0859375
4 0.5828125 0.4625 0.02734375 0.05703125
5 0.5921875 0.49140625 0.053125 0.18046875
4 0.625 0.465625 0.03515625 0.06796875
4 0.146875 0.596875 0.2921875 0.615625
6 0.8359375 0.428125 0.32421875 0.85390625