4 0.48203125 0.590625 0.01484375 0.0125
4 0.44375 0.603125 0.01640625 0.02109375
4 0.475 0.60078125 0.01171875 0.0125
4 0.5125 0.603125 0.015625 0.0140625
4 0.525 0.59765625 0.0171875 0.01640625
4 0.515625 0.61640625 0.01328125 0.01640625
4 0.5375 0.603125 0.025 0.0515625
4 0.6 0.61796875 0.0328125 0.05
4 0.4578125 0.59453125 0.0234375 0.04140625
4 0.4796875 0.60625 0.01484375 0.01640625
4 0.5015625 0.590625 0.0078125 0.01640625
4 0.5609375 0.60859375 0.046875 0.065625
4 0.33046875 0.61796875 0.08359375 0.103125
4 0.28203125 0.5953125 0.028125 0.0609375
4 0.215625 0.59375 0.025 0.05703125
5 0.4265625 0.5921875 0.009375 0.06953125
5 0.4140625 0.59765625 0.01640625 0.06953125