4 0.4859375 0.5640625 0.009375 0.021875
4 0.5 0.55625 0.021875 0.0359375
4 0.51953125 0.565625 0.01796875 0.04140625
4 0.5296875 0.5640625 0.0234375 0.0515625
4 0.55 0.5640625 0.03515625 0.07109375
4 0.5671875 0.56875 0.03125 0.075
4 0.58671875 0.57109375 0.03984375 0.1
4 0.62265625 0.57734375 0.0625 0.1359375
4 0.703125 0.5875 0.1625 0.178125
4 0.478125 0.5640625 0.01328125 0.021875
4 0.46171875 0.5609375 0.01640625 0.021875
4 0.44375 0.5640625 0.0125 0.021875
4 0.4375 0.56484375 0.01328125 0.01953125
4 0.428125 0.571875 0.0203125 0.02890625
4 0.36328125 0.57578125 0.021875 0.0359375
4 0.3515625 0.57578125 0.01484375 0.03203125
4 0.34140625 0.57734375 0.021875 0.04296875
4 0.328125 0.58203125 0.0328125 0.0484375
4 0.3109375 0.584375 0.0328125 0.053125
4 0.29140625 0.5890625 0.0453125 0.0625
4 0.2421875 0.596875 0.0765625 0.075
4 0.0625 0.625 0.125 0.178125
5 0.41640625 0.56796875 0.00546875 0.021875
5 0.4046875 0.5703125 0.0078125 0.0265625
5 0.409375 0.575 0.00703125 0.03203125
5 0.9703125 0.51484375 0.03671875 0.1140625