5 0.734375 0.50234375 0.03515625 0.203125
5 0.4390625 0.52421875 0.03515625 0.08203125
4 0.0109375 0.46640625 0.021875 0.06953125
4 0.01875 0.4421875 0.01015625 0.0234375
4 0.065625 0.4453125 0.0078125 0.0234375
4 0.07421875 0.45 0.01015625 0.025
4 0.084375 0.453125 0.015625 0.0359375
4 0.096875 0.45546875 0.03046875 0.053125
4 0.165625 0.48046875 0.04375 0.075
4 0.1859375 0.4875 0.05234375 0.09140625
4 0.228125 0.496875 0.08125 0.128125
4 0.1203125 0.46875 0.04375 0.0484375
4 0.30625 0.5234375 0.16328125 0.171875
4 0.05078125 0.4421875 0.01796875 0.0265625