4 0.43359375 0.50703125 0.01171875 0.02109375
4 0.428125 0.50859375 0.009375 0.01796875
4 0.4203125 0.50625 0.0109375 0.01640625
4 0.4109375 0.509375 0.01171875 0.021875
4 0.3953125 0.50703125 0.02578125 0.0359375
4 0.49375 0.50703125 0.01328125 0.0234375
4 0.503125 0.5109375 0.0203125 0.03359375
4 0.3671875 0.509375 0.04609375 0.05
4 0.52265625 0.51953125 0.04140625 0.0515625
4 0.465625 0.51328125 0.05390625 0.08359375
4 0.1046875 0.509375 0.1328125 0.059375
4 0.0234375 0.51953125 0.04609375 0.059375
5 0.05390625 0.521875 0.01796875 0.09140625
5 0.25 0.50078125 0.0140625 0.06953125
4 0.56484375 0.52890625 0.04609375 0.08203125
4 0.6046875 0.5359375 0.07265625 0.121875
4 0.65625 0.55234375 0.090625 0.16796875
4 0.76015625 0.57734375 0.22421875 0.246875
4 0.89453125 0.66953125 0.209375 0.48203125