4 0.53515625 0.33984375 0.01171875 0.015625
4 0.525 0.34296875 0.01484375 0.021875
4 0.5140625 0.340625 0.015625 0.0359375
4 0.49375 0.35 0.025 0.05703125
5 0.46640625 0.3625 0.0375 0.0625
4 0.2625 0.390625 0.1765625 0.196875
5 0.43125 0.375 0.01171875 0.04296875
4 0.0203125 0.56796875 0.03984375 0.17109375
4 0.5484375 0.34375 0.01328125 0.0140625
4 0.56171875 0.3390625 0.01328125 0.01796875
4 0.575 0.3375 0.0109375 0.02109375
4 0.5859375 0.3359375 0.0109375 0.0265625
4 0.59921875 0.34140625 0.01640625 0.034375
4 0.6125 0.34609375 0.0109375 0.03203125
4 0.634375 0.35078125 0.03203125 0.05546875
4 0.728125 0.34765625 0.08359375 0.184375
4 0.76875 0.365625 0.07890625 0.184375
4 0.84453125 0.375 0.1484375 0.240625
4 0.9390625 0.421875 0.11875 0.33203125
4 0.1234375 0.459375 0.24609375 0.2015625