4 0.0640625 0.46953125 0.12578125 0.13046875
4 0.46796875 0.40234375 0.0125 0.0125
4 0.496875 0.403125 0.00859375 0.0125
4 0.43515625 0.40546875 0.01484375 0.0359375
4 0.3828125 0.42109375 0.0203125 0.03359375
4 0.48125 0.415625 0.02265625 0.034375
4 0.41171875 0.41953125 0.0390625 0.05546875
4 0.5203125 0.4046875 0.00859375 0.015625
4 0.5359375 0.4046875 0.01171875 0.0125
4 0.5484375 0.40546875 0.01484375 0.0140625
4 0.553125 0.4140625 0.0203125 0.0234375
4 0.5671875 0.41875 0.025 0.02890625
4 0.5265625 0.41328125 0.01328125 0.01953125
4 0.3 0.43046875 0.0421875 0.0640625
4 0.2546875 0.440625 0.078125 0.07109375
5 0.740625 0.4921875 0.065625 0.271875
5 0.1796875 0.43359375 0.01953125 0.10546875
5 0.1515625 0.43671875 0.02265625 0.0984375
5 0.2109375 0.42578125 0.0171875 0.08359375
5 0.6640625 0.42265625 0.01328125 0.078125
5 0.90625 0.453125 0.015625 0.1
6 0.7796875 0.41640625 0.19140625 0.2359375
6 0.93515625 0.61328125 0.1265625 0.625