4 0.459375 0.41171875 0.01484375 0.021875
4 0.41953125 0.4109375 0.01640625 0.025
4 0.4390625 0.40625 0.02734375 0.0375
4 0.5046875 0.4078125 0.021875 0.03046875
4 0.48125 0.4046875 0.02890625 0.04453125
4 0.40546875 0.4171875 0.01171875 0.01796875
4 0.5546875 0.4109375 0.01015625 0.034375
4 0.56875 0.4109375 0.02578125 0.040625
4 0.53203125 0.40703125 0.0375 0.05859375
4 0.634375 0.421875 0.05078125 0.07109375
4 0.70859375 0.39765625 0.03359375 0.015625
4 0.675 0.434375 0.078125 0.08203125
4 0.77109375 0.40546875 0.0515625 0.034375
4 0.734375 0.453125 0.109375 0.10859375
4 0.3203125 0.446875 0.11953125 0.1390625
4 0.3828125 0.4078125 0.0359375 0.04453125
5 0.790625 0.4125 0.01171875 0.0625
5 0.8 0.41484375 0.01875 0.0765625
5 0.81796875 0.41328125 0.02109375 0.0734375
5 0.828125 0.4171875 0.0265625 0.071875
5 0.2140625 0.40703125 0.01640625 0.05546875
5 0.028125 0.4140625 0.0171875 0.065625
5 0.04765625 0.41171875 0.01640625 0.0625
4 0.040625 0.41328125 0.08125 0.0640625