4 0.4234375 0.434375 0.0140625 0.02109375
4 0.440625 0.440625 0.0171875 0.0265625
4 0.4484375 0.44453125 0.009375 0.03046875
4 0.46484375 0.4421875 0.02421875 0.04296875
4 0.4109375 0.434375 0.01875 0.021875
4 0.396875 0.4328125 0.0078125 0.025
4 0.3890625 0.434375 0.021875 0.03359375
6 0.375 0.43046875 0.0171875 0.02890625
4 0.34609375 0.43671875 0.01640625 0.02109375
4 0.334375 0.4390625 0.0125 0.01640625
4 0.3203125 0.4421875 0.009375 0.01796875
4 0.3078125 0.43828125 0.01640625 0.021875
4 0.29375 0.4421875 0.0171875 0.021875
4 0.271875 0.43828125 0.02890625 0.034375
4 0.2546875 0.446875 0.021875 0.03046875
4 0.234375 0.4484375 0.028125 0.034375
4 0.571875 0.47265625 0.08203125 0.08046875
4 0.125 0.4578125 0.06328125 0.05859375
5 0.1875 0.4390625 0.009375 0.02109375
6 0.4953125 0.44296875 0.04765625 0.0625
5 0.165625 0.4484375 0.009375 0.034375