4 0.37421875 0.378125 0.009375 0.01640625
4 0.3703125 0.3984375 0.01171875 0.021875
4 0.3546875 0.40703125 0.0125 0.01796875
4 0.3390625 0.4140625 0.01484375 0.025
4 0.3203125 0.421875 0.02421875 0.02890625
4 0.296875 0.4515625 0.04296875 0.07109375
4 0.68984375 0.46796875 0.0796875 0.1
5 0.6609375 0.44453125 0.01640625 0.0265625
5 0.6890625 0.434375 0.02109375 0.0265625
5 0.6421875 0.453125 0.0171875 0.04140625
4 0.246875 0.46796875 0.08046875 0.09609375
4 0.36640625 0.409375 0.01484375 0.021875
4 0.0640625 0.48125 0.11484375 0.13046875
4 0.03359375 0.57421875 0.0671875 0.275
4 0.5015625 0.534375 0.303125 0.478125