4 0.121875 0.43984375 0.24296875 0.34453125
4 0.88125 0.540625 0.23515625 0.5015625
4 0.2625 0.43046875 0.11953125 0.196875
4 0.3359375 0.43671875 0.0453125 0.1140625
4 0.3453125 0.409375 0.0765625 0.1234375
4 0.3875 0.4109375 0.0234375 0.084375
4 0.4046875 0.41015625 0.0171875 0.0609375
4 0.415625 0.4171875 0.01015625 0.04140625
4 0.4234375 0.4125 0.015625 0.0375
4 0.721875 0.46796875 0.1875 0.24140625
4 0.625 0.44453125 0.10390625 0.15859375
4 0.56484375 0.4359375 0.0609375 0.10703125
4 0.5390625 0.4296875 0.03046875 0.0515625
4 0.5375 0.421875 0.03359375 0.05703125
4 0.5171875 0.41875 0.028125 0.0359375
4 0.50390625 0.409375 0.0234375 0.0359375
4 0.4875 0.4078125 0.01484375 0.0234375
6 0.4296875 0.39765625 0.02265625 0.05
6 0.4453125 0.396875 0.009375 0.03203125
6 0.46640625 0.3921875 0.01953125 0.0375
4 0.46953125 0.40625 0.0140625 0.03359375