4 0.5234375 0.425 0.02421875 0.02890625
4 0.54296875 0.42734375 0.01875 0.02890625
4 0.5515625 0.43203125 0.0234375 0.02890625
4 0.578125 0.453125 0.04921875 0.075
4 0.4890625 0.4609375 0.1421875 0.1015625
4 0.4125 0.43984375 0.01328125 0.01953125
4 0.3828125 0.44296875 0.0203125 0.03203125
4 0.3671875 0.44765625 0.01484375 0.0359375
4 0.34765625 0.46875 0.05703125 0.078125
4 0.290625 0.4609375 0.03125 0.0625
4 0.2421875 0.4703125 0.0859375 0.1
4 0.95 0.434375 0.0984375 0.1125
4 0.8015625 0.51328125 0.203125 0.1890625
5 0.6671875 0.44296875 0.0109375 0.053125
5 0.659375 0.45703125 0.0125 0.07109375
5 0.6484375 0.4484375 0.0125 0.0625
5 0.6453125 0.453125 0.01796875 0.0625
5 0.6421875 0.4640625 0.01328125 0.0609375
5 0.628125 0.46640625 0.0109375 0.0609375
5 0.875 0.42734375 0.03515625 0.090625
5 0.3984375 0.45859375 0.021875 0.08046875
4 0.990625 0.6 0.01796875 0.159375