4 0.32734375 0.371875 0.009375 0.0125
6 0.3359375 0.3640625 0.01015625 0.025
6 0.36171875 0.36875 0.009375 0.0234375
6 0.3125 0.3765625 0.01328125 0.02109375
4 0.3109375 0.3890625 0.01015625 0.01796875
4 0.2984375 0.39453125 0.0140625 0.025
4 0.321875 0.39375 0.01015625 0.03046875
4 0.33359375 0.39765625 0.00625 0.02109375
4 0.3484375 0.40078125 0.0296875 0.04453125
4 0.4 0.3890625 0.01015625 0.03203125
4 0.1453125 0.434375 0.03125 0.065625
4 0.103125 0.43671875 0.06796875 0.08203125
4 0.421875 0.3984375 0.0203125 0.04453125
4 0.428125 0.41171875 0.025 0.05703125
4 0.43828125 0.41796875 0.02578125 0.09453125
4 0.453125 0.42734375 0.03203125 0.1265625
4 0.509375 0.459375 0.13203125 0.209375
4 0.65078125 0.55078125 0.32890625 0.34140625
4 0.2796875 0.4046875 0.03984375 0.0359375
4 0.37734375 0.415625 0.05625 0.084375
4 0.03671875 0.45390625 0.0734375 0.096875
4 0.84921875 0.6875 0.30078125 0.6234375
5 0.79609375 0.39765625 0.02734375 0.15390625