5 0.6390625 0.28046875 0.00703125 0.05
4 0.3015625 0.5296875 0.03046875 0.0875
4 0.39375 0.54140625 0.1484375 0.14453125
4 0.5078125 0.490625 0.01640625 0.0109375
4 0.4859375 0.5125 0.0453125 0.0515625
4 0.81171875 0.5203125 0.03671875 0.059375
4 0.925 0.515625 0.03828125 0.04296875
4 0.95390625 0.5375 0.0640625 0.084375
4 0.03359375 0.5328125 0.06640625 0.09609375
4 0.9796875 0.54140625 0.03828125 0.1234375
4 0.8703125 0.54375 0.10625 0.1109375
4 0.15703125 0.52734375 0.2625 0.2484375
4 0.6328125 0.69453125 0.48828125 0.503125
5 0.184375 0.3390625 0.0125 0.04453125
5 0.8375 0.2578125 0.01875 0.06640625
5 0.8609375 0.271875 0.009375 0.01796875
4 0.85703125 0.2734375 0.0234375 0.0390625