4 0.3390625 0.659375 0.0078125 0.0109375
4 0.33125 0.65859375 0.0046875 0.01796875
6 0.32421875 0.65390625 0.01328125 0.025
4 0.3203125 0.66484375 0.01015625 0.0234375
4 0.3125 0.6625 0.0109375 0.03046875
4 0.296875 0.66328125 0.01796875 0.04609375
4 0.2859375 0.67265625 0.01484375 0.0375
4 0.2703125 0.66171875 0.02421875 0.05703125
4 0.265625 0.67578125 0.01796875 0.0609375
4 0.246875 0.67265625 0.03125 0.0765625
4 0.2203125 0.66484375 0.03515625 0.109375
4 0.140625 0.659375 0.14609375 0.16796875
4 0.35 0.65390625 0.00703125 0.0140625
4 0.3609375 0.665625 0.00703125 0.02109375
4 0.36875 0.66171875 0.0109375 0.02890625
4 0.3921875 0.6625 0.03828125 0.05859375
4 0.4515625 0.6875 0.07265625 0.11953125
4 0.915625 0.71015625 0.1671875 0.16953125
5 0.7375 0.6875 0.0328125 0.18046875
5 0.6640625 0.65703125 0.02578125 0.13046875
5 0.5921875 0.665625 0.0234375 0.1359375