5 0.2234375 0.7171875 0.1640625 0.534375
5 0.45234375 0.575 0.0234375 0.09453125
5 0.68125 0.571875 0.03125 0.1265625
5 0.90234375 0.565625 0.03515625 0.1390625
5 0.634375 0.55859375 0.01875 0.090625
5 0.571875 0.540625 0.01328125 0.07109375
5 0.5484375 0.5390625 0.01640625 0.065625
5 0.590625 0.546875 0.0125 0.05859375
5 0.77109375 0.56640625 0.04375 0.12109375
5 0.78828125 0.56171875 0.0234375 0.12109375
5 0.809375 0.55859375 0.021875 0.1140625
5 0.84375 0.553125 0.0328125 0.065625
5 0.65625 0.5484375 0.0125 0.075
4 0.49609375 0.55546875 0.05078125 0.09453125
4 0.3734375 0.553125 0.02734375 0.0484375
4 0.340625 0.55859375 0.0234375 0.0359375
4 0.3421875 0.54609375 0.02421875 0.01640625
4 0.3953125 0.55703125 0.01484375 0.02890625
5 0.4078125 0.55234375 0.0078125 0.02890625
4 0.4203125 0.54609375 0.03671875 0.04140625
5 0.11015625 0.56953125 0.01640625 0.04296875
5 0.12734375 0.56328125 0.0125 0.04609375
4 0.8984375 0.5125 0.05390625 0.021875
4 0.325 0.55078125 0.0125 0.021875