5 0.065625 0.421875 0.0359375 0.16640625
5 0.19375 0.4046875 0.02578125 0.1
5 0.3046875 0.43125 0.021875 0.1125
5 0.7 0.43203125 0.0234375 0.10703125
5 0.66875 0.43203125 0.021875 0.09609375
5 0.64140625 0.45234375 0.02109375 0.10390625
5 0.01171875 0.3671875 0.015625 0.0375
5 0.16875 0.415625 0.02109375 0.0609375
5 0.63125 0.44296875 0.028125 0.1125
5 0.025 0.4625 0.05 0.2765625
4 0.3828125 0.3828125 0.00546875 0.021875
4 0.38671875 0.38359375 0.00859375 0.021875
4 0.35078125 0.38359375 0.059375 0.11640625
4 0.33125 0.4171875 0.0765625 0.10703125
4 0.5140625 0.40546875 0.02890625 0.059375
4 0.55625 0.43359375 0.075 0.1015625
4 0.44453125 0.4578125 0.15703125 0.21796875