4 0.2640625 0.52890625 0.0234375 0.0265625
4 0.290625 0.52109375 0.01484375 0.01953125
4 0.2484375 0.51640625 0.01484375 0.01640625
4 0.3828125 0.50625 0.021875 0.02890625
4 0.4125 0.5375 0.0640625 0.0875
6 0.44375 0.4953125 0.0453125 0.109375
4 0.55625 0.52421875 0.04375 0.08046875
4 0.57734375 0.5265625 0.03515625 0.090625
6 0.6390625 0.509375 0.1078125 0.171875
4 0.040625 0.403125 0.07109375 0.03203125
4 0.3421875 0.56484375 0.12734375 0.16953125
4 0.5 0.54609375 0.10546875 0.18203125
4 0.621875 0.3671875 0.0734375 0.05859375