5 0.8265625 0.51640625 0.0328125 0.0984375
5 0.89921875 0.5703125 0.06015625 0.25859375
5 0.9859375 0.5703125 0.0265625 0.26953125
5 0.684375 0.5609375 0.04140625 0.15
5 0.72578125 0.55546875 0.034375 0.1640625
5 0.76484375 0.55078125 0.0390625 0.15546875
5 0.94453125 0.56484375 0.06015625 0.31796875
4 0.34453125 0.5203125 0.0265625 0.05390625
4 0.2890625 0.53125 0.103125 0.12890625
4 0.4953125 0.53359375 0.0328125 0.05
4 0.140625 0.5984375 0.28125 0.45625
4 0.41640625 0.559375 0.1328125 0.20390625
4 0.6125 0.5484375 0.0421875 0.046875