4 0.5546875 0.3359375 0.01796875 0.02890625
4 0.52890625 0.33828125 0.025 0.03359375
4 0.5125 0.3421875 0.01171875 0.01640625
4 0.496875 0.346875 0.01640625 0.04140625
4 0.4828125 0.34609375 0.03359375 0.065625
4 0.459375 0.35390625 0.0390625 0.0734375
4 0.4296875 0.36875 0.06640625 0.0984375
4 0.39609375 0.3546875 0.02734375 0.06796875
4 0.353125 0.36640625 0.07734375 0.09453125
4 0.2984375 0.390625 0.0953125 0.1140625
5 0.2296875 0.353125 0.02734375 0.11796875
5 0.6609375 0.3359375 0.009375 0.03359375
5 0.628125 0.33671875 0.0109375 0.0484375
5 0.5703125 0.3390625 0.01171875 0.040625