4 0.4796875 0.4296875 0.0125 0.03046875
4 0.4953125 0.42890625 0.025 0.04609375
4 0.5 0.440625 0.028125 0.040625
4 0.353125 0.403125 0.0265625 0.05859375
4 0.325 0.4 0.046875 0.0625
4 0.30625 0.40390625 0.034375 0.0625
4 0.2546875 0.39609375 0.096875 0.090625
4 0.1890625 0.39765625 0.165625 0.09140625
4 0.5328125 0.4328125 0.0609375 0.08046875
4 0.7125 0.49296875 0.1640625 0.1625
6 0.36953125 0.390625 0.07421875 0.078125
6 0.4546875 0.40703125 0.0296875 0.04609375
4 0.43203125 0.3984375 0.009375 0.021875