5 0.55 0.5640625 0.00625 0.03203125
5 0.54296875 0.559375 0.00703125 0.03203125
5 0.06015625 0.55546875 0.01640625 0.109375
5 0.14296875 0.59140625 0.05 0.259375
5 0.5890625 0.56640625 0.009375 0.046875
5 0.9796875 0.64921875 0.03671875 0.2890625
4 0.215625 0.5296875 0.09609375 0.07890625
4 0.21171875 0.59453125 0.10546875 0.153125
4 0.346875 0.596875 0.17578125 0.2734375
4 0.4375 0.565625 0.02109375 0.04140625
4 0.4484375 0.5609375 0.015625 0.01953125
4 0.46640625 0.559375 0.01953125 0.03203125
4 0.7921875 0.671875 0.409375 0.41640625
4 0.0359375 0.68203125 0.071875 0.1984375