4 0.734375 0.55078125 0.02421875 0.0375
4 0.76484375 0.55234375 0.0375 0.053125
4 0.853125 0.56953125 0.0296875 0.053125
4 0.625 0.54140625 0.021875 0.04609375
4 0.66875 0.54765625 0.05546875 0.05390625
4 0.7125 0.5734375 0.07109375 0.0734375
4 0.1578125 0.51015625 0.05390625 0.0640625
4 0.19765625 0.51953125 0.0578125 0.0640625
4 0.24453125 0.528125 0.08203125 0.06640625
4 0.3015625 0.540625 0.06953125 0.065625
4 0.3703125 0.5234375 0.0828125 0.10859375
4 0.44453125 0.54609375 0.05234375 0.0765625
4 0.0515625 0.5421875 0.1 0.1265625
4 0.5953125 0.53359375 0.021875 0.02890625
4 0.8109375 0.571875 0.07421875 0.08046875
6 0.925 0.51171875 0.1484375 0.15546875
4 0.934375 0.653125 0.13046875 0.18046875
5 0.571875 0.55 0.01640625 0.0734375