4 0.36875 0.515625 0.0625 0.09140625
4 0.646875 0.4859375 0.0640625 0.084375
4 0.5203125 0.4671875 0.03046875 0.0390625
4 0.57890625 0.4703125 0.03984375 0.05
4 0.4046875 0.5046875 0.02265625 0.06640625
4 0.41328125 0.496875 0.021875 0.053125
4 0.43203125 0.48671875 0.0296875 0.04140625
4 0.44375 0.478125 0.02421875 0.0390625
4 0.4578125 0.47421875 0.01328125 0.0359375
4 0.46875 0.471875 0.0109375 0.0234375
4 0.478125 0.471875 0.009375 0.0265625
4 0.61015625 0.47890625 0.02421875 0.07109375
6 0.56015625 0.45390625 0.02890625 0.0625
4 0.4859375 0.46953125 0.00859375 0.0265625
4 0.5 0.4671875 0.0078125 0.025
4 0.53671875 0.4609375 0.01015625 0.02890625
4 0.9359375 0.515625 0.1265625 0.29140625
5 0.12421875 0.4953125 0.02421875 0.10859375