4 0.1671875 0.775 0.334375 0.446875
4 0.3921875 0.646875 0.15859375 0.19609375
4 0.3015625 0.578125 0.08203125 0.11796875
4 0.171875 0.5421875 0.10234375 0.03046875
6 0.04296875 0.53125 0.0859375 0.2515625
6 0.1359375 0.51875 0.0328125 0.03359375
4 0.6015625 0.521875 0.05234375 0.01640625
4 0.46640625 0.53203125 0.0421875 0.0234375
4 0.4140625 0.534375 0.040625 0.03046875
4 0.64921875 0.5203125 0.02578125 0.01640625
4 0.76796875 0.50546875 0.01953125 0.03046875
4 0.396875 0.54296875 0.0421875 0.02109375