4 0.95859375 0.6171875 0.0328125 0.02109375
4 0.9421875 0.61171875 0.01171875 0.015625
4 0.9265625 0.61953125 0.03671875 0.028125
6 0.8171875 0.62421875 0.04375 0.0375
4 0.7703125 0.615625 0.015625 0.01796875
4 0.7484375 0.61484375 0.025 0.02109375
4 0.70625 0.61796875 0.0265625 0.0140625
4 0.6515625 0.6375 0.03671875 0.05859375
4 0.534375 0.63359375 0.015625 0.01640625
4 0.42578125 0.64765625 0.0140625 0.0125
4 0.471875 0.64140625 0.0125 0.0140625
4 0.290625 0.64765625 0.0296875 0.015625
4 0.2625 0.65078125 0.0296875 0.015625
6 0.6203125 0.6453125 0.06328125 0.0734375