4 0.4265625 0.665625 0.06171875 0.0640625
4 0.4109375 0.6859375 0.0328125 0.05546875
4 0.384375 0.68984375 0.03984375 0.06640625
4 0.31953125 0.70078125 0.0984375 0.1140625
6 0.31640625 0.64296875 0.10078125 0.1140625
4 0.2171875 0.71015625 0.10625 0.11640625
4 0.0953125 0.69140625 0.028125 0.075
4 0.1765625 0.678125 0.03125 0.034375
4 0.46640625 0.6640625 0.01953125 0.034375
4 0.4859375 0.66796875 0.01953125 0.03046875
4 0.5609375 0.65 0.01484375 0.02109375
4 0.71171875 0.71015625 0.0375 0.10390625
4 0.6171875 0.71484375 0.16875 0.15859375
4 0.515625 0.703125 0.08359375 0.109375
5 0.1421875 0.79765625 0.08203125 0.4015625
5 0.890625 0.734375 0.0640625 0.2125
5 0.7140625 0.65 0.009375 0.03359375
5 0.71875 0.65703125 0.009375 0.0515625
5 0.72421875 0.66328125 0.01171875 0.059375
5 0.73671875 0.65625 0.0078125 0.0375
5 0.74296875 0.6546875 0.009375 0.034375
5 0.7703125 0.665625 0.0140625 0.05546875
5 0.4671875 0.6734375 0.0140625 0.05546875
5 0.1703125 0.675 0.0140625 0.03046875
4 0.0140625 0.7515625 0.028125 0.09375
5 0.021875 0.7125 0.02578125 0.0890625