5 0.503125 0.46796875 0.0296875 0.14140625
5 0.484375 0.46953125 0.01640625 0.1265625
5 0.46640625 0.46171875 0.03515625 0.15
5 0.44140625 0.46796875 0.040625 0.17109375
5 0.4078125 0.4734375 0.040625 0.159375
5 0.53203125 0.47265625 0.02578125 0.15390625
4 0.2375 0.41953125 0.06796875 0.14296875
4 0.1515625 0.4421875 0.05859375 0.06796875
4 0.12265625 0.4453125 0.0203125 0.046875
4 0.1046875 0.43828125 0.04921875 0.071875
4 0.059375 0.45078125 0.03515625 0.06640625
4 0.02265625 0.4484375 0.0421875 0.09609375
4 0.709375 0.490625 0.36640625 0.3
4 0.0328125 0.734375 0.06484375 0.41640625