5 0.02421875 0.46640625 0.03125 0.1265625
5 0.00625 0.4828125 0.0125 0.128125
5 0.93125 0.4296875 0.059375 0.2140625
5 0.9515625 0.46171875 0.025 0.09140625
5 0.2921875 0.42109375 0.01015625 0.05390625
5 0.71171875 0.39140625 0.0125 0.059375
5 0.68984375 0.40390625 0.0109375 0.059375
5 0.703125 0.3984375 0.01328125 0.05703125
5 0.6578125 0.3890625 0.0125 0.0375
5 0.6515625 0.396875 0.015625 0.0515625
5 0.284375 0.428125 0.01796875 0.05859375
5 0.2484375 0.425 0.01875 0.0734375
5 0.459375 0.41015625 0.01484375 0.06640625
5 0.6125 0.3984375 0.0140625 0.05390625
5 0.62578125 0.40078125 0.01015625 0.05859375
5 0.6328125 0.3984375 0.0078125 0.0515625
5 0.3328125 0.41875 0.015625 0.05546875
4 0.4390625 0.41328125 0.02109375 0.0390625
4 0.4515625 0.40234375 0.021875 0.04453125
4 0.478125 0.40546875 0.03984375 0.0625
4 0.50625 0.4078125 0.015625 0.04140625
4 0.51953125 0.40234375 0.01640625 0.0390625
4 0.5375 0.39140625 0.02421875 0.04296875
4 0.54921875 0.3890625 0.01171875 0.03203125
4 0.5546875 0.39140625 0.015625 0.02890625
4 0.5625 0.39140625 0.0125 0.02109375
4 0.5671875 0.3890625 0.01640625 0.0234375
4 0.58203125 0.39140625 0.01171875 0.01796875
4 0.596875 0.39609375 0.028125 0.04296875
4 0.94921875 0.37265625 0.1 0.0859375
4 0.984375 0.38984375 0.0296875 0.06953125
4 0.4140625 0.415625 0.04375 0.04453125
5 0.66875 0.3859375 0.0078125 0.034375