5 0.0625 0.62421875 0.040625 0.28359375
5 0.04375 0.62421875 0.028125 0.2375
4 0.5625 0.5125 0.0125 0.034375
4 0.57890625 0.51640625 0.03515625 0.05546875
4 0.5875 0.521875 0.0234375 0.05390625
4 0.60625 0.540625 0.0421875 0.1
4 0.6484375 0.546875 0.078125 0.15859375
4 0.54296875 0.52109375 0.0359375 0.0640625
4 0.51875 0.52890625 0.0234375 0.05546875
4 0.5 0.5375 0.0421875 0.084375
4 0.47109375 0.55546875 0.06328125 0.1125
4 0.44140625 0.56640625 0.08515625 0.1265625
4 0.36015625 0.615625 0.1640625 0.19609375
4 0.815625 0.64296875 0.3640625 0.56953125