4 0.5078125 0.53515625 0.01484375 0.01796875
4 0.54296875 0.53515625 0.01953125 0.025
4 0.59609375 0.540625 0.0140625 0.0265625
4 0.609375 0.5390625 0.01328125 0.0390625
4 0.4421875 0.53984375 0.0265625 0.028125
5 0.38359375 0.5515625 0.01328125 0.065625
4 0.3515625 0.553125 0.06953125 0.06953125
6 0.6375 0.5265625 0.04765625 0.084375
4 0.696875 0.5125 0.046875 0.03203125
4 0.6421875 0.546875 0.03984375 0.04453125
4 0.725 0.5390625 0.046875 0.065625
4 0.78203125 0.515625 0.053125 0.01953125
4 0.784375 0.546875 0.10859375 0.08046875
4 0.6828125 0.54765625 0.05859375 0.0625
4 0.8734375 0.553125 0.21796875 0.13203125