5 0.690625 0.590625 0.01484375 0.07109375
5 0.6734375 0.58359375 0.01953125 0.06640625
4 0.5609375 0.53828125 0.003125 0.015625
4 0.3953125 0.56015625 0.01640625 0.040625
4 0.5265625 0.565625 0.015625 0.021875
4 0.4171875 0.56484375 0.0421875 0.0640625
4 0.54921875 0.5671875 0.0203125 0.025
4 0.6390625 0.57890625 0.04921875 0.0609375
4 0.7859375 0.60625 0.10625 0.125
4 0.165625 0.62578125 0.33046875 0.375
4 0.4796875 0.57734375 0.08125 0.15703125
6 0.9015625 0.615625 0.19453125 0.19140625
5 0.36875 0.56328125 0.0046875 0.021875
5 0.340625 0.56015625 0.00546875 0.0390625
5 0.3484375 0.55625 0.00546875 0.028125