4 0.41875 0.353125 0.009375 0.02109375
4 0.4265625 0.35703125 0.01484375 0.025
4 0.4390625 0.3625 0.0125 0.025
4 0.4484375 0.36875 0.0171875 0.025
4 0.45859375 0.35859375 0.01015625 0.0109375
4 0.46875 0.36171875 0.009375 0.015625
4 0.4796875 0.36484375 0.0125 0.01640625
4 0.6015625 0.38515625 0.0171875 0.028125
4 0.6328125 0.421875 0.071875 0.090625
6 0.52265625 0.3765625 0.028125 0.05390625
6 0.4390625 0.34375 0.015625 0.0265625
6 0.640625 0.35703125 0.0609375 0.05546875
4 0.1828125 0.4390625 0.16171875 0.171875
4 0.4734375 0.46796875 0.11484375 0.17109375
4 0.88125 0.540625 0.23515625 0.275