5 0.5984375 0.55703125 0.00859375 0.03359375
5 0.60703125 0.5765625 0.01171875 0.071875
5 0.55625 0.54375 0.00703125 0.01640625
4 0.2328125 0.546875 0.02265625 0.040625
4 0.2953125 0.546875 0.0203125 0.02890625
4 0.184375 0.54609375 0.07734375 0.10546875
4 0.121875 0.56484375 0.0765625 0.0875
4 0.04765625 0.56796875 0.0953125 0.128125
4 0.425 0.5265625 0.01015625 0.0125
4 0.446875 0.53359375 0.009375 0.009375
4 0.46171875 0.54921875 0.00859375 0.0125
4 0.4671875 0.55390625 0.01015625 0.021875
4 0.49765625 0.55625 0.0125 0.03203125
4 0.5140625 0.559375 0.021875 0.04609375
4 0.4296875 0.54921875 0.0203125 0.03359375
4 0.2625 0.56796875 0.06640625 0.0859375
4 0.540625 0.565625 0.046875 0.0625
4 0.4515625 0.55234375 0.01953125 0.02109375
4 0.36171875 0.55625 0.115625 0.20859375
5 0.92421875 0.5875 0.021875 0.15546875
5 0.83515625 0.61640625 0.04921875 0.1984375