5 0.82109375 0.67265625 0.040625 0.146875
5 0.8 0.653125 0.03828125 0.17109375
5 0.978125 0.68125 0.04140625 0.18359375
5 0.73984375 0.63515625 0.01328125 0.06796875
5 0.71640625 0.625 0.0140625 0.0640625
5 0.6234375 0.6296875 0.0171875 0.05859375
5 0.3546875 0.6234375 0.01015625 0.046875
5 0.33515625 0.625 0.01484375 0.0625
5 0.31875 0.61953125 0.01640625 0.07109375
5 0.2984375 0.61796875 0.01328125 0.07109375
5 0.2875 0.61015625 0.01484375 0.08359375
5 0.31171875 0.61484375 0.0125 0.07109375
5 0.2234375 0.61484375 0.01015625 0.07109375
5 0.23125 0.6203125 0.00859375 0.059375
5 0.20703125 0.59609375 0.0140625 0.0390625
4 0.6015625 0.61875 0.02265625 0.03046875
4 0.803125 0.64375 0.121875 0.065625
5 0.76875 0.61171875 0.01328125 0.0359375
4 0.9515625 0.646875 0.09453125 0.075
4 0.471875 0.69765625 0.203125 0.3375
4 0.121875 0.7 0.24296875 0.396875