5 0.4828125 0.6375 0.0125 0.071875
5 0.471875 0.640625 0.009375 0.05390625
5 0.3203125 0.6375 0.01015625 0.0390625
5 0.315625 0.63203125 0.00703125 0.046875
5 0.9703125 0.65390625 0.05625 0.315625
4 0.86015625 0.6640625 0.21171875 0.1484375
4 0.271875 0.63359375 0.01484375 0.0265625
4 0.25625 0.634375 0.01953125 0.03359375
4 0.24296875 0.64375 0.0171875 0.034375
4 0.228125 0.64765625 0.01640625 0.034375
4 0.2171875 0.653125 0.01875 0.04140625
4 0.31015625 0.63515625 0.01015625 0.01796875
4 0.32890625 0.63125 0.01015625 0.021875
4 0.33515625 0.6359375 0.01171875 0.025
4 0.346875 0.63828125 0.01875 0.04140625
4 0.3546875 0.64140625 0.0125 0.0390625
4 0.36015625 0.63984375 0.01484375 0.0515625
4 0.3671875 0.64609375 0.01953125 0.0640625
4 0.375 0.65703125 0.0171875 0.0625
4 0.3875 0.66328125 0.02578125 0.078125
4 0.1171875 0.678125 0.04609375 0.0859375
4 0.4203125 0.66953125 0.07109375 0.096875
4 0.19453125 0.65859375 0.04140625 0.05
6 0.059375 0.68203125 0.11796875 0.1140625