5 0.3125 0.4171875 0.01328125 0.04453125
5 0.234375 0.43203125 0.01171875 0.01796875
5 0.5890625 0.42421875 0.01015625 0.05546875
5 0.58125 0.428125 0.01328125 0.065625
4 0.215625 0.4203125 0.04453125 0.04140625
4 0.26015625 0.42421875 0.01640625 0.03359375
4 0.26953125 0.409375 0.01484375 0.01640625
4 0.4578125 0.4109375 0.0203125 0.03203125
4 0.4328125 0.41953125 0.028125 0.04296875
4 0.49375 0.41328125 0.021875 0.0359375
4 0.5234375 0.40625 0.02890625 0.03203125
4 0.5828125 0.41328125 0.065625 0.0734375
4 0.6359375 0.4 0.01171875 0.01953125
4 0.65078125 0.40234375 0.01328125 0.0234375
4 0.6671875 0.39609375 0.009375 0.01953125
4 0.6765625 0.40625 0.01953125 0.034375
4 0.696875 0.40078125 0.01328125 0.0265625
4 0.703125 0.40703125 0.0140625 0.0234375
4 0.715625 0.40625 0.01640625 0.03046875
4 0.7484375 0.41484375 0.01171875 0.03203125
4 0.7640625 0.4140625 0.02578125 0.0515625
4 0.7765625 0.41875 0.0390625 0.0515625
4 0.725 0.41640625 0.02421875 0.02890625
4 0.8359375 0.44296875 0.05234375 0.0734375
4 0.86484375 0.45390625 0.0625 0.065625
4 0.90234375 0.46640625 0.05859375 0.084375
4 0.95390625 0.471875 0.0875 0.11953125
4 0.978125 0.49453125 0.04140625 0.115625