5 0.8546875 0.48125 0.02734375 0.103125
5 0.9046875 0.48203125 0.0234375 0.09140625
5 0.9609375 0.46640625 0.02890625 0.1125
5 0.946875 0.459375 0.02265625 0.09296875
5 0.93125 0.415625 0.01015625 0.0234375
5 0.9265625 0.4625 0.02265625 0.10859375
5 0.9140625 0.465625 0.01875 0.109375
5 0.88203125 0.46953125 0.0234375 0.1125
5 0.8703125 0.4734375 0.0265625 0.09296875
5 0.84140625 0.4703125 0.02109375 0.09609375
5 0.9796875 0.478125 0.01875 0.11640625
5 0.990625 0.471875 0.0171875 0.140625
5 0.27578125 0.46796875 0.015625 0.040625
4 0.534375 0.4578125 0.03046875 0.04140625
4 0.52109375 0.4625 0.034375 0.0609375
4 0.4953125 0.48125 0.04609375 0.0890625
4 0.4671875 0.484375 0.03671875 0.109375
4 0.31875 0.50703125 0.1 0.121875
4 0.5640625 0.4609375 0.0171875 0.04453125
4 0.6390625 0.465625 0.0234375 0.03046875
4 0.65625 0.46640625 0.02109375 0.0515625
4 0.6796875 0.471875 0.04609375 0.07890625
4 0.740625 0.47734375 0.1078125 0.1390625
4 0.59375 0.4796875 0.07109375 0.1234375
4 0.40625 0.50703125 0.134375 0.15
4 0.146875 0.578125 0.29375 0.371875