4 0.07421875 0.159375 0.14375 0.259375
4 0.1734375 0.1296875 0.1 0.159375
4 0.23046875 0.11328125 0.04765625 0.10390625
4 0.2625 0.10234375 0.04296875 0.08203125
4 0.2875 0.09921875 0.02421875 0.065625
4 0.303125 0.09375 0.01953125 0.0625
4 0.3171875 0.08671875 0.02109375 0.05703125
4 0.3296875 0.084375 0.015625 0.02890625
4 0.95 0.4734375 0.0953125 0.3375
4 0.82578125 0.26640625 0.33984375 0.375
4 0.6296875 0.171875 0.1515625 0.2
4 0.55 0.13671875 0.09375 0.1515625
4 0.4828125 0.1125 0.0515625 0.071875
4 0.465625 0.09921875 0.04296875 0.065625
4 0.4390625 0.0984375 0.0140625 0.0359375
4 0.43125 0.084375 0.01953125 0.0265625
4 0.3671875 0.08671875 0.021875 0.034375
4 0.3984375 0.10078125 0.04765625 0.07890625
6 0.39765625 0.05859375 0.028125 0.021875
6 0.321875 0.053125 0.03203125 0.0265625