4 0.38203125 0.50703125 0.1359375 0.1609375
4 0.484375 0.446875 0.03828125 0.06640625
4 0.09375 0.5046875 0.1875 0.146875
4 0.2671875 0.440625 0.02734375 0.0359375
4 0.3078125 0.459375 0.06796875 0.0859375
4 0.4625 0.4375 0.01796875 0.0390625
4 0.4421875 0.446875 0.0375 0.05546875
4 0.51953125 0.4234375 0.0125 0.02109375
4 0.50703125 0.43046875 0.0171875 0.03046875
4 0.50625 0.44375 0.0125 0.02890625
4 0.54140625 0.446875 0.02890625 0.07890625
4 0.56875 0.46484375 0.06796875 0.109375
5 0.60625 0.484375 0.0265625 0.1625
5 0.66875 0.48515625 0.0296875 0.165625
5 0.7296875 0.47734375 0.02421875 0.153125
5 0.765625 0.46875 0.0265625 0.1484375
5 0.86796875 0.484375 0.04375 0.20859375
5 0.71015625 0.44609375 0.0171875 0.090625
5 0.25234375 0.44140625 0.009375 0.025
5 0.2453125 0.44296875 0.009375 0.0265625
5 0.21640625 0.44375 0.0078125 0.03203125
5 0.21171875 0.44375 0.0078125 0.03203125
5 0.2046875 0.446875 0.009375 0.03046875
5 0.196875 0.4453125 0.01015625 0.03046875