4 0.278125 0.403125 0.0234375 0.01796875
4 0.3 0.3984375 0.0171875 0.01796875
4 0.31640625 0.396875 0.015625 0.0140625
4 0.3390625 0.396875 0.01328125 0.0140625
4 0.25 0.40546875 0.034375 0.025
4 0.19375 0.409375 0.05 0.034375
4 0.1453125 0.415625 0.03046875 0.0234375
4 0.075 0.42109375 0.05546875 0.034375
4 0.4359375 0.3953125 0.01484375 0.02109375
4 0.42265625 0.39453125 0.01484375 0.028125
6 0.4484375 0.39765625 0.015625 0.040625
6 0.496875 0.37109375 0.05 0.0984375
4 0.57890625 0.3859375 0.0234375 0.0265625
4 0.571875 0.40703125 0.025 0.034375
4 0.709375 0.40703125 0.05703125 0.09609375
4 0.75703125 0.40234375 0.0421875 0.0484375
4 0.7953125 0.4015625 0.034375 0.04140625
6 0.0546875 0.3984375 0.09453125 0.075
4 0.00390625 0.4203125 0.0078125 0.0515625
4 0.971875 0.4015625 0.05546875 0.07109375
4 0.396875 0.4234375 0.06484375 0.0859375
4 0.53359375 0.41015625 0.059375 0.075
4 0.4640625 0.4015625 0.03671875 0.0515625
4 0.64921875 0.44921875 0.16953125 0.1765625
6 0.8921875 0.41640625 0.17265625 0.12890625