4 0.31875 0.36640625 0.0078125 0.0125
4 0.3203125 0.38125 0.009375 0.00703125
4 0.34375 0.37109375 0.00859375 0.0140625
4 0.32890625 0.3640625 0.00859375 0.0140625
4 0.33046875 0.3765625 0.009375 0.009375
4 0.33046875 0.38359375 0.009375 0.0140625
4 0.3515625 0.37421875 0.0109375 0.02109375
4 0.3484375 0.3875 0.0171875 0.01953125
4 0.3109375 0.41171875 0.009375 0.021875
4 0.31484375 0.41171875 0.009375 0.021875
4 0.328125 0.4140625 0.02109375 0.04140625
4 0.3703125 0.41328125 0.0109375 0.02890625
4 0.3046875 0.40625 0.00546875 0.0265625
6 0.2890625 0.3984375 0.025 0.05546875
4 0.2828125 0.41953125 0.01484375 0.03046875
4 0.2671875 0.42578125 0.03203125 0.0890625
6 0.39375 0.403125 0.03125 0.075
4 0.353125 0.42265625 0.0359375 0.0484375
4 0.46640625 0.4640625 0.178125 0.2265625
4 0.6109375 0.421875 0.03203125 0.015625
6 0.81875 0.321875 0.3578125 0.3984375
4 0.13125 0.421875 0.26015625 0.50859375