5 0.2328125 0.5359375 0.0171875 0.08046875
5 0.1890625 0.53828125 0.0171875 0.09296875
5 0.19453125 0.51640625 0.0125 0.05390625
5 0.109375 0.540625 0.028125 0.121875
4 0.0234375 0.51640625 0.03046875 0.06796875
4 0.1296875 0.540625 0.03046875 0.046875
4 0.1921875 0.53984375 0.0734375 0.04609375
4 0.2875 0.52421875 0.01875 0.025
4 0.2984375 0.515625 0.009375 0.015625
4 0.54140625 0.509375 0.02109375 0.021875
4 0.6328125 0.56796875 0.17109375 0.196875
4 0.4625 0.70859375 0.30859375 0.43359375
4 0.840625 0.6421875 0.3140625 0.52109375
5 0.1046875 0.51015625 0.0140625 0.05390625