6 0.4421875 0.41796875 0.03671875 0.07890625
6 0.3953125 0.425 0.06328125 0.11953125
4 0.3609375 0.4765625 0.08984375 0.1109375
4 0.18125 0.52265625 0.2328125 0.20859375
4 0.5171875 0.46171875 0.0703125 0.1015625
6 0.5625 0.41796875 0.015625 0.065625
6 0.5734375 0.415625 0.01796875 0.07109375
6 0.6015625 0.41796875 0.046875 0.09140625
4 0.6109375 0.43984375 0.04921875 0.065625
6 0.6859375 0.4015625 0.075 0.196875
6 0.80390625 0.39140625 0.19765625 0.31640625
6 0.92578125 0.371875 0.14375 0.49296875