5 0.0234375 0.45625 0.028125 0.06640625
5 0.08515625 0.46484375 0.01875 0.0734375
5 0.065625 0.46484375 0.0203125 0.0734375
5 0.0046875 0.45546875 0.009375 0.05
5 0.79375 0.415625 0.01484375 0.06953125
5 0.771875 0.41328125 0.0203125 0.07109375
5 0.7234375 0.41640625 0.015625 0.07109375
5 0.7125 0.41796875 0.015625 0.0734375
5 0.6390625 0.42578125 0.0125 0.05390625
5 0.66953125 0.4296875 0.0140625 0.07109375
5 0.8 0.41015625 0.01796875 0.08046875
5 0.765625 0.41015625 0.0140625 0.065625
5 0.709375 0.41796875 0.01015625 0.0734375
5 0.7 0.41953125 0.01484375 0.0734375
5 0.67734375 0.42734375 0.0125 0.065625
5 0.646875 0.421875 0.0140625 0.0609375
5 0.62578125 0.415625 0.00859375 0.03359375
4 0.48125 0.41796875 0.01171875 0.02109375
4 0.49453125 0.415625 0.01171875 0.01640625
4 0.46953125 0.428125 0.0234375 0.04140625
4 0.509375 0.415625 0.01015625 0.01640625
4 0.51640625 0.415625 0.009375 0.015625
4 0.521875 0.415625 0.01171875 0.01640625
4 0.53125 0.41953125 0.0125 0.028125
4 0.5390625 0.42265625 0.01484375 0.0265625
4 0.546875 0.42421875 0.01015625 0.03046875
4 0.434375 0.43125 0.01484375 0.028125
4 0.415625 0.434375 0.0296875 0.0390625
4 0.4 0.440625 0.0125 0.03203125
4 0.39375 0.4421875 0.0171875 0.03203125
4 0.38203125 0.440625 0.021875 0.04453125
4 0.3703125 0.44296875 0.028125 0.04140625
4 0.35546875 0.446875 0.0203125 0.053125
4 0.553125 0.42421875 0.0171875 0.03359375
4 0.18125 0.465625 0.071875 0.134375
4 0.26875 0.45546875 0.11640625 0.1734375
4 0.45390625 0.43984375 0.0375 0.053125
4 0.5890625 0.43359375 0.078125 0.0984375
4 0.02734375 0.56484375 0.0546875 0.17890625
4 0.91640625 0.48359375 0.165625 0.215625
5 0.990625 0.359375 0.01796875 0.03203125
5 0.9734375 0.359375 0.0234375 0.04140625
5 0.9484375 0.35859375 0.028125 0.04140625
4 0.3359375 0.453125 0.03046875 0.04609375