4 0.31484375 0.421875 0.01484375 0.0375
4 0.28828125 0.4203125 0.01796875 0.04453125
4 0.2765625 0.44296875 0.04140625 0.084375
4 0.371875 0.39765625 0.01328125 0.02109375
4 0.3625 0.396875 0.01640625 0.02890625
4 0.3484375 0.40390625 0.01953125 0.02890625
4 0.33203125 0.403125 0.01953125 0.03203125
4 0.3421875 0.44921875 0.05234375 0.09296875
6 0.3046875 0.39921875 0.0328125 0.05
6 0.1171875 0.44453125 0.08203125 0.12890625
6 0.040625 0.42421875 0.08046875 0.328125
4 0.27109375 0.4796875 0.03984375 0.1
4 0.425 0.49609375 0.1875 0.21640625
4 0.74296875 0.58203125 0.5109375 0.575
4 0.20390625 0.4734375 0.14921875 0.2359375