4 0.271875 0.34765625 0.01640625 0.025
4 0.24375 0.340625 0.01640625 0.021875
4 0.225 0.3421875 0.01640625 0.01796875
4 0.22890625 0.36015625 0.0265625 0.03203125
4 0.2078125 0.35703125 0.0265625 0.04296875
4 0.196875 0.36015625 0.04296875 0.04453125
4 0.165625 0.3625 0.08203125 0.040625
4 0.121875 0.36015625 0.02265625 0.0265625
4 0.1078125 0.346875 0.00859375 0.021875
4 0.08125 0.35078125 0.040625 0.03359375
4 0.0328125 0.365625 0.06328125 0.04453125
4 0.021875 0.371875 0.04375 0.05
4 0.44375 0.32890625 0.01640625 0.0265625
4 0.42421875 0.33125 0.0328125 0.040625
4 0.8015625 0.25234375 0.0203125 0.02890625
4 0.6890625 0.29453125 0.0140625 0.02109375
4 0.56640625 0.31328125 0.02265625 0.03203125
4 0.4734375 0.31796875 0.03046875 0.03203125
5 0.52734375 0.3265625 0.01484375 0.046875
5 0.6734375 0.3015625 0.00859375 0.04296875
5 0.6640625 0.29921875 0.0078125 0.02890625