4 0.440625 0.50703125 0.00859375 0.0125
4 0.42890625 0.503125 0.0078125 0.009375
4 0.41875 0.5015625 0.0078125 0.0125
4 0.4140625 0.50625 0.0078125 0.009375
4 0.40390625 0.503125 0.00859375 0.00859375
4 0.409375 0.51875 0.01640625 0.03359375
4 0.4484375 0.5140625 0.01328125 0.01953125
4 0.4640625 0.52734375 0.01484375 0.0234375
4 0.4765625 0.53125 0.01875 0.03359375
4 0.49140625 0.534375 0.01953125 0.0484375
4 0.509375 0.5390625 0.03671875 0.05546875
4 0.54921875 0.5515625 0.06171875 0.08359375
4 0.609375 0.56875 0.09453125 0.1140625
4 0.6578125 0.6078125 0.103125 0.1375
4 0.43125 0.521875 0.015625 0.03046875
4 0.40390625 0.5203125 0.0109375 0.02109375
4 0.37109375 0.51484375 0.02421875 0.0375
4 0.3546875 0.509375 0.01171875 0.02109375
4 0.2890625 0.49296875 0.01328125 0.0125
4 0.2578125 0.49375 0.01328125 0.0140625
4 0.27109375 0.49453125 0.01328125 0.015625
4 0.2796875 0.503125 0.01875 0.01953125
4 0.23203125 0.50625 0.03125 0.034375
4 0.259375 0.51484375 0.02265625 0.028125
4 0.3 0.49375 0.01328125 0.02109375
5 0.10625 0.4921875 0.009375 0.028125
5 0.1171875 0.49609375 0.009375 0.028125
5 0.075 0.49375 0.009375 0.04140625
5 0.0828125 0.50078125 0.00859375 0.028125
5 0.0671875 0.49765625 0.00703125 0.02890625
5 0.6640625 0.53125 0.009375 0.01953125
4 0.3828125 0.53046875 0.0359375 0.0484375
4 0.8265625 0.6515625 0.31484375 0.315625
4 0.9859375 0.640625 0.02421875 0.125