4 0.5125 0.37109375 0.01015625 0.02109375
4 0.4375 0.34453125 0.07890625 0.0125
6 0.2578125 0.36171875 0.01796875 0.046875
4 0.2390625 0.365625 0.01875 0.028125
4 0.2171875 0.3671875 0.021875 0.03046875
4 0.19765625 0.36796875 0.0171875 0.03203125
4 0.1765625 0.3703125 0.021875 0.028125
4 0.15625 0.37109375 0.015625 0.03359375
4 0.1375 0.3703125 0.0171875 0.0359375
4 0.11171875 0.3703125 0.01796875 0.0359375
4 0.084375 0.36953125 0.0234375 0.034375
4 0.0140625 0.371875 0.0265625 0.028125
4 0.4078125 0.56875 0.34609375 0.44140625
6 0.83125 0.38984375 0.33359375 0.77890625
5 0.55703125 0.36953125 0.00390625 0.025
5 0.5625 0.375 0.00390625 0.025
5 0.5453125 0.371875 0.00546875 0.0265625
5 0.5375 0.37421875 0.00390625 0.021875
6 0.2859375 0.3671875 0.0171875 0.02109375
4 0.31484375 0.3625 0.0203125 0.02109375
4 0.2734375 0.3703125 0.0125 0.028125