4 0.021875 0.690625 0.04296875 0.09296875
5 0.2546875 0.69296875 0.01484375 0.078125
5 0.2390625 0.690625 0.0125 0.0890625
5 0.846875 0.715625 0.01875 0.07109375
5 0.66015625 0.709375 0.00859375 0.03359375
5 0.6484375 0.71640625 0.00546875 0.028125
5 0.62890625 0.71015625 0.00625 0.0375
5 0.63828125 0.709375 0.009375 0.040625
4 0.4875 0.68515625 0.01640625 0.009375
4 0.4921875 0.6953125 0.01796875 0.01796875
4 0.5125 0.6984375 0.01875 0.021875
4 0.5171875 0.68984375 0.0140625 0.0140625
4 0.4765625 0.69609375 0.02109375 0.01953125
4 0.44765625 0.68984375 0.01484375 0.01953125
4 0.434375 0.6859375 0.0109375 0.0140625
4 0.4234375 0.68984375 0.01171875 0.0140625
4 0.403125 0.69296875 0.01015625 0.015625
4 0.390625 0.6828125 0.00859375 0.015625
4 0.4015625 0.68125 0.0109375 0.0125
4 0.57109375 0.70859375 0.01484375 0.0359375
4 0.5921875 0.715625 0.04296875 0.07109375
4 0.7203125 0.73046875 0.0875 0.1265625
6 0.534375 0.69375 0.0296875 0.053125