5 0.6453125 0.4359375 0.021875 0.1390625
5 0.69140625 0.45234375 0.03828125 0.2359375
5 0.721875 0.453125 0.0328125 0.2015625
5 0.7515625 0.44921875 0.04453125 0.20390625
5 0.7859375 0.45390625 0.05546875 0.240625
5 0.95625 0.46875 0.0796875 0.3234375
5 0.009375 0.4421875 0.01640625 0.109375
5 0.3265625 0.4234375 0.00703125 0.02109375
4 0.3453125 0.41640625 0.01875 0.03046875
4 0.32578125 0.41640625 0.0171875 0.01953125
6 0.18125 0.40234375 0.06796875 0.1140625
6 0.08984375 0.40390625 0.140625 0.14609375
6 0.496875 0.3 0.28828125 0.6