4 0.4390625 0.51171875 0.0125 0.0125
4 0.475 0.5125 0.01875 0.009375
4 0.4984375 0.5328125 0.01875 0.04140625
4 0.51875 0.5375 0.028125 0.04296875
4 0.4171875 0.53046875 0.01953125 0.04609375
4 0.3953125 0.53125 0.0234375 0.0390625
4 0.3828125 0.528125 0.0125 0.025
4 0.36640625 0.53046875 0.01484375 0.02109375
4 0.35 0.528125 0.01953125 0.025
4 0.34140625 0.53046875 0.0234375 0.02890625
4 0.32734375 0.53515625 0.01875 0.03046875
4 0.303125 0.54296875 0.03046875 0.0375
4 0.26875 0.5515625 0.0421875 0.04609375
4 0.4609375 0.5765625 0.09375 0.12890625
5 0.5859375 0.53671875 0.01171875 0.05
5 0.553125 0.534375 0.0078125 0.04140625
5 0.5625 0.5328125 0.00703125 0.03359375
5 0.54609375 0.534375 0.0046875 0.04609375
5 0.7328125 0.5625 0.01015625 0.071875
5 0.7234375 0.56171875 0.01171875 0.06640625
5 0.740625 0.5703125 0.01015625 0.04140625
5 0.6546875 0.54296875 0.01015625 0.0625
5 0.53671875 0.5328125 0.00703125 0.04140625
5 0.13203125 0.53671875 0.01171875 0.025
5 0.0859375 0.55859375 0.0078125 0.0640625
5 0.075 0.55390625 0.01015625 0.0640625
5 0.0953125 0.55390625 0.009375 0.046875
5 0.22421875 0.5453125 0.009375 0.04140625
4 0.00625 0.659375 0.0125 0.196875
4 0.859375 0.63359375 0.2796875 0.334375
5 0.64140625 0.528125 0.0078125 0.03359375
5 0.5953125 0.53359375 0.01015625 0.0515625
5 0.01953125 0.56875 0.01640625 0.10546875
5 0.1625 0.55 0.01015625 0.0640625
5 0.17734375 0.5453125 0.009375 0.05
5 0.1984375 0.5453125 0.01015625 0.04140625