5 0.04375 0.49296875 0.0203125 0.05546875
5 0.0078125 0.5046875 0.01328125 0.084375
5 0.015625 0.5015625 0.01875 0.071875
5 0.0515625 0.45390625 0.01484375 0.021875
5 0.0640625 0.478125 0.009375 0.0265625
5 0.0921875 0.4734375 0.02578125 0.0359375
5 0.1203125 0.47890625 0.0125 0.01953125
5 0.3171875 0.553125 0.0328125 0.1234375
4 0.9375 0.790625 0.12421875 0.32109375
4 0.096875 0.56640625 0.19375 0.165625
4 0.86953125 0.6265625 0.2296875 0.2015625
4 0.9859375 0.64921875 0.02734375 0.02890625
4 0.21796875 0.52421875 0.13125 0.1875
4 0.30078125 0.52265625 0.0453125 0.1359375
4 0.3375 0.540625 0.02890625 0.08046875
4 0.35625 0.55 0.01875 0.0625
4 0.37109375 0.5546875 0.021875 0.0484375
6 0.39296875 0.52265625 0.0328125 0.04296875
6 0.415625 0.51953125 0.009375 0.021875
6 0.4625 0.5375 0.01640625 0.0234375
6 0.44140625 0.528125 0.01484375 0.01953125
4 0.4078125 0.559375 0.04609375 0.05859375
4 0.5953125 0.603125 0.165625 0.28203125
4 0.43125 0.55 0.0203125 0.0484375
6 0.51875 0.5421875 0.03515625 0.1265625
4 0.4921875 0.56640625 0.01875 0.0484375
4 0.7296875 0.596875 0.11171875 0.12890625
4 0.4734375 0.55703125 0.01640625 0.02890625