4 0.47734375 0.51953125 0.0640625 0.09609375
6 0.36328125 0.4796875 0.02734375 0.06796875
6 0.2890625 0.49375 0.01953125 0.0890625
6 0.321875 0.4796875 0.06171875 0.11640625
4 0.33046875 0.515625 0.04765625 0.078125
4 0.2421875 0.51484375 0.09375 0.1609375
4 0.5984375 0.5296875 0.034375 0.0640625
4 0.65625 0.5265625 0.0984375 0.06796875
4 0.5484375 0.54296875 0.1125 0.10703125
4 0.39921875 0.52578125 0.09765625 0.14140625
4 0.16171875 0.60859375 0.2390625 0.290625
4 0.7828125 0.565625 0.43359375 0.7359375