4 0.84921875 0.61328125 0.3 0.4265625
4 0.01328125 0.58671875 0.0265625 0.06640625
4 0.24375 0.540625 0.040625 0.04140625
4 0.1140625 0.56640625 0.03046875 0.0609375
4 0.0890625 0.571875 0.046875 0.0609375
4 0.03984375 0.57421875 0.06640625 0.075
4 0.378125 0.52890625 0.0265625 0.0390625
4 0.27421875 0.5546875 0.04296875 0.0859375
4 0.3203125 0.58125 0.1 0.13046875
4 0.4 0.534375 0.01796875 0.028125
5 0.4328125 0.525 0.0125 0.05703125
5 0.4671875 0.54921875 0.01015625 0.053125
5 0.47421875 0.546875 0.0125 0.0609375
5 0.578125 0.54765625 0.0203125 0.06953125
4 0.5359375 0.57890625 0.0859375 0.096875