5 0.3984375 0.52421875 0.03203125 0.128125
5 0.3546875 0.51953125 0.0359375 0.1125
5 0.32734375 0.51484375 0.034375 0.128125
5 0.45 0.525 0.01171875 0.07109375
5 0.459375 0.521875 0.01875 0.0765625
5 0.4953125 0.51796875 0.0171875 0.084375
5 0.5140625 0.521875 0.01015625 0.0515625
5 0.521875 0.528125 0.0140625 0.0484375
5 0.9125 0.59609375 0.02578125 0.1125
5 0.88984375 0.58203125 0.0328125 0.140625
5 0.8703125 0.575 0.02734375 0.13203125
5 0.8328125 0.53984375 0.02734375 0.0765625
5 0.98125 0.63828125 0.03359375 0.2125
5 0.521875 0.53203125 0.01640625 0.10703125
5 0.425 0.51328125 0.03125 0.07890625
5 0.47734375 0.52421875 0.03046875 0.096875
4 0.61328125 0.534375 0.05859375 0.0765625
4 0.58046875 0.53046875 0.015625 0.05859375
4 0.5671875 0.534375 0.0171875 0.06640625
4 0.55390625 0.53203125 0.02578125 0.07109375
4 0.3578125 0.52890625 0.065625 0.0609375
4 0.97421875 0.5671875 0.05 0.10703125
4 0.75234375 0.6453125 0.2453125 0.31796875
6 0.19375 0.5078125 0.38515625 0.8734375
5 0.6703125 0.51796875 0.0109375 0.0484375
5 0.65546875 0.53359375 0.015625 0.078125