4 0.4 0.38359375 0.0125 0.03203125
4 0.30546875 0.390625 0.0671875 0.0875
4 0.33828125 0.403125 0.046875 0.0765625
4 0.3625 0.4109375 0.06796875 0.1140625
4 0.4828125 0.38515625 0.03671875 0.04453125
4 0.2359375 0.4125 0.0796875 0.084375
4 0.153125 0.4203125 0.090625 0.08359375
4 0.05625 0.43671875 0.11171875 0.165625
5 0.54921875 0.3875 0.0125 0.05
5 0.59375 0.396875 0.01875 0.08046875
5 0.60625 0.39296875 0.02109375 0.09140625
4 0.44375 0.45703125 0.12734375 0.196875
6 0.8484375 0.42734375 0.29921875 0.85