4 0.18671875 0.4390625 0.08828125 0.075
4 0.27265625 0.446875 0.04296875 0.053125
4 0.30859375 0.4484375 0.03125 0.046875
4 0.33515625 0.4484375 0.02421875 0.046875
4 0.35625 0.446875 0.015625 0.0359375
4 0.375 0.446875 0.02421875 0.03359375
4 0.3921875 0.45390625 0.01796875 0.03203125
4 0.40546875 0.45859375 0.0140625 0.028125
4 0.4234375 0.45625 0.0203125 0.0234375
4 0.6984375 0.5125 0.1578125 0.14453125
4 0.4640625 0.45390625 0.015625 0.04453125
5 0.08125 0.41328125 0.015625 0.07109375
6 0.621875 0.453125 0.11875 0.1484375
4 0.52890625 0.51875 0.14375 0.2125