4 0.909375 0.52109375 0.0515625 0.0484375
4 0.8109375 0.5125 0.03984375 0.0484375
4 0.85703125 0.5125 0.05 0.05703125
5 0.7765625 0.52421875 0.01328125 0.09296875
5 0.759375 0.51328125 0.01796875 0.1015625
4 0.45625 0.4671875 0.01171875 0.0109375
4 0.459375 0.47890625 0.0109375 0.015625
4 0.4703125 0.484375 0.01328125 0.02890625
4 0.48125 0.49296875 0.01328125 0.02890625
4 0.490625 0.5015625 0.01640625 0.03359375
4 0.5125 0.496875 0.03359375 0.05546875
4 0.4578125 0.50078125 0.01875 0.028125
4 0.5625 0.490625 0.0296875 0.03359375
4 0.5453125 0.515625 0.04296875 0.05703125
4 0.44375 0.4859375 0.01328125 0.028125
4 0.33359375 0.55859375 0.2484375 0.26953125