5 0.2234375 0.35234375 0.01953125 0.084375
5 0.1796875 0.34375 0.015625 0.06796875
5 0.1703125 0.3671875 0.01875 0.08203125
5 0.15703125 0.3484375 0.02109375 0.09609375
5 0.14140625 0.34609375 0.01875 0.09140625
5 0.12890625 0.33671875 0.0171875 0.1015625
5 0.1078125 0.3109375 0.01953125 0.04453125
5 0.8828125 0.446875 0.02265625 0.071875
5 0.86640625 0.43984375 0.015625 0.06796875
5 0.8515625 0.434375 0.01953125 0.065625
5 0.82890625 0.43203125 0.0171875 0.065625
5 0.8125 0.43203125 0.01875 0.0609375
5 0.946875 0.45390625 0.02109375 0.0640625
4 0.5140625 0.39140625 0.02109375 0.046875
4 0.7 0.4328125 0.034375 0.13359375
4 0.4953125 0.3859375 0.02265625 0.0640625
4 0.4625 0.38359375 0.05 0.1015625
4 0.5609375 0.40234375 0.05546875 0.0859375
4 0.3046875 0.38828125 0.115625 0.13359375
4 0.409375 0.41171875 0.10390625 0.11953125
4 0.63515625 0.45625 0.14140625 0.21796875
6 0.553125 0.34140625 0.04453125 0.0484375
4 0.09453125 0.475 0.1890625 0.61640625