4 0.33984375 0.515625 0.034375 0.0234375
4 0.8140625 0.52890625 0.11171875 0.05
6 0.1203125 0.4828125 0.23984375 0.23515625
4 0.44140625 0.50859375 0.0109375 0.0125
6 0.5 0.50546875 0.02265625 0.03359375
5 0.46875 0.5078125 0.0046875 0.01875
5 0.6421875 0.51171875 0.00859375 0.0390625
5 0.6078125 0.51015625 0.00546875 0.0328125
5 0.721875 0.5265625 0.01328125 0.0671875
5 0.3953125 0.50859375 0.00546875 0.0203125
5 0.696875 0.5203125 0.00703125 0.05
5 0.74453125 0.51328125 0.0109375 0.04140625
5 0.815625 0.53203125 0.01953125 0.08125
5 0.5484375 0.50625 0.00390625 0.0203125
5 0.9953125 0.553125 0.0078125 0.11875
5 0.66484375 0.5203125 0.009375 0.05
5 0.459375 0.50703125 0.00390625 0.01875
5 0.2546875 0.5125 0.00390625 0.01015625
5 0.70625 0.5234375 0.01484375 0.06484375
5 0.37734375 0.5078125 0.0046875 0.0203125