4 0.059375 0.3203125 0.1140625 0.125
6 0.16875 0.24609375 0.15703125 0.19296875
4 0.2625 0.27265625 0.0421875 0.08046875
6 0.353125 0.209375 0.1890625 0.3375
4 0.453125 0.25546875 0.025 0.09296875
4 0.46953125 0.253125 0.0265625 0.0609375
4 0.76875 0.27421875 0.13984375 0.128125
4 0.85390625 0.265625 0.090625 0.1109375
4 0.71796875 0.24140625 0.0546875 0.08203125
4 0.684375 0.2421875 0.03828125 0.06640625
4 0.659375 0.24765625 0.02109375 0.046875
6 0.64375 0.225 0.03515625 0.0765625
4 0.578125 0.23828125 0.021875 0.04140625
4 0.5984375 0.24140625 0.009375 0.03203125
4 0.5921875 0.240625 0.0046875 0.025
4 0.5125 0.25078125 0.0125 0.021875
4 0.496875 0.246875 0.0140625 0.025