4 0.809375 0.43046875 0.21484375 0.1984375
4 0.6703125 0.378125 0.04609375 0.05546875
4 0.5859375 0.35703125 0.02265625 0.028125
4 0.52734375 0.35234375 0.015625 0.03046875
4 0.5546875 0.34921875 0.01484375 0.0265625
4 0.60234375 0.346875 0.015625 0.02109375
4 0.575 0.3484375 0.01171875 0.01640625
6 0.57578125 0.3328125 0.0125 0.00703125
6 0.64296875 0.3421875 0.0109375 0.01953125
4 0.3 0.3609375 0.0265625 0.01953125
4 0.3625 0.36484375 0.01484375 0.021875
4 0.3734375 0.36015625 0.01640625 0.02109375
4 0.384375 0.35703125 0.01171875 0.02109375
4 0.3953125 0.35546875 0.01328125 0.01640625
4 0.409375 0.353125 0.015625 0.0265625
4 0.42265625 0.35078125 0.00859375 0.015625
4 0.44375 0.346875 0.009375 0.01640625
4 0.203125 0.3671875 0.03125 0.02109375
4 0.1734375 0.37421875 0.03203125 0.02109375
4 0.1296875 0.38359375 0.034375 0.0375
4 0.059375 0.39296875 0.06953125 0.04453125
4 0.9078125 0.353125 0.03984375 0.025