5 0.7515625 0.5078125 0.03515625 0.13359375
5 0.49765625 0.496875 0.0109375 0.0484375
5 0.425 0.4671875 0.00546875 0.025
4 0.496875 0.4546875 0.01171875 0.0109375
6 0.4828125 0.44765625 0.0125 0.028125
4 0.45546875 0.47265625 0.01484375 0.025
4 0.440625 0.48125 0.021875 0.0359375
4 0.421875 0.46953125 0.01015625 0.02109375
4 0.4109375 0.471875 0.0171875 0.021875
4 0.396875 0.46953125 0.0140625 0.00859375
4 0.3828125 0.47421875 0.0125 0.00859375
4 0.375 0.47890625 0.01171875 0.015625
4 0.3640625 0.49296875 0.025 0.03359375
4 0.30625 0.50625 0.03984375 0.0484375
4 0.2734375 0.51171875 0.046875 0.05703125
4 0.24375 0.5203125 0.03828125 0.0640625
4 0.23125 0.48515625 0.01484375 0.015625
4 0.1015625 0.534375 0.06796875 0.1109375
4 0.040625 0.540625 0.0796875 0.153125
4 0.39453125 0.50234375 0.046875 0.0640625
4 0.16875 0.5265625 0.12421875 0.121875
4 0.52890625 0.49453125 0.05859375 0.1015625
4 0.6109375 0.50390625 0.05859375 0.09453125
4 0.5609375 0.50234375 0.0140625 0.046875
4 0.5796875 0.5015625 0.028125 0.06796875