4 0.421875 0.49296875 0.0140625 0.0265625
4 0.43515625 0.49296875 0.01640625 0.0265625
4 0.453125 0.50078125 0.02421875 0.04296875
4 0.48125 0.48984375 0.025 0.025
4 0.4890625 0.50546875 0.028125 0.04296875
4 0.51171875 0.5078125 0.04296875 0.05546875
5 0.55625 0.5109375 0.01640625 0.06640625
4 0.56953125 0.515625 0.0328125 0.05390625
4 0.58671875 0.51875 0.0390625 0.065625
4 0.4671875 0.509375 0.0375 0.0609375
4 0.53125 0.515625 0.053125 0.06640625
4 0.6359375 0.52421875 0.0921875 0.10859375
5 0.7765625 0.52578125 0.01796875 0.0875
5 0.1125 0.51484375 0.01875 0.0609375
5 0.090625 0.51328125 0.01640625 0.04453125
5 0.05625 0.5078125 0.01484375 0.05546875
5 0.0171875 0.51328125 0.0125 0.05859375
5 0.0078125 0.51171875 0.0140625 0.0609375
5 0.6890625 0.51875 0.0203125 0.07890625