4 0.39375 0.48671875 0.01328125 0.01953125
4 0.41015625 0.5 0.021875 0.03203125
4 0.371875 0.4921875 0.0453125 0.0359375
4 0.33125 0.48984375 0.01640625 0.01640625
4 0.31015625 0.49765625 0.02578125 0.0484375
4 0.2859375 0.49765625 0.02421875 0.053125
4 0.28125 0.50859375 0.021875 0.03203125
4 0.4890625 0.5109375 0.021875 0.02890625
4 0.4265625 0.50625 0.0328125 0.04140625
4 0.465625 0.50390625 0.0296875 0.04140625
4 0.55078125 0.559375 0.13671875 0.16796875
4 0.359375 0.53515625 0.0734375 0.10390625
4 0.7953125 0.553125 0.17734375 0.15703125
4 0.64375 0.51328125 0.0984375 0.13359375
4 0.2390625 0.48046875 0.078125 0.1359375
4 0.8796875 0.6515625 0.240625 0.37109375
5 0.1265625 0.49921875 0.021875 0.09453125
5 0.1 0.5 0.01640625 0.09453125
5 0.08359375 0.48515625 0.01796875 0.08046875
5 0.07109375 0.48828125 0.01015625 0.090625
5 0.0421875 0.49453125 0.01640625 0.10390625
5 0.0234375 0.49140625 0.01484375 0.090625