4 0.6109375 0.62421875 0.05 0.05390625
4 0.20625 0.6921875 0.4125 0.58359375
4 0.54296875 0.61328125 0.03984375 0.0484375
4 0.5640625 0.60625 0.02109375 0.04453125
4 0.4984375 0.609375 0.03828125 0.046875
4 0.5203125 0.590625 0.02734375 0.046875
4 0.49765625 0.578125 0.0171875 0.02109375
4 0.4796875 0.5890625 0.01953125 0.03359375
4 0.46328125 0.5890625 0.01171875 0.01796875
6 0.45234375 0.57890625 0.02109375 0.0484375
5 0.80546875 0.65 0.01328125 0.05546875
5 0.8328125 0.65703125 0.0171875 0.0609375
5 0.72109375 0.6359375 0.01328125 0.05390625
5 0.7328125 0.63515625 0.01015625 0.0609375
4 0.4328125 0.58046875 0.01328125 0.0265625
5 0.7890625 0.63203125 0.009375 0.040625
5 0.909375 0.665625 0.015625 0.046875
5 0.76875 0.6296875 0.00390625 0.03359375
5 0.7609375 0.634375 0.00546875 0.02109375