4 0.725 0.48046875 0.0109375 0.02890625
4 0.784375 0.48125 0.01171875 0.03046875
4 0.76953125 0.48359375 0.0140625 0.04140625
4 0.8 0.490625 0.03515625 0.065625
4 0.7109375 0.47890625 0.01875 0.04453125
4 0.653125 0.478125 0.0359375 0.040625
4 0.603125 0.48125 0.04453125 0.040625
5 0.534375 0.4546875 0.0203125 0.04453125
5 0.884375 0.484375 0.01171875 0.05546875
5 0.20625 0.49296875 0.01875 0.08359375
5 0.021875 0.5234375 0.04375 0.35546875
5 0.0953125 0.5234375 0.07109375 0.334375
5 0.6 0.51328125 0.0203125 0.1015625
5 0.6734375 0.5125 0.03984375 0.12109375
4 0.7484375 0.48359375 0.03515625 0.059375
4 0.45 0.50625 0.2625 0.20546875
4 0.56875 0.48203125 0.01875 0.034375
4 0.6953125 0.48828125 0.03515625 0.046875