5 0.2140625 0.52578125 0.01640625 0.1484375
5 0.2046875 0.51875 0.01875 0.1859375
5 0.0265625 0.4375 0.01875 0.046875
5 0.046875 0.4328125 0.0203125 0.05703125
5 0.11875 0.45625 0.0265625 0.1
5 0.0953125 0.4375 0.03125 0.071875
5 0.1453125 0.4921875 0.01640625 0.1390625
5 0.203125 0.521875 0.040625 0.1890625
5 0.2515625 0.49375 0.02265625 0.15
5 0.27890625 0.4921875 0.03125 0.14296875
5 0.29921875 0.46796875 0.0171875 0.12890625
5 0.17421875 0.5234375 0.02578125 0.215625
4 0.43125 0.4609375 0.021875 0.04609375
4 0.41875 0.46953125 0.02578125 0.046875
4 0.4109375 0.4765625 0.02421875 0.053125
4 0.3890625 0.46953125 0.05 0.090625
4 0.4875 0.4578125 0.040625 0.05703125
5 0.8265625 0.44375 0.01640625 0.0390625
5 0.80078125 0.453125 0.01484375 0.053125
5 0.7890625 0.453125 0.021875 0.071875
4 0.75234375 0.45546875 0.08984375 0.09609375
4 0.6859375 0.5203125 0.21796875 0.28203125
4 0.1140625 0.6203125 0.22578125 0.5515625
4 0.8453125 0.646875 0.3078125 0.6875
4 0.45 0.4421875 0.03046875 0.028125
5 0.8453125 0.43046875 0.02578125 0.05
4 0.378125 0.47734375 0.06015625 0.09140625
4 0.34375 0.496875 0.07265625 0.13046875
4 0.453125 0.478125 0.04921875 0.075
5 0.096875 0.4390625 0.0171875 0.046875
5 0.0671875 0.4375 0.01953125 0.05390625