6 0.1171875 0.365625 0.23359375 0.48046875
6 0.309375 0.38203125 0.10390625 0.165625
6 0.50625 0.353125 0.06796875 0.1109375
4 0.4515625 0.5734375 0.2953125 0.33359375
4 0.4296875 0.38984375 0.10078125 0.0484375
4 0.6078125 0.4578125 0.13359375 0.1984375
4 0.2 0.5 0.228125 0.2359375
5 0.92890625 0.4609375 0.0453125 0.18203125
5 0.8875 0.415625 0.01640625 0.13359375
5 0.865625 0.43359375 0.03125 0.140625
5 0.8140625 0.43359375 0.0234375 0.16953125
5 0.7875 0.44921875 0.021875 0.153125
5 0.74453125 0.42734375 0.0234375 0.11953125
5 0.8359375 0.42734375 0.0125 0.1234375
5 0.7625 0.44296875 0.01640625 0.1109375
5 0.66796875 0.40390625 0.0125 0.053125