5 0.7359375 0.4140625 0.03125 0.1234375
5 0.53125 0.4453125 0.0171875 0.09453125
5 0.55 0.446875 0.0234375 0.09296875
5 0.60390625 0.44375 0.03359375 0.15546875
5 0.6296875 0.40234375 0.0140625 0.05
5 0.5140625 0.440625 0.0125 0.04140625
4 0.35703125 0.49296875 0.0296875 0.040625
4 0.303125 0.50390625 0.025 0.034375
4 0.253125 0.521875 0.02734375 0.0375
4 0.2765625 0.51875 0.02109375 0.02890625
4 0.33125 0.49921875 0.025 0.03046875
5 0.4515625 0.4625 0.0109375 0.0515625
5 0.503125 0.44609375 0.01015625 0.04140625
5 0.49296875 0.45859375 0.0125 0.053125