5 0.00625 0.41640625 0.0125 0.1421875
5 0.07109375 0.4109375 0.02109375 0.14296875
5 0.0390625 0.4046875 0.03125 0.159375
5 0.265625 0.4328125 0.02421875 0.125
5 0.3921875 0.53046875 0.0140625 0.06640625
5 0.396875 0.45859375 0.0125 0.06796875
5 0.3359375 0.4515625 0.01640625 0.075
5 0.38046875 0.45625 0.0125 0.0765625
5 0.3609375 0.459375 0.01484375 0.0625
5 0.790625 0.471875 0.0140625 0.02890625
5 0.7734375 0.46875 0.01640625 0.0515625
5 0.6015625 0.465625 0.01484375 0.09140625
4 0.8234375 0.51015625 0.103125 0.21796875