4 0.37734375 0.47890625 0.01328125 0.0359375
4 0.365625 0.478125 0.01875 0.0515625
4 0.3515625 0.475 0.01875 0.0734375
4 0.32421875 0.4828125 0.04296875 0.10703125
4 0.2640625 0.5 0.109375 0.16640625
4 0.1671875 0.54140625 0.175 0.196875
4 0.065625 0.58046875 0.13046875 0.3375
4 0.42109375 0.46640625 0.021875 0.01796875
4 0.4015625 0.46875 0.01640625 0.01796875
4 0.459375 0.4609375 0.0140625 0.0140625
4 0.4875 0.47734375 0.02890625 0.0609375
4 0.559375 0.515625 0.1359375 0.16953125
4 0.6234375 0.46640625 0.02734375 0.04609375
4 0.6484375 0.475 0.03984375 0.0515625
4 0.6890625 0.48125 0.05625 0.0640625
4 0.7375 0.49375 0.05546875 0.07890625
6 0.871875 0.415625 0.2546875 0.4125
5 0.80546875 0.503125 0.03984375 0.2