4 0.86796875 0.428125 0.10859375 0.07109375
5 0.7328125 0.54375 0.021875 0.10390625
5 0.70625 0.5484375 0.01875 0.0890625
5 0.671875 0.540625 0.0140625 0.0765625
4 0.946875 0.5359375 0.103125 0.11953125
4 0.8 0.53125 0.084375 0.10390625
4 0.8796875 0.56015625 0.13203125 0.1125
4 0.39921875 0.515625 0.02578125 0.04296875
4 0.3578125 0.48515625 0.03125 0.0390625
4 0.278125 0.5453125 0.0546875 0.08203125
4 0.21328125 0.56171875 0.0890625 0.11953125
4 0.4953125 0.534375 0.03125 0.05546875
4 0.346875 0.56328125 0.0875 0.121875
4 0.43359375 0.53125 0.0375 0.0640625
4 0.0890625 0.5453125 0.1765625 0.290625
5 0.7078125 0.51953125 0.0640625 0.078125
4 0.76328125 0.52109375 0.03984375 0.09140625
5 0.63203125 0.540625 0.01796875 0.08046875