4 0.06171875 0.58203125 0.0984375 0.1359375
4 0.4359375 0.57421875 0.009375 0.0359375
4 0.48515625 0.58203125 0.01875 0.0375
4 0.42578125 0.58046875 0.0140625 0.046875
4 0.57734375 0.596875 0.0265625 0.059375
4 0.6109375 0.60078125 0.05390625 0.075
4 0.528125 0.60390625 0.07421875 0.109375
4 0.459375 0.590625 0.04375 0.06796875
4 0.36796875 0.58828125 0.05859375 0.08046875
6 0.39609375 0.5625 0.046875 0.10390625
4 0.2078125 0.5484375 0.2296875 0.34609375
4 0.0375 0.5984375 0.075 0.1140625
5 0.6546875 0.59140625 0.009375 0.05
5 0.8546875 0.6046875 0.0203125 0.09453125
5 0.67734375 0.6046875 0.01484375 0.07109375
5 0.646875 0.596875 0.0078125 0.04453125
5 0.9015625 0.621875 0.02109375 0.0640625