6 0.0359375 0.5703125 0.071875 0.47109375
4 0.1296875 0.58828125 0.171875 0.1765625
4 0.2765625 0.54296875 0.15390625 0.1234375
4 0.975 0.82578125 0.046875 0.34140625
6 0.8796875 0.66953125 0.2359375 0.37890625
4 0.7609375 0.60625 0.0984375 0.15546875
4 0.71875 0.578125 0.06328125 0.10859375
4 0.69375 0.55078125 0.0609375 0.0984375
4 0.675 0.53671875 0.0375 0.071875
4 0.66015625 0.53359375 0.0359375 0.06640625
4 0.64375 0.52890625 0.0234375 0.04140625
4 0.6328125 0.521875 0.02109375 0.0359375
4 0.46484375 0.5171875 0.0296875 0.05703125
4 0.4828125 0.51640625 0.01875 0.04609375
4 0.496875 0.5078125 0.02578125 0.046875
4 0.5125 0.5140625 0.0109375 0.0265625
4 0.409375 0.528125 0.09453125 0.103125
4 0.5859375 0.53515625 0.0546875 0.09609375
4 0.53046875 0.5125 0.01796875 0.01953125
4 0.54375 0.51484375 0.00859375 0.015625
4 0.56328125 0.51328125 0.0078125 0.0125
4 0.553125 0.515625 0.01015625 0.015625