6 0.3609375 0.40703125 0.05546875 0.0875
4 0.3359375 0.42734375 0.02890625 0.08046875
4 0.26953125 0.428125 0.125 0.159375
4 0.1234375 0.5125 0.246875 0.2734375
4 0.4203125 0.39296875 0.01171875 0.01640625
4 0.4296875 0.4015625 0.01328125 0.025
4 0.4375 0.4046875 0.00859375 0.03203125
4 0.44765625 0.409375 0.015625 0.0359375
4 0.4609375 0.409375 0.02265625 0.04453125
4 0.47109375 0.42109375 0.021875 0.0640625
4 0.4921875 0.421875 0.040625 0.07109375
4 0.5046875 0.428125 0.04765625 0.06640625
5 0.575 0.40625 0.0109375 0.034375
4 0.55390625 0.45703125 0.071875 0.09453125
4 0.628125 0.47734375 0.1359375 0.134375
4 0.97734375 0.6875 0.0453125 0.26796875
4 0.840625 0.5296875 0.31875 0.375