4 0.3546875 0.44765625 0.0203125 0.0265625
4 0.3484375 0.465625 0.0265625 0.05390625
4 0.26015625 0.43984375 0.03203125 0.0265625
4 0.3078125 0.471875 0.075 0.10546875
4 0.165625 0.496875 0.0875 0.103125
6 0.40546875 0.415625 0.04609375 0.04140625
4 0.446875 0.46875 0.028125 0.0640625
4 0.4015625 0.50703125 0.10234375 0.15390625
4 0.034375 0.478125 0.06796875 0.05703125
4 0.76953125 0.4625 0.13125 0.08359375
4 0.86875 0.43984375 0.05 0.0265625
4 0.94375 0.446875 0.1109375 0.06953125
4 0.2453125 0.5171875 0.12265625 0.134375
5 0.78203125 0.4796875 0.028125 0.0984375
5 0.81875 0.503125 0.028125 0.14453125
5 0.5609375 0.46953125 0.0171875 0.07109375
5 0.515625 0.4609375 0.01171875 0.046875
5 0.5265625 0.4609375 0.01328125 0.05
5 0.53828125 0.459375 0.0109375 0.046875
5 0.4859375 0.4625 0.00703125 0.0359375
5 0.4890625 0.4671875 0.00859375 0.04453125
5 0.50703125 0.45390625 0.00859375 0.04296875
5 0.5015625 0.453125 0.00859375 0.04453125
5 0.584375 0.46953125 0.01328125 0.0640625
5 0.5734375 0.46796875 0.015625 0.06796875
5 0.76796875 0.4609375 0.01328125 0.05703125
5 0.8421875 0.490625 0.02265625 0.128125
5 0.8765625 0.44375 0.01953125 0.07109375
5 0.11875 0.46875 0.01484375 0.05546875
5 0.11015625 0.4703125 0.0125 0.05390625
5 0.06171875 0.47578125 0.0125 0.05859375