4 0.09296875 0.60703125 0.18515625 0.29140625
4 0.9234375 0.59296875 0.15 0.2125
5 0.8890625 0.528125 0.015625 0.07109375
5 0.76484375 0.5234375 0.0171875 0.0875
5 0.75 0.4875 0.0109375 0.09453125
5 0.7375 0.5078125 0.01015625 0.0609375
5 0.7 0.49609375 0.01328125 0.06953125
5 0.628125 0.4796875 0.01015625 0.028125
5 0.796875 0.52265625 0.0203125 0.10390625
4 0.3578125 0.46640625 0.0140625 0.01953125
4 0.3109375 0.46875 0.009375 0.028125
4 0.28984375 0.48046875 0.03125 0.04453125
4 0.4140625 0.46484375 0.0078125 0.025
4 0.4265625 0.47421875 0.02421875 0.04609375
4 0.46796875 0.46875 0.0140625 0.02890625
4 0.48671875 0.47421875 0.03203125 0.05859375
4 0.534375 0.546875 0.1234375 0.18359375
4 0.2484375 0.4828125 0.04453125 0.0625
4 0.3328125 0.46484375 0.03125 0.028125
4 0.3875 0.4796875 0.053125 0.06640625
4 0.4421875 0.484375 0.0390625 0.05859375