4 0.2 0.53984375 0.18046875 0.22109375
4 0.734375 0.48984375 0.2171875 0.25703125
6 0.3734375 0.45703125 0.05546875 0.0765625
6 0.528125 0.4484375 0.053125 0.0765625
4 0.453125 0.453125 0.0375 0.05703125
4 0.06171875 0.4671875 0.1234375 0.16796875
4 0.4015625 0.44375 0.01484375 0.021875
4 0.4265625 0.4421875 0.0140625 0.025
4 0.48125 0.4453125 0.0171875 0.021875
4 0.34140625 0.45234375 0.01796875 0.03046875
4 0.2890625 0.4484375 0.01640625 0.015625
4 0.303125 0.446875 0.0125 0.0140625
4 0.3265625 0.446875 0.01171875 0.009375
4 0.4390625 0.4328125 0.00859375 0.01796875