5 0.35625 0.53359375 0.03046875 0.153125
6 0.5125 0.47109375 0.040625 0.08046875
4 0.503125 0.50546875 0.01171875 0.0375
6 0.4671875 0.478125 0.0640625 0.09609375
5 0.45078125 0.49921875 0.0171875 0.084375
5 0.7484375 0.496875 0.0171875 0.078125
5 0.7609375 0.496875 0.01953125 0.08203125
5 0.7859375 0.503125 0.01484375 0.0734375
4 0.5609375 0.49375 0.04765625 0.075
4 0.62265625 0.584375 0.215625 0.3375
5 0.409375 0.509375 0.0125 0.075
4 0.115625 0.634375 0.2265625 0.321875
5 0.10859375 0.50078125 0.0171875 0.053125
4 0.8671875 0.59921875 0.26328125 0.30703125