4 0.7671875 0.61484375 0.09140625 0.08359375
4 0.69375 0.571875 0.0125 0.02890625
4 0.7125 0.578125 0.028125 0.02109375
4 0.64375 0.590625 0.03984375 0.05703125
4 0.60859375 0.58359375 0.05625 0.05859375
4 0.5421875 0.5578125 0.015625 0.01953125
4 0.5265625 0.56875 0.0234375 0.03046875
4 0.5484375 0.57109375 0.02578125 0.0375
4 0.5078125 0.55546875 0.009375 0.01796875
4 0.5109375 0.565625 0.0125 0.02109375
4 0.334375 0.54140625 0.02109375 0.021875
4 0.3515625 0.5421875 0.0171875 0.0234375
4 0.3609375 0.546875 0.01328125 0.03203125
4 0.36875 0.5484375 0.01328125 0.04296875
4 0.26015625 0.53203125 0.00859375 0.0109375
4 0.225 0.53828125 0.01171875 0.01953125
4 0.1421875 0.54296875 0.01015625 0.015625
4 0.1609375 0.5484375 0.03359375 0.0390625
4 0.1828125 0.5453125 0.01484375 0.0390625
4 0.2125 0.53828125 0.01640625 0.0234375
6 0.284375 0.53046875 0.009375 0.02109375
6 0.2421875 0.53359375 0.02890625 0.0390625
6 0.3078125 0.52734375 0.0390625 0.08046875
4 0.4375 0.5625 0.02578125 0.04453125
4 0.39765625 0.55703125 0.0578125 0.09609375
4 0.90625 0.63125 0.13671875 0.1390625