4 0.0703125 0.640625 0.140625 0.325
5 0.08125 0.49140625 0.021875 0.071875
5 0.0984375 0.496875 0.02109375 0.05390625
5 0.11875 0.490625 0.01875 0.05859375
5 0.1328125 0.51015625 0.01875 0.06796875
5 0.16328125 0.5 0.01640625 0.03046875
5 0.15625 0.54921875 0.0234375 0.08359375
4 0.2265625 0.57890625 0.153125 0.20546875
6 0.325 0.51640625 0.1484375 0.171875
4 0.503125 0.57734375 0.07734375 0.146875
6 0.5609375 0.56875 0.04765625 0.096875
4 0.96015625 0.66015625 0.07734375 0.321875
4 0.76875 0.653125 0.3828125 0.38359375
4 0.41328125 0.67421875 0.25390625 0.35
5 0.5640625 0.590625 0.01015625 0.05390625
5 0.571875 0.59296875 0.00703125 0.04609375
5 0.578125 0.578125 0.009375 0.05859375