4 0.696875 0.35 0.01484375 0.028125
4 0.71796875 0.35234375 0.01484375 0.03359375
4 0.85703125 0.37890625 0.02109375 0.08203125
4 0.884375 0.3828125 0.01953125 0.0609375
4 0.9046875 0.37421875 0.05 0.078125
4 0.6671875 0.35234375 0.04609375 0.09296875
4 0.4828125 0.35546875 0.0234375 0.06796875
4 0.440625 0.33671875 0.084375 0.08203125
4 0.34296875 0.3265625 0.084375 0.084375
6 0.2515625 0.31796875 0.10703125 0.08203125
4 0.18203125 0.325 0.16328125 0.09140625
5 0.26796875 0.32265625 0.034375 0.071875
4 0.0953125 0.33359375 0.08828125 0.09296875
4 0.04609375 0.33203125 0.0921875 0.19453125
4 0.953125 0.3875 0.09375 0.196875
4 0.7875 0.39453125 0.1515625 0.196875
4 0.5734375 0.3484375 0.1625 0.23203125