4 0.33125 0.23515625 0.01484375 0.01640625
4 0.3453125 0.2390625 0.009375 0.021875
4 0.353125 0.246875 0.01015625 0.01796875
4 0.36015625 0.2578125 0.0140625 0.021875
4 0.3640625 0.26640625 0.01015625 0.0234375
4 0.61953125 0.33203125 0.071875 0.07109375
4 0.57265625 0.328125 0.0265625 0.0875
4 0.45 0.2828125 0.0140625 0.028125
6 0.4078125 0.2453125 0.08203125 0.171875
4 0.5015625 0.3234375 0.12109375 0.178125
4 0.3078125 0.33515625 0.1296875 0.19140625
4 0.24609375 0.2703125 0.021875 0.0375
4 0.25625 0.2484375 0.01484375 0.025
4 0.26640625 0.2375 0.0078125 0.01796875
4 0.2796875 0.22890625 0.0171875 0.02890625
4 0.259375 0.22578125 0.01328125 0.01640625
4 0.2453125 0.23046875 0.01640625 0.0234375
4 0.228125 0.23671875 0.01171875 0.0265625
4 0.215625 0.25078125 0.0328125 0.0515625
4 0.184375 0.23671875 0.02109375 0.0265625
4 0.15703125 0.25234375 0.0703125 0.0484375
4 0.12265625 0.24765625 0.02421875 0.02890625
4 0.10703125 0.240625 0.03125 0.05
6 0.14296875 0.2078125 0.096875 0.05546875
4 0.05625 0.2328125 0.1125 0.078125
4 0.015625 0.225 0.03125 0.01796875