4 0.03203125 0.50625 0.06328125 0.08203125
6 0.15390625 0.496875 0.05859375 0.0515625
4 0.190625 0.49140625 0.01875 0.015625
4 0.23984375 0.49140625 0.0203125 0.01640625
4 0.29140625 0.4921875 0.0265625 0.03359375
4 0.271875 0.49609375 0.0375 0.0359375
4 0.3234375 0.496875 0.0359375 0.03359375
4 0.3515625 0.49375 0.01484375 0.01640625
4 0.375 0.49296875 0.01484375 0.021875
4 0.3921875 0.4921875 0.00859375 0.01640625
4 0.403125 0.48984375 0.0125 0.015625
4 0.415625 0.490625 0.01171875 0.0125
4 0.425 0.4921875 0.01015625 0.015625
4 0.4359375 0.490625 0.009375 0.015625
5 0.6609375 0.51796875 0.0171875 0.06640625
4 0.525 0.48984375 0.01875 0.0125
4 0.45625 0.4984375 0.0171875 0.025
4 0.525 0.52265625 0.0421875 0.05390625
4 0.56953125 0.49921875 0.02421875 0.03046875
4 0.65 0.49921875 0.0171875 0.0265625
4 0.61875 0.50625 0.04765625 0.0765625
4 0.4703125 0.48984375 0.0125 0.015625
6 0.6796875 0.503125 0.01875 0.0234375