4 0.91328125 0.5421875 0.17265625 0.84140625
4 0.5265625 0.534375 0.16484375 0.290625
4 0.3890625 0.53203125 0.0921875 0.14609375
4 0.1734375 0.51015625 0.2953125 0.3875
5 0.76015625 0.559375 0.0171875 0.07890625
5 0.6703125 0.53671875 0.01484375 0.0609375
5 0.00625 0.5390625 0.01171875 0.1125
5 0.615625 0.52734375 0.009375 0.0609375
5 0.62734375 0.53203125 0.01328125 0.046875
5 0.6953125 0.53671875 0.01484375 0.065625
5 0.64375 0.53359375 0.0078125 0.05390625
6 0.44765625 0.48671875 0.04140625 0.14140625