5 0.309375 0.5203125 0.01015625 0.06796875
5 0.2984375 0.52265625 0.01796875 0.0765625
6 0.39375 0.49921875 0.01328125 0.09453125
6 0.4328125 0.484375 0.06484375 0.140625
4 0.44296875 0.5390625 0.06015625 0.08046875
4 0.57109375 0.528125 0.2171875 0.265625
4 0.28125 0.53203125 0.0421875 0.078125
4 0.2390625 0.540625 0.08125 0.09609375
4 0.2203125 0.5703125 0.06015625 0.1265625
4 0.103125 0.56015625 0.20625 0.271875
4 0.765625 0.6375 0.378125 0.3609375
6 0.3546875 0.50625 0.04140625 0.0984375
4 0.0125 0.67109375 0.025 0.2859375