4 0.49453125 0.5078125 0.01484375 0.01953125
4 0.50625 0.51328125 0.0109375 0.0234375
4 0.4296875 0.5328125 0.03359375 0.05703125
4 0.4640625 0.5125 0.01484375 0.015625
5 0.1953125 0.57109375 0.01328125 0.13046875
5 0.1828125 0.57109375 0.0109375 0.12109375
5 0.453125 0.5140625 0.0078125 0.03203125
4 0.365625 0.6171875 0.1484375 0.21953125
4 0.47421875 0.55859375 0.0515625 0.08203125
4 0.5734375 0.54140625 0.04921875 0.046875
6 0.3421875 0.51328125 0.09140625 0.115625
6 0.2125 0.515625 0.14296875 0.16796875
4 0.96484375 0.634375 0.0671875 0.521875
4 0.525 0.5203125 0.01484375 0.0265625
5 0.078125 0.53359375 0.0203125 0.04609375
5 0.09609375 0.534375 0.02265625 0.04609375
4 0.5421875 0.53515625 0.0203125 0.03203125