5 0.0109375 0.52578125 0.0140625 0.08203125
5 0.3484375 0.44765625 0.01640625 0.0515625
5 0.365625 0.4734375 0.01875 0.09296875
5 0.5515625 0.4515625 0.03125 0.1234375
5 0.61875 0.45234375 0.01484375 0.08203125
5 0.6484375 0.4328125 0.01171875 0.0609375
5 0.759375 0.409375 0.01171875 0.0609375
4 0.50859375 0.44453125 0.03046875 0.0375
4 0.45546875 0.45859375 0.0203125 0.0265625
4 0.3171875 0.4578125 0.04609375 0.02109375
4 0.42109375 0.46875 0.028125 0.02890625
4 0.2015625 0.51640625 0.34609375 0.196875