5 0.25859375 0.4953125 0.015625 0.07109375
5 0.875 0.4390625 0.078125 0.478125
5 0.7921875 0.4703125 0.1015625 0.34453125
5 0.7328125 0.46484375 0.07890625 0.2859375
5 0.9390625 0.40859375 0.01484375 0.05546875
5 0.90078125 0.415625 0.02109375 0.07109375
5 0.6875 0.43203125 0.015625 0.046875
5 0.6765625 0.4421875 0.015625 0.05390625
5 0.665625 0.43984375 0.009375 0.0484375
5 0.5984375 0.4609375 0.01015625 0.03046875
4 0.290625 0.48359375 0.0328125 0.0375
4 0.3328125 0.4734375 0.0171875 0.0234375
4 0.346875 0.471875 0.01875 0.028125
4 0.4125 0.4703125 0.02734375 0.034375
4 0.36484375 0.4765625 0.03046875 0.03359375
4 0.50390625 0.50546875 0.18203125 0.2890625