4 0.06875 0.62734375 0.13671875 0.203125
4 0.2546875 0.59609375 0.084375 0.07890625
4 0.309375 0.58515625 0.05234375 0.0625
4 0.3375 0.57890625 0.040625 0.0609375
4 0.3609375 0.57890625 0.0265625 0.04609375
4 0.496875 0.56875 0.015625 0.02890625
4 0.515625 0.56796875 0.0234375 0.0359375
4 0.5203125 0.5765625 0.01953125 0.046875
4 0.5390625 0.57890625 0.03515625 0.05859375
4 0.5859375 0.58984375 0.07890625 0.109375
4 0.8359375 0.684375 0.32421875 0.35
4 0.384375 0.56953125 0.02890625 0.040625
4 0.40078125 0.57265625 0.01875 0.028125
4 0.4140625 0.5703125 0.01875 0.02890625
4 0.4296875 0.5671875 0.0171875 0.021875
4 0.4828125 0.56953125 0.015625 0.02109375
5 0.38359375 0.57421875 0.00859375 0.040625
5 0.23828125 0.5390625 0.009375 0.025