5 0.01328125 0.45546875 0.0265625 0.1875
4 0.9578125 0.68046875 0.0828125 0.28046875
4 0.6328125 0.4765625 0.05859375 0.075
4 0.60625 0.465625 0.034375 0.065625
4 0.584375 0.4625 0.021875 0.0515625
4 0.57109375 0.4546875 0.01328125 0.040625
4 0.559375 0.4453125 0.01640625 0.04296875
4 0.546875 0.4421875 0.01640625 0.028125
6 0.52421875 0.425 0.0296875 0.075
4 0.503125 0.4390625 0.0109375 0.01640625
4 0.4875 0.43828125 0.0140625 0.0234375
4 0.4515625 0.440625 0.0265625 0.04296875
4 0.4296875 0.4484375 0.03125 0.04453125