6 0.0421875 0.41015625 0.03359375 0.025
6 0.0765625 0.4109375 0.02890625 0.040625
6 0.0125 0.41015625 0.02421875 0.03359375
4 0.009375 0.43671875 0.01796875 0.0234375
4 0.0375 0.434375 0.0421875 0.028125
4 0.0734375 0.4359375 0.02890625 0.02109375
4 0.1203125 0.42265625 0.03125 0.03359375
4 0.23203125 0.415625 0.021875 0.03203125
4 0.3328125 0.42890625 0.015625 0.01640625
4 0.3125 0.425 0.0203125 0.02109375
6 0.4 0.4265625 0.04296875 0.07109375
4 0.9265625 0.4703125 0.14375 0.21640625
4 0.44296875 0.421875 0.0203125 0.025