4 0.3421875 0.53515625 0.0296875 0.084375
4 0.2890625 0.546875 0.1 0.14609375
4 0.2140625 0.59609375 0.1546875 0.2015625
5 0.0734375 0.509375 0.01640625 0.05546875
5 0.05078125 0.496875 0.025 0.05
4 0.4796875 0.5421875 0.0375 0.09296875
5 0.5015625 0.5796875 0.04609375 0.19609375
5 0.60625 0.6234375 0.17109375 0.29453125
5 0.74765625 0.515625 0.034375 0.08203125
5 0.84296875 0.49375 0.034375 0.08203125
5 0.93828125 0.5359375 0.0671875 0.140625
4 0.834375 0.66484375 0.32890625 0.6609375
4 0.425 0.559375 0.1 0.1640625
4 0.078125 0.70546875 0.1515625 0.4
5 0.80546875 0.5171875 0.02734375 0.09140625
5 0.7765625 0.50859375 0.0171875 0.05390625
5 0.1015625 0.5296875 0.0203125 0.0890625
5 0.1109375 0.528125 0.0171875 0.05859375