4 0.4046875 0.50390625 0.00546875 0.015625
4 0.42421875 0.52578125 0.0296875 0.05859375
4 0.33828125 0.528125 0.03359375 0.05390625
4 0.28984375 0.534375 0.08515625 0.10703125
4 0.178125 0.578125 0.1828125 0.24140625
4 0.04375 0.54296875 0.084375 0.084375
4 0.38671875 0.5296875 0.04296875 0.0734375
6 0.353125 0.5015625 0.04140625 0.084375
5 0.484375 0.53671875 0.01015625 0.08046875
5 0.4671875 0.52265625 0.00703125 0.04453125
5 0.5546875 0.509375 0.009375 0.053125
5 0.6078125 0.5359375 0.0125 0.090625
5 0.69375 0.528125 0.01875 0.1109375
5 0.72421875 0.53828125 0.0234375 0.134375
5 0.10546875 0.5234375 0.0125 0.05
5 0.62109375 0.53046875 0.0140625 0.0875
5 0.54296875 0.5140625 0.01171875 0.03203125
5 0.534375 0.5140625 0.00859375 0.0359375
6 0.22578125 0.490625 0.0421875 0.0625