4 0.55 0.43203125 0.0234375 0.01640625
4 0.5703125 0.434375 0.02265625 0.01953125
4 0.55234375 0.453125 0.05390625 0.04453125
4 0.5875 0.446875 0.028125 0.034375
4 0.596875 0.459375 0.034375 0.04296875
4 0.6296875 0.4875 0.06796875 0.096875
4 0.8109375 0.453125 0.08515625 0.071875
4 0.84921875 0.44921875 0.0875 0.08359375
4 0.8796875 0.4703125 0.0875 0.10390625
4 0.9046875 0.47109375 0.0890625 0.109375
4 0.44375 0.453125 0.015625 0.0265625
4 0.425 0.45 0.02265625 0.03359375
4 0.40546875 0.45 0.01953125 0.021875
4 0.39140625 0.45234375 0.02265625 0.03359375
4 0.365625 0.446875 0.03046875 0.0234375
4 0.3359375 0.46015625 0.0359375 0.040625
4 0.259375 0.4640625 0.02734375 0.02890625
4 0.228125 0.47734375 0.059375 0.05546875
5 0.0796875 0.4890625 0.01640625 0.05546875
5 0.79375 0.48984375 0.03125 0.09609375
4 0.3578125 0.54765625 0.1625 0.16953125
6 0.5234375 0.42578125 0.01875 0.078125
6 0.4796875 0.42578125 0.06796875 0.1609375
4 0.55 0.55703125 0.1328125 0.18359375
4 0.6640625 0.51640625 0.0890625 0.13203125