4 0.0203125 0.43515625 0.02578125 0.02109375
4 0.08515625 0.43515625 0.009375 0.028125
4 0.134375 0.4765625 0.06015625 0.09609375
4 0.2140625 0.484375 0.21171875 0.1265625
4 0.2828125 0.446875 0.02265625 0.0234375
4 0.33125 0.478125 0.05859375 0.075
6 0.3234375 0.44453125 0.06015625 0.040625
4 0.5734375 0.52734375 0.1140625 0.06953125
4 0.815625 0.5375 0.09375 0.06796875
5 0.0484375 0.4875 0.06796875 0.2640625
5 0.43203125 0.5140625 0.0671875 0.23046875
5 0.5125 0.50703125 0.01171875 0.0609375
5 0.10078125 0.484375 0.07734375 0.22109375
5 0.1421875 0.48984375 0.078125 0.2
5 0.61875 0.50078125 0.0125 0.03203125
5 0.8984375 0.54609375 0.015625 0.0515625
5 0.9515625 0.540625 0.015625 0.12890625
5 0.9203125 0.53984375 0.04609375 0.13046875
5 0.978125 0.56015625 0.0203125 0.178125
5 0.99140625 0.55703125 0.0171875 0.1609375
4 0.003125 0.42890625 0.00625 0.0328125