4 0.490625 0.50234375 0.0078125 0.0140625
4 0.48125 0.49921875 0.00859375 0.01640625
4 0.4625 0.49453125 0.01328125 0.01640625
4 0.453125 0.496875 0.009375 0.0125
4 0.44609375 0.50390625 0.01328125 0.02109375
4 0.4109375 0.5171875 0.01171875 0.02109375
4 0.4015625 0.52109375 0.015625 0.02109375
4 0.3546875 0.5296875 0.02734375 0.0359375
4 0.3796875 0.52890625 0.0390625 0.04140625
4 0.109375 0.55703125 0.04921875 0.05390625
4 0.16015625 0.5453125 0.07265625 0.05
5 0.00625 0.565625 0.0125 0.09609375
4 0.4234375 0.51484375 0.025 0.03046875
4 0.5296875 0.50625 0.015625 0.0234375
6 0.50859375 0.49921875 0.034375 0.07109375
4 0.5390625 0.5140625 0.0171875 0.02109375
4 0.475 0.5140625 0.01796875 0.03203125
4 0.4609375 0.51953125 0.03046875 0.04296875
4 0.98359375 0.6765625 0.02890625 0.17890625