5 0.1296875 0.484375 0.06640625 0.3234375
5 0.0953125 0.46015625 0.0265625 0.1859375
5 0.07890625 0.49453125 0.0453125 0.25
4 0.44375 0.45546875 0.08671875 0.13359375
4 0.9875 0.51015625 0.02109375 0.115625
4 0.64375 0.496875 0.03828125 0.0515625
4 0.521875 0.484375 0.0078125 0.02109375
4 0.5125 0.4875 0.0140625 0.03046875
4 0.503125 0.4953125 0.01015625 0.0375
4 0.49296875 0.48671875 0.01484375 0.05859375
4 0.4890625 0.4890625 0.01171875 0.05
4 0.5875 0.49765625 0.0171875 0.021875
4 0.6109375 0.50390625 0.01953125 0.03046875
4 0.56328125 0.49921875 0.02109375 0.02890625
4 0.5328125 0.49921875 0.0171875 0.025
4 0.5453125 0.490625 0.01015625 0.01640625
4 0.55390625 0.496875 0.00703125 0.02109375
4 0.74296875 0.4984375 0.059375 0.05390625
4 0.69921875 0.5 0.034375 0.053125