5 0.6078125 0.33359375 0.03046875 0.11796875
5 0.55546875 0.33984375 0.015625 0.06796875
5 0.4453125 0.3328125 0.00703125 0.0265625
5 0.2390625 0.28671875 0.01796875 0.01640625
5 0.21640625 0.2859375 0.01640625 0.02109375
5 0.20078125 0.28828125 0.01953125 0.03203125
5 0.17734375 0.28671875 0.01015625 0.0140625
5 0.0046875 0.284375 0.009375 0.090625
4 0.43828125 0.321875 0.01171875 0.021875
4 0.42734375 0.3234375 0.01328125 0.01953125
4 0.415625 0.32265625 0.0109375 0.02109375
4 0.4015625 0.31953125 0.01875 0.034375
4 0.396875 0.32734375 0.01796875 0.04140625
4 0.3859375 0.3296875 0.015625 0.04453125
4 0.375 0.33125 0.02265625 0.046875
4 0.36796875 0.33203125 0.02890625 0.0625
4 0.35625 0.3359375 0.02890625 0.065625
4 0.3328125 0.340625 0.03671875 0.084375
4 0.290625 0.33984375 0.0875 0.1140625
4 0.253125 0.359375 0.10078125 0.134375
4 0.13359375 0.378125 0.2 0.1859375
4 0.45 0.3265625 0.01171875 0.01953125
4 0.465625 0.3265625 0.01015625 0.01953125