5 0.0796875 0.440625 0.0359375 0.14453125
5 0.3140625 0.44375 0.01640625 0.07109375
4 0.521875 0.44296875 0.02265625 0.04296875
4 0.53046875 0.44921875 0.02265625 0.04609375
4 0.54140625 0.45546875 0.02265625 0.0609375
4 0.5640625 0.45625 0.040625 0.071875
4 0.56953125 0.465625 0.025 0.078125
4 0.6125 0.47109375 0.0875 0.11640625
4 0.48203125 0.43828125 0.02421875 0.03359375
4 0.7765625 0.5046875 0.2328125 0.2609375
5 0.39140625 0.434375 0.00859375 0.03046875
5 0.509375 0.43828125 0.00859375 0.040625
4 0.903125 0.62421875 0.18828125 0.41640625