4 0.69140625 0.48203125 0.0984375 0.09140625
5 0.4421875 0.51328125 0.00859375 0.034375
5 0.4765625 0.51484375 0.0109375 0.04140625
4 0.3296875 0.52578125 0.015625 0.025
4 0.37265625 0.521875 0.0171875 0.028125
4 0.371875 0.49765625 0.02109375 0.015625
4 0.25703125 0.53203125 0.0296875 0.0375
4 0.1609375 0.55078125 0.01953125 0.040625
4 0.14375 0.54765625 0.03046875 0.034375
4 0.115625 0.55390625 0.0515625 0.0625
4 0.0109375 0.546875 0.021875 0.03359375
4 0.05 0.5734375 0.1 0.103125
4 0.2078125 0.553125 0.08984375 0.1
4 0.2890625 0.53359375 0.040625 0.05390625
4 0.35078125 0.528125 0.03515625 0.05
4 0.40078125 0.53046875 0.04453125 0.06953125
5 0.453125 0.5109375 0.00859375 0.03046875