5 0.81484375 0.303125 0.02265625 0.1140625
5 0.8984375 0.265625 0.01171875 0.05859375
5 0.31875 0.26875 0.01015625 0.0265625
5 0.3046875 0.278125 0.01015625 0.021875
5 0.29609375 0.27578125 0.0140625 0.04140625
4 0.4890625 0.2765625 0.00859375 0.01796875
4 0.4765625 0.284375 0.01796875 0.028125
4 0.44296875 0.303125 0.05078125 0.0859375
4 0.415625 0.3234375 0.05703125 0.075
4 0.34296875 0.34453125 0.1140625 0.1515625
4 0.2203125 0.403125 0.21328125 0.215625
5 0.925 0.2640625 0.015625 0.0265625
4 0.8859375 0.26953125 0.03359375 0.04453125
4 0.86171875 0.246875 0.0234375 0.021875
4 0.8703125 0.2671875 0.03671875 0.0484375
4 0.8390625 0.25390625 0.02109375 0.03046875
4 0.8375 0.2828125 0.028125 0.0265625
4 0.7921875 0.25859375 0.0203125 0.015625
4 0.77109375 0.26875 0.025 0.025
4 0.7859375 0.27890625 0.0328125 0.03203125
4 0.7515625 0.2796875 0.0328125 0.04140625
4 0.725 0.28125 0.01484375 0.04296875
4 0.5125 0.2796875 0.01484375 0.0265625
4 0.52109375 0.284375 0.009375 0.03359375
4 0.4921875 0.3140625 0.04609375 0.07109375
6 0.6234375 0.22890625 0.19609375 0.45546875
4 0.9234375 0.26484375 0.04296875 0.02890625
4 0.10234375 0.47734375 0.2046875 0.4875