4 0.1640625 0.54296875 0.0828125 0.078125
4 0.4359375 0.49296875 0.03828125 0.05859375
4 0.646875 0.5140625 0.16015625 0.20390625
4 0.321875 0.49609375 0.028125 0.03046875
5 0.3953125 0.48984375 0.01171875 0.01796875
5 0.83671875 0.4703125 0.02890625 0.10859375
5 0.559375 0.471875 0.009375 0.05859375
5 0.2375 0.5078125 0.01171875 0.04140625
5 0.1453125 0.5015625 0.01953125 0.02890625
5 0.2484375 0.50078125 0.01171875 0.053125
5 0.26015625 0.50546875 0.0078125 0.04140625
5 0.2859375 0.496875 0.0078125 0.0375
5 0.29375 0.49765625 0.00703125 0.03046875
4 0.4640625 0.47890625 0.02109375 0.0265625
4 0.4984375 0.47890625 0.0125 0.021875
4 0.3484375 0.4953125 0.01484375 0.025
4 0.36640625 0.4953125 0.00546875 0.025
4 0.3859375 0.48984375 0.0140625 0.021875
4 0.40546875 0.4875 0.01171875 0.021875
4 0.478125 0.478125 0.009375 0.015625