4 0.4453125 0.56953125 0.0234375 0.05859375
4 0.43515625 0.58515625 0.02421875 0.090625
4 0.48046875 0.584375 0.03046875 0.05546875
4 0.5078125 0.58515625 0.04296875 0.09296875
4 0.5734375 0.59296875 0.1125 0.18203125
4 0.31484375 0.634375 0.25234375 0.3625
4 0.71484375 0.6828125 0.30859375 0.3390625
5 0.9515625 0.58828125 0.02421875 0.10859375
5 0.925 0.575 0.02421875 0.10859375
4 0.59375 0.48984375 0.0140625 0.028125
4 0.95625 0.621875 0.08359375 0.16796875
4 0.0984375 0.596875 0.0640625 0.0609375