4 0.44921875 0.2421875 0.0125 0.02109375
4 0.4734375 0.2484375 0.009375 0.01953125
4 0.4828125 0.26015625 0.015625 0.02109375
4 0.45625 0.26015625 0.0140625 0.0234375
4 0.403125 0.28125 0.04765625 0.07890625
4 0.55546875 0.27890625 0.0359375 0.05546875
4 0.0671875 0.27421875 0.0546875 0.04296875
4 0.1171875 0.27265625 0.03046875 0.034375
4 0.14375 0.26640625 0.025 0.03046875
4 0.1921875 0.2671875 0.0171875 0.02109375
5 0.7765625 0.284375 0.0390625 0.15390625
5 0.8828125 0.28671875 0.03203125 0.14453125