4 0.5515625 0.553125 0.01484375 0.01953125
6 0.590625 0.528125 0.03515625 0.0875
4 0.5125 0.55 0.034375 0.04296875
4 0.34765625 0.56015625 0.01328125 0.0359375
4 0.621875 0.559375 0.0421875 0.05859375
4 0.31484375 0.55703125 0.05703125 0.06796875
4 0.2578125 0.565625 0.0640625 0.05546875
4 0.75078125 0.553125 0.084375 0.1234375
4 0.73515625 0.5703125 0.12734375 0.153125
4 0.14375 0.578125 0.13828125 0.11953125
4 0.0375 0.60234375 0.07265625 0.084375
4 0.88125 0.61171875 0.23203125 0.478125
4 0.4765625 0.56328125 0.0515625 0.065625
4 0.403125 0.58125 0.10546875 0.1265625
4 0.03984375 0.7859375 0.078125 0.2234375
4 0.6734375 0.55390625 0.075 0.1234375
4 0.5359375 0.54921875 0.01484375 0.01640625
4 0.5734375 0.5484375 0.0109375 0.02109375
4 0.5671875 0.54609375 0.0078125 0.021875
5 0.2421875 0.56953125 0.0125 0.07109375