4 0.43125 0.43515625 0.01171875 0.02109375
4 0.4234375 0.43671875 0.0140625 0.0265625
4 0.3984375 0.446875 0.01796875 0.046875
4 0.39140625 0.45390625 0.01953125 0.053125
4 0.36875 0.44765625 0.03671875 0.0734375
4 0.35625 0.4578125 0.0359375 0.0734375
4 0.33125 0.4578125 0.03984375 0.09453125
4 0.47265625 0.4359375 0.01328125 0.021875
4 0.478125 0.4359375 0.0109375 0.02890625
4 0.4890625 0.4421875 0.0125 0.03359375
4 0.496875 0.44140625 0.021875 0.0359375
4 0.5078125 0.44765625 0.01796875 0.040625
4 0.525 0.45078125 0.03203125 0.046875
4 0.56484375 0.4546875 0.06640625 0.1
4 0.56953125 0.471875 0.053125 0.0859375
4 0.6234375 0.48984375 0.1 0.10859375
4 0.28359375 0.48203125 0.11328125 0.140625
5 0.6765625 0.465625 0.01484375 0.05546875
5 0.40625 0.459375 0.01484375 0.08359375
4 0.4859375 0.440625 0.01171875 0.028125