5 0.6515625 0.4609375 0.025 0.06953125
5 0.6734375 0.4609375 0.02734375 0.06953125
5 0.621875 0.44375 0.02421875 0.10390625
5 0.21796875 0.46484375 0.0203125 0.0625
5 0.1984375 0.46484375 0.0234375 0.0765625
6 0.1046875 0.44140625 0.06640625 0.1140625
4 0.48125 0.52421875 0.28203125 0.4875
4 0.35 0.46953125 0.01484375 0.04453125
4 0.3328125 0.465625 0.02734375 0.05703125
4 0.3125 0.4546875 0.02890625 0.046875
4 0.2921875 0.45859375 0.0109375 0.03359375
4 0.284375 0.4609375 0.01328125 0.028125
4 0.27421875 0.459375 0.0125 0.0234375
4 0.265625 0.4578125 0.01875 0.028125
4 0.25 0.4640625 0.009375 0.01953125
4 0.240625 0.465625 0.0109375 0.01953125
4 0.14375 0.4640625 0.0171875 0.05
6 0.17890625 0.44453125 0.03203125 0.075