4 0.4125 0.484375 0.02265625 0.046875
5 0.390625 0.490625 0.01015625 0.0484375
5 0.396875 0.48984375 0.00859375 0.04609375
4 0.384375 0.49453125 0.0171875 0.0390625
4 0.375 0.496875 0.01640625 0.04453125
4 0.36171875 0.5 0.02109375 0.046875
4 0.340625 0.503125 0.04140625 0.06640625
4 0.2984375 0.5140625 0.07734375 0.09140625
4 0.27890625 0.5328125 0.0625 0.09296875
4 0.2328125 0.5421875 0.09296875 0.12890625
4 0.4421875 0.4859375 0.01015625 0.02890625
4 0.44921875 0.49609375 0.01015625 0.021875
4 0.4578125 0.496875 0.015625 0.03046875
4 0.4671875 0.49609375 0.01953125 0.0390625
4 0.471875 0.50078125 0.0140625 0.0359375
4 0.4765625 0.50390625 0.0140625 0.0359375
4 0.48359375 0.503125 0.01484375 0.05
4 0.50625 0.50546875 0.04921875 0.08046875
4 0.525 0.5203125 0.05234375 0.0765625
4 0.5953125 0.54296875 0.11171875 0.14140625
4 0.6671875 0.584375 0.1453125 0.19609375
4 0.840625 0.5953125 0.315625 0.4484375
4 0.1109375 0.56015625 0.221875 0.2421875
4 0.025 0.66953125 0.04921875 0.184375