5 0.3359375 0.43046875 0.01484375 0.021875
5 0.31875 0.4296875 0.0109375 0.02109375
5 0.6796875 0.4515625 0.01640625 0.046875
5 0.7 0.4640625 0.015625 0.021875
5 0.4875 0.46796875 0.01484375 0.06953125
5 0.571875 0.45234375 0.00859375 0.03046875
5 0.62890625 0.47265625 0.009375 0.05859375
5 0.63984375 0.47890625 0.01875 0.046875
4 0.12578125 0.47578125 0.2515625 0.275
4 0.2984375 0.47265625 0.10078125 0.11796875
4 0.35625 0.47578125 0.05390625 0.06796875
4 0.45703125 0.46484375 0.04453125 0.0484375
4 0.42890625 0.459375 0.02734375 0.034375
4 0.8875 0.5203125 0.22421875 0.65859375
4 0.546875 0.459375 0.0203125 0.0234375
4 0.5359375 0.45546875 0.015625 0.0234375
4 0.5109375 0.459375 0.0203125 0.0234375
6 0.440625 0.43125 0.028125 0.0234375
6 0.46015625 0.43359375 0.01171875 0.0140625