5 0.021875 0.609375 0.03125 0.10859375
5 0.009375 0.58359375 0.01796875 0.134375
5 0.30390625 0.609375 0.01796875 0.09453125
5 0.3359375 0.59921875 0.0140625 0.0515625
4 0.6390625 0.621875 0.025 0.0515625
4 0.62890625 0.628125 0.0203125 0.04453125
4 0.61875 0.63671875 0.025 0.0640625
4 0.58515625 0.628125 0.05546875 0.09453125
4 0.4828125 0.634375 0.04453125 0.06796875
4 0.52734375 0.64609375 0.08125 0.10703125
4 0.39375 0.6296875 0.12578125 0.13046875
4 0.66875 0.634375 0.03671875 0.04609375
4 0.74140625 0.6421875 0.0203125 0.028125
5 0.796875 0.6390625 0.00625 0.02109375
5 0.790625 0.640625 0.0046875 0.01640625
4 0.8234375 0.6609375 0.08203125 0.053125
4 0.76328125 0.653125 0.0296875 0.0515625
4 0.94375 0.66796875 0.05 0.05390625