4 0.465625 0.515625 0.01328125 0.0234375
4 0.47734375 0.51328125 0.0109375 0.01953125
4 0.48984375 0.51953125 0.01640625 0.021875
4 0.509375 0.51796875 0.01796875 0.01953125
4 0.2484375 0.5 0.05625 0.0609375
4 0.22265625 0.484375 0.0234375 0.02890625
4 0.1625 0.478125 0.05078125 0.0359375
4 0.18125 0.503125 0.078125 0.06796875
4 0.0359375 0.50625 0.06953125 0.1015625
4 0.07734375 0.5109375 0.1390625 0.1015625
4 0.3953125 0.50859375 0.0421875 0.071875
4 0.4375 0.52890625 0.05625 0.08046875
4 0.31875 0.51484375 0.0984375 0.12890625
5 0.8203125 0.55859375 0.040625 0.18203125
5 0.85625 0.55703125 0.040625 0.1890625
5 0.53359375 0.52265625 0.0078125 0.0390625
5 0.5234375 0.52890625 0.01328125 0.05546875
4 0.8890625 0.559375 0.20234375 0.12109375