5 0.5078125 0.47109375 0.0421875 0.11640625
5 0.0625 0.47109375 0.01875 0.0375
5 0.0203125 0.4796875 0.0265625 0.0765625
5 0.51953125 0.4671875 0.040625 0.10546875
5 0.6796875 0.41484375 0.01953125 0.04609375
5 0.6640625 0.4203125 0.01953125 0.0515625
4 0.3625 0.484375 0.028125 0.05546875
4 0.3421875 0.48515625 0.021875 0.05390625
4 0.309375 0.47890625 0.0546875 0.05
4 0.4515625 0.47109375 0.009375 0.025
4 0.4453125 0.475 0.01484375 0.04140625
4 0.4359375 0.4734375 0.0171875 0.0515625
4 0.4734375 0.478125 0.04453125 0.059375
4 0.54140625 0.47265625 0.03984375 0.05390625
6 0.40546875 0.46484375 0.06328125 0.1125
4 0.18046875 0.54140625 0.35 0.19140625
4 0.7578125 0.45390625 0.2390625 0.18359375