4 0.52578125 0.540625 0.01796875 0.05
4 0.51015625 0.540625 0.02734375 0.04296875
4 0.4765625 0.5515625 0.025 0.05859375
4 0.45546875 0.54765625 0.03203125 0.0765625
4 0.43125 0.56015625 0.03984375 0.0875
4 0.35625 0.5046875 0.02890625 0.0125
4 0.3125 0.50390625 0.0390625 0.02890625
4 0.36953125 0.56328125 0.10546875 0.11796875
4 0.146875 0.58671875 0.29140625 0.315625
4 0.0125 0.63046875 0.02421875 0.20546875
4 0.5484375 0.546875 0.03046875 0.04609375
4 0.59609375 0.5484375 0.0078125 0.01796875
4 0.621875 0.55546875 0.0203125 0.034375
5 0.609375 0.559375 0.0171875 0.0625
5 0.58203125 0.55078125 0.0140625 0.05703125
4 0.634375 0.56328125 0.0171875 0.08203125
4 0.6703125 0.55703125 0.06171875 0.109375
4 0.740625 0.5890625 0.146875 0.1984375
4 0.86015625 0.571875 0.0953125 0.06640625
4 0.971875 0.57890625 0.05546875 0.0890625