4 0.59609375 0.465625 0.0109375 0.01640625
4 0.5828125 0.46796875 0.025 0.03359375
4 0.53515625 0.47890625 0.0703125 0.09140625
4 0.49453125 0.4703125 0.02265625 0.03359375
4 0.4796875 0.4703125 0.0109375 0.02109375
5 0.4671875 0.46328125 0.02265625 0.1015625
4 0.60625 0.45390625 0.00703125 0.040625
4 0.67734375 0.48828125 0.10859375 0.146875
5 0.77734375 0.46484375 0.0140625 0.065625
4 0.8140625 0.47265625 0.05703125 0.075
4 0.4328125 0.47890625 0.025 0.04140625
4 0.4484375 0.47890625 0.00859375 0.0265625
4 0.4140625 0.4734375 0.01796875 0.04140625
4 0.384375 0.48125 0.0546875 0.0640625
4 0.275 0.490625 0.0515625 0.0484375
4 0.23671875 0.4921875 0.0359375 0.05546875
4 0.1234375 0.51796875 0.23359375 0.16796875
6 0.92734375 0.31484375 0.1421875 0.221875
4 0.8984375 0.56171875 0.20078125 0.52890625