4 0.3515625 0.68984375 0.01875 0.028125
4 0.334375 0.690625 0.0203125 0.0375
4 0.3203125 0.696875 0.02109375 0.0515625
4 0.2515625 0.715625 0.05234375 0.08359375
4 0.203125 0.71171875 0.09296875 0.1234375
4 0.13046875 0.734375 0.14765625 0.15390625
4 0.43203125 0.68046875 0.01171875 0.01640625
4 0.4 0.68125 0.01640625 0.01953125
4 0.3765625 0.67890625 0.02265625 0.02109375
4 0.5296875 0.69296875 0.040625 0.053125
4 0.58125 0.6890625 0.04375 0.05703125
4 0.66875 0.68203125 0.07421875 0.06796875
4 0.9078125 0.634375 0.02734375 0.0609375
4 0.48125 0.67265625 0.00859375 0.0375
4 0.9375 0.62109375 0.02109375 0.025
6 0.8546875 0.6375 0.090625 0.171875
6 0.27890625 0.671875 0.06796875 0.13203125