5 0.08671875 0.434375 0.01640625 0.05859375
5 0.06328125 0.43203125 0.01171875 0.065625
5 0.05625 0.4515625 0.01875 0.09140625
5 0.00703125 0.4296875 0.0125 0.0625
5 0.021875 0.43984375 0.0171875 0.05859375
5 0.0421875 0.47109375 0.015625 0.12109375
5 0.1671875 0.41953125 0.00859375 0.028125
4 0.0171875 0.5296875 0.03359375 0.13203125
6 0.3953125 0.3921875 0.02421875 0.03046875
6 0.37265625 0.39765625 0.02734375 0.0265625
6 0.50703125 0.384375 0.01484375 0.028125
4 0.34375 0.4 0.021875 0.021875
4 0.3609375 0.44765625 0.05234375 0.0765625
4 0.603125 0.47109375 0.07734375 0.15859375
4 0.51796875 0.409375 0.02109375 0.02890625
4 0.5265625 0.42734375 0.025 0.06796875
4 0.25078125 0.45078125 0.171875 0.2125
4 0.44609375 0.5 0.1640625 0.22109375
6 0.80625 0.3875 0.384375 0.76640625