4 0.4671875 0.45859375 0.0875 0.14140625
4 0.253125 0.48203125 0.16953125 0.20390625
4 0.0609375 0.48671875 0.121875 0.1609375
4 0.3296875 0.44453125 0.03125 0.0484375
4 0.3859375 0.44296875 0.01171875 0.01640625
4 0.4015625 0.44296875 0.01171875 0.0234375
4 0.41875 0.44921875 0.03203125 0.05546875
4 0.509375 0.446875 0.0171875 0.05546875
4 0.5453125 0.43828125 0.02265625 0.0640625
4 0.64375 0.4484375 0.04921875 0.06953125
4 0.5359375 0.42734375 0.01484375 0.03203125
6 0.584375 0.42265625 0.065625 0.13046875
4 0.671875 0.428125 0.015625 0.02890625
4 0.5234375 0.4296875 0.01796875 0.03046875
4 0.3546875 0.446875 0.021875 0.01796875
5 0.60546875 0.44375 0.01953125 0.08203125