4 0.103125 0.4734375 0.20234375 0.31953125
4 0.52734375 0.4828125 0.0140625 0.04140625
4 0.76953125 0.48203125 0.06328125 0.128125
4 0.475 0.46328125 0.0109375 0.04453125
4 0.49765625 0.4765625 0.04296875 0.0765625
4 0.45859375 0.47890625 0.02890625 0.05703125
6 0.653125 0.33125 0.26875 0.47890625
5 0.278125 0.475 0.0203125 0.13359375
6 0.3625 0.46484375 0.065625 0.10703125
6 0.409375 0.47109375 0.03359375 0.0734375
4 0.44296875 0.475 0.01875 0.0390625
5 0.821875 0.50546875 0.01953125 0.103125
5 0.8890625 0.48828125 0.0203125 0.1109375
5 0.978125 0.4890625 0.025 0.0984375
5 0.840625 0.48359375 0.01328125 0.11640625
5 0.8109375 0.5 0.0140625 0.09453125