4 0.425 0.4484375 0.01640625 0.034375
4 0.44609375 0.4578125 0.034375 0.05859375
4 0.4046875 0.46015625 0.01328125 0.04296875
4 0.371875 0.47421875 0.025 0.078125
4 0.2953125 0.4890625 0.02734375 0.065625
4 0.2921875 0.446875 0.0515625 0.028125
4 0.271875 0.4921875 0.0515625 0.090625
4 0.18828125 0.503125 0.16953125 0.16640625
4 0.3390625 0.490625 0.096875 0.109375
5 0.4640625 0.496875 0.02734375 0.19296875
5 0.7171875 0.571875 0.06640625 0.29140625
5 0.48125 0.50390625 0.03515625 0.2015625
5 0.54296875 0.48515625 0.0328125 0.1875
5 0.6546875 0.53828125 0.08203125 0.3484375
4 0.06328125 0.553125 0.125 0.1890625