4 0.6921875 0.51171875 0.00859375 0.0125
4 0.68125 0.51328125 0.00859375 0.0125
4 0.69296875 0.53359375 0.0125 0.01953125
6 0.6765625 0.53125 0.01640625 0.0234375
4 0.6609375 0.5390625 0.01953125 0.01640625
4 0.64609375 0.5421875 0.01328125 0.0125
4 0.6375 0.55078125 0.00859375 0.01796875
4 0.66328125 0.55703125 0.01640625 0.03046875
4 0.6484375 0.559375 0.01796875 0.02890625
4 0.68125 0.5609375 0.03125 0.05
4 0.70703125 0.53984375 0.01171875 0.0265625
4 0.59453125 0.55234375 0.01875 0.0125
4 0.57578125 0.565625 0.0203125 0.0375
4 0.553125 0.571875 0.02265625 0.040625
5 0.70234375 0.57578125 0.0125 0.07109375
5 0.71875 0.5265625 0.00546875 0.021875
5 0.7265625 0.546875 0.00546875 0.03046875
5 0.7359375 0.57109375 0.0078125 0.03203125
5 0.7203125 0.5484375 0.00546875 0.01953125
5 0.74296875 0.553125 0.00703125 0.028125
5 0.725 0.56875 0.009375 0.0359375
5 0.79765625 0.565625 0.01640625 0.071875
5 0.97578125 0.60546875 0.0171875 0.096875
5 0.9546875 0.59375 0.0203125 0.1375
5 0.92109375 0.5890625 0.03125 0.14140625
4 0.60625 0.58203125 0.0515625 0.05859375
4 0.51875 0.571875 0.06796875 0.09140625
4 0.40390625 0.60390625 0.16015625 0.1890625