4 0.49921875 0.52421875 0.034375 0.04140625
6 0.33984375 0.5328125 0.1625 0.18984375
4 0.921875 0.5140625 0.01328125 0.0125
6 0.52734375 0.50234375 0.0109375 0.0125
4 0.675 0.51171875 0.04609375 0.0234375
6 0.9609375 0.50859375 0.07265625 0.0296875
4 0.6203125 0.51328125 0.04296875 0.02109375
4 0.95625 0.5140625 0.05078125 0.02109375
4 0.5 0.5296875 0.02734375 0.04375
5 0.628125 0.52578125 0.01796875 0.08125
5 0.51875 0.5125 0.00703125 0.0296875
5 0.7046875 0.5296875 0.02890625 0.0984375
5 0.5546875 0.5109375 0.00703125 0.03515625