6 0.71328125 0.546875 0.05546875 0.028125
6 0.62421875 0.55 0.0734375 0.059375
6 0.5703125 0.5515625 0.03203125 0.0484375
6 0.53125 0.559375 0.05546875 0.040625
4 0.7984375 0.58984375 0.0609375 0.04453125
4 0.896875 0.6140625 0.14609375 0.084375
4 0.896875 0.725 0.20546875 0.1875
4 0.7609375 0.64375 0.15234375 0.128125
5 0.68203125 0.6484375 0.0453125 0.084375
4 0.37578125 0.61171875 0.11171875 0.16640625
4 0.278125 0.52578125 0.0140625 0.0109375
4 0.29375 0.52421875 0.021875 0.01640625
4 0.29609375 0.5375 0.01640625 0.025
4 0.3109375 0.53359375 0.009375 0.01640625
4 0.3296875 0.52734375 0.01640625 0.0125
5 0.22578125 0.5171875 0.00625 0.01953125
5 0.2171875 0.53203125 0.0109375 0.04453125
4 0.2671875 0.5234375 0.01171875 0.0234375
4 0.234375 0.51328125 0.009375 0.028125
4 0.2421875 0.52890625 0.02265625 0.02890625
4 0.140625 0.50625 0.0109375 0.015625
4 0.13125 0.50234375 0.00390625 0.01953125
4 0.11953125 0.5109375 0.01953125 0.03203125
4 0.140625 0.52421875 0.02734375 0.025
4 0.0984375 0.50234375 0.01953125 0.01953125
4 0.08046875 0.509375 0.01796875 0.02109375
4 0.0640625 0.5015625 0.0140625 0.0125
4 0.059375 0.509375 0.015625 0.02109375
4 0.04296875 0.503125 0.01953125 0.01640625
4 0.0296875 0.51328125 0.0359375 0.03203125