4 0.046875 0.59921875 0.09375 0.328125
4 0.2546875 0.50078125 0.15703125 0.17890625
6 0.9859375 0.49453125 0.02421875 0.171875
4 0.415625 0.45 0.03984375 0.05859375
4 0.9265625 0.4640625 0.09453125 0.05546875
5 0.5375 0.46875 0.0234375 0.09453125
5 0.4953125 0.46484375 0.01640625 0.10703125
5 0.5125 0.459375 0.0203125 0.090625
5 0.3640625 0.47109375 0.01640625 0.0609375
5 0.3890625 0.47109375 0.021875 0.09453125
5 0.796875 0.4625 0.01328125 0.05859375
5 0.8515625 0.4671875 0.01484375 0.0875
5 0.63046875 0.45390625 0.01640625 0.065625
5 0.33125 0.459375 0.0125 0.084375
5 0.33828125 0.44140625 0.01640625 0.075
5 0.021875 0.434375 0.0296875 0.090625
5 0.08125 0.4609375 0.02421875 0.1234375
5 0.1078125 0.49140625 0.01484375 0.053125
5 0.4828125 0.453125 0.0125 0.071875
5 0.775 0.4609375 0.009375 0.0609375
5 0.7609375 0.4546875 0.0125 0.05859375
5 0.7671875 0.425 0.00546875 0.021875
5 0.5890625 0.440625 0.0125 0.0484375
5 0.73125 0.4828125 0.01796875 0.05546875
5 0.9484375 0.46484375 0.0125 0.096875
5 0.95625 0.46015625 0.01796875 0.09453125
5 0.9171875 0.46171875 0.01484375 0.06796875
5 0.878125 0.465625 0.0203125 0.090625
5 0.74765625 0.4796875 0.01328125 0.07109375
4 0.5703125 0.44140625 0.0234375 0.0234375
4 0.43046875 0.428125 0.0078125 0.0265625
5 0.7421875 0.43125 0.01640625 0.0375
5 0.81875 0.4515625 0.0046875 0.040625
5 0.825 0.4578125 0.00546875 0.0375