4 0.86875 0.41796875 0.12578125 0.090625
4 0.85625 0.403125 0.1765625 0.140625
4 0.43984375 0.46328125 0.0296875 0.0484375
4 0.503125 0.4625 0.03515625 0.04453125
4 0.3375 0.4734375 0.03828125 0.0734375
5 0.3875 0.490625 0.06171875 0.265625
5 0.6640625 0.4953125 0.06328125 0.253125
5 0.74453125 0.4671875 0.05390625 0.24453125
5 0.8703125 0.46796875 0.0765625 0.3125
5 0.94609375 0.4765625 0.07109375 0.30546875
5 0.02578125 0.51328125 0.02265625 0.0859375
5 0.296875 0.46796875 0.0171875 0.05703125
5 0.2734375 0.47421875 0.01484375 0.059375
5 0.60625 0.4859375 0.053125 0.259375
5 0.6234375 0.4796875 0.04453125 0.221875
5 0.571875 0.4640625 0.0375 0.22109375
5 0.89375 0.45234375 0.06328125 0.2859375
5 0.09453125 0.503125 0.02734375 0.10390625
5 0.7078125 0.43671875 0.01875 0.09453125
5 0.71640625 0.403125 0.01484375 0.03046875
5 0.22421875 0.4921875 0.034375 0.09609375
4 0.4828125 0.45625 0.0109375 0.021875
4 0.45625 0.45703125 0.01015625 0.02109375