5 0.65078125 0.56015625 0.01171875 0.028125
5 0.4078125 0.58203125 0.0140625 0.07109375
5 0.496875 0.59296875 0.0203125 0.07109375
5 0.06875 0.60546875 0.0078125 0.0359375
4 0.01796875 0.6328125 0.0359375 0.078125
4 0.08125 0.6078125 0.015625 0.01953125
4 0.12421875 0.59765625 0.0515625 0.03203125
4 0.1546875 0.5953125 0.00625 0.0109375
4 0.16171875 0.6 0.01015625 0.0234375
4 0.190625 0.603125 0.0109375 0.0125
4 0.22265625 0.584375 0.02890625 0.04609375
4 0.1015625 0.6078125 0.0296875 0.03359375
4 0.17578125 0.59921875 0.02265625 0.03203125
4 0.24765625 0.5953125 0.02734375 0.0390625
6 0.940625 0.51484375 0.11484375 0.18203125