4 0.4734375 0.6875 0.0078125 0.021875
4 0.4796875 0.6859375 0.01171875 0.025
4 0.4625 0.6921875 0.009375 0.02109375
4 0.46953125 0.7046875 0.0125 0.02109375
4 0.365625 0.69140625 0.01953125 0.034375
4 0.3859375 0.69453125 0.0328125 0.04140625
4 0.565625 0.7171875 0.01953125 0.05390625
4 0.5953125 0.71328125 0.05703125 0.0875
4 0.6578125 0.740625 0.09140625 0.1
4 0.496875 0.71328125 0.04453125 0.0625
4 0.4328125 0.70859375 0.0609375 0.096875
6 0.4296875 0.63671875 0.05625 0.075
4 0.0765625 0.75703125 0.15234375 0.1640625
4 0.30390625 0.70625 0.0375 0.034375
5 0.74609375 0.746875 0.03515625 0.12109375
5 0.865625 0.71015625 0.028125 0.11796875
5 0.940625 0.80390625 0.03984375 0.2015625
4 0.97734375 0.928125 0.04296875 0.1375
4 0.18515625 0.7140625 0.04296875 0.059375