4 0.19296875 0.39140625 0.07578125 0.13046875
4 0.5234375 0.41875 0.01015625 0.01796875
4 0.5328125 0.41875 0.0078125 0.01796875
4 0.54375 0.41875 0.01171875 0.028125
4 0.5703125 0.421875 0.01328125 0.025
4 0.58046875 0.4265625 0.009375 0.02109375
4 0.653125 0.43359375 0.01875 0.025
4 0.478125 0.409375 0.01015625 0.0234375
4 0.46875 0.41015625 0.0078125 0.02109375
4 0.4515625 0.41171875 0.009375 0.0234375
4 0.43359375 0.40625 0.02265625 0.04140625
4 0.4046875 0.40625 0.03515625 0.05546875
4 0.36875 0.40234375 0.05546875 0.0984375
4 0.31875 0.38046875 0.07890625 0.1640625
6 0.078125 0.353125 0.15625 0.36875
4 0.4953125 0.40859375 0.01015625 0.025
4 0.509375 0.41328125 0.01015625 0.0109375
4 0.5125 0.4234375 0.01171875 0.0140625
4 0.55859375 0.421875 0.015625 0.025
4 0.59375 0.43203125 0.0171875 0.025
4 0.6671875 0.453125 0.034375 0.040625
4 0.62421875 0.45 0.046875 0.0609375
5 0.77109375 0.46875 0.01171875 0.05546875