5 0.71875 0.40859375 0.02265625 0.1125
5 0.771875 0.41484375 0.03984375 0.13203125
4 0.3515625 0.39375 0.01015625 0.0125
4 0.34140625 0.3921875 0.0125 0.01640625
4 0.3296875 0.39296875 0.0171875 0.02890625
4 0.2953125 0.39765625 0.00859375 0.01953125
4 0.28203125 0.3921875 0.02265625 0.01953125
4 0.28125 0.403125 0.0203125 0.01640625
4 0.365625 0.3921875 0.0140625 0.015625
4 0.390625 0.39375 0.0109375 0.0140625
4 0.378125 0.39296875 0.01640625 0.02109375
4 0.4 0.38984375 0.009375 0.01640625
4 0.40625 0.3921875 0.0078125 0.01640625
4 0.409375 0.39609375 0.009375 0.01953125
4 0.415625 0.39765625 0.009375 0.021875
4 0.42421875 0.39609375 0.01171875 0.028125
4 0.4328125 0.396875 0.015625 0.03046875
4 0.45 0.39765625 0.0265625 0.04453125
4 0.4765625 0.40703125 0.04765625 0.0640625
4 0.5078125 0.41875 0.0359375 0.071875
4 0.5328125 0.421875 0.04296875 0.0890625
4 0.5609375 0.4296875 0.04453125 0.10703125
4 0.02265625 0.42265625 0.04453125 0.1125
4 0.31171875 0.39765625 0.03125 0.0359375
4 0.6421875 0.42734375 0.1421875 0.18203125
5 0.8296875 0.4140625 0.034375 0.134375
5 0.85625 0.42890625 0.03671875 0.1609375