4 0.39765625 0.540625 0.03125 0.034375
4 0.3796875 0.54609375 0.0265625 0.05390625
4 0.34453125 0.54921875 0.05859375 0.0640625
4 0.278125 0.55390625 0.05703125 0.071875
4 0.1984375 0.56640625 0.05859375 0.071875
4 0.5953125 0.55546875 0.0203125 0.0390625
4 0.678125 0.5828125 0.0421875 0.10390625
4 0.578125 0.5328125 0.03125 0.05
6 0.65 0.53203125 0.09375 0.121875
6 0.79375 0.534375 0.2 0.2390625
4 0.4484375 0.52734375 0.0265625 0.04609375
4 0.54765625 0.52109375 0.01015625 0.015625
4 0.9484375 0.63671875 0.01328125 0.01796875