4 0.5796875 0.51796875 0.00703125 0.00390625
4 0.4828125 0.50390625 0.01953125 0.01640625
4 0.45 0.503125 0.0125 0.01796875
4 0.44140625 0.496875 0.0078125 0.01953125
4 0.43125 0.49609375 0.0171875 0.028125
4 0.38125 0.48828125 0.028125 0.02109375
4 0.35859375 0.4890625 0.053125 0.03203125
4 0.3296875 0.484375 0.03828125 0.0375
4 0.29140625 0.459375 0.03828125 0.01953125
4 0.3125 0.484375 0.0328125 0.03203125
4 0.29375 0.4796875 0.0359375 0.0375
4 0.271875 0.47890625 0.04296875 0.04609375
4 0.24453125 0.47578125 0.053125 0.04609375
4 0.221875 0.478125 0.0515625 0.05703125
4 0.19375 0.47421875 0.0640625 0.0609375
4 0.16953125 0.4734375 0.07265625 0.0625
4 0.1171875 0.4703125 0.0703125 0.0640625
4 0.0375 0.459375 0.075 0.0890625
4 0.8828125 0.465625 0.10859375 0.0265625
4 0.4640625 0.503125 0.0171875 0.025
4 0.5125 0.503125 0.0203125 0.025
4 0.553125 0.51328125 0.0125 0.015625
6 0.534375 0.5078125 0.01171875 0.0265625
4 0.40625 0.49453125 0.03125 0.0359375
5 0.18125 0.4734375 0.01875 0.0875
4 0.60078125 0.5125 0.015625 0.01796875