5 0.5984375 0.5015625 0.01796875 0.03046875
5 0.56640625 0.50390625 0.015625 0.04609375
5 0.5140625 0.5125 0.0140625 0.05703125
4 0.10078125 0.45625 0.01015625 0.0125
4 0.0796875 0.46875 0.02890625 0.040625
4 0.1484375 0.465625 0.0109375 0.01640625
4 0.15625 0.4703125 0.00625 0.021875
4 0.128125 0.4578125 0.03203125 0.01796875
4 0.1640625 0.4671875 0.01015625 0.021875
4 0.1734375 0.4671875 0.01640625 0.021875
4 0.1859375 0.4703125 0.01171875 0.021875
4 0.1984375 0.47109375 0.0125 0.0234375
4 0.5921875 0.53984375 0.10625 0.07109375
4 0.0421875 0.46328125 0.0546875 0.08046875
4 0.12109375 0.49609375 0.078125 0.07109375
4 0.2765625 0.56953125 0.2453125 0.24296875
6 0.7234375 0.50703125 0.16484375 0.14453125
4 0.978125 0.54609375 0.04140625 0.0625
4 0.9203125 0.54609375 0.025 0.05390625