5 0.0234375 0.571875 0.03515625 0.065625
4 0.7828125 0.59921875 0.0546875 0.059375
4 0.646875 0.596875 0.0828125 0.084375
4 0.509375 0.58515625 0.0109375 0.015625
4 0.490625 0.59296875 0.00703125 0.01640625
4 0.5 0.5984375 0.01875 0.028125
4 0.52734375 0.60078125 0.040625 0.065625
6 0.46875 0.57734375 0.0421875 0.0875
4 0.359375 0.6109375 0.05859375 0.07890625
5 0.3 0.590625 0.01328125 0.0484375
6 0.40234375 0.66875 0.128125 0.16953125
4 0.171875 0.73203125 0.34375 0.2796875
4 0.8484375 0.665625 0.3015625 0.315625
4 0.615625 0.67734375 0.1734375 0.1890625
5 0.0078125 0.58359375 0.015625 0.07109375
5 0.26875 0.59296875 0.015625 0.065625