5 0.271875 0.44140625 0.01328125 0.05859375
5 0.25 0.43828125 0.0125 0.05546875
5 0.284375 0.440625 0.00859375 0.046875
5 0.23125 0.45078125 0.009375 0.04140625
4 0.084375 0.49296875 0.16875 0.1546875
4 0.4796875 0.465625 0.084375 0.13046875
4 0.37421875 0.42265625 0.04296875 0.05546875
6 0.8921875 0.46875 0.2140625 0.44140625
4 0.753125 0.45390625 0.12734375 0.190625
6 0.66953125 0.37734375 0.1484375 0.23046875
4 0.43828125 0.42734375 0.028125 0.03359375
4 0.40390625 0.41953125 0.0203125 0.04140625
4 0.42109375 0.4203125 0.01171875 0.02890625
6 0.55078125 0.41015625 0.0234375 0.0515625
4 0.5328125 0.4171875 0.0125 0.03046875