4 0.4375 0.48125 0.01484375 0.0234375
4 0.425 0.484375 0.01328125 0.02109375
4 0.5359375 0.4984375 0.01171875 0.0265625
4 0.546875 0.50390625 0.01875 0.0375
4 0.58828125 0.4734375 0.02109375 0.0375
6 0.340625 0.48359375 0.0234375 0.046875
6 0.1140625 0.471875 0.05234375 0.04140625
4 0.08671875 0.48671875 0.0328125 0.01640625
4 0.0390625 0.48671875 0.0328125 0.0265625
4 0.2890625 0.48125 0.0484375 0.103125
4 0.240625 0.50546875 0.084375 0.09609375
4 0.565625 0.5109375 0.034375 0.046875
4 0.646875 0.5140625 0.13046875 0.1734375
4 0.48515625 0.5296875 0.10546875 0.16796875