4 0.8359375 0.65859375 0.3265625 0.39140625
4 0.61171875 0.59296875 0.1109375 0.190625
4 0.5421875 0.59453125 0.025 0.05859375
4 0.4484375 0.62265625 0.01015625 0.034375
4 0.3875 0.61484375 0.02734375 0.0375
4 0.3734375 0.6234375 0.0171875 0.0375
4 0.3640625 0.6234375 0.015625 0.0375
4 0.325 0.6203125 0.07265625 0.09609375
5 0.203125 0.6359375 0.01484375 0.071875
5 0.15625 0.64453125 0.01953125 0.09296875
5 0.140625 0.6390625 0.0171875 0.10546875
4 0.421875 0.615625 0.0421875 0.071875
4 0.49375 0.61015625 0.0859375 0.1609375
4 0.1546875 0.6421875 0.075 0.07109375
4 0.1 0.64609375 0.11328125 0.078125
4 0.0375 0.62578125 0.06171875 0.04140625
4 0.0234375 0.65234375 0.046875 0.0640625