4 0.025 0.6203125 0.05 0.12890625
4 0.0875 0.63203125 0.0796875 0.06953125
4 0.30390625 0.66796875 0.221875 0.3484375
4 0.45 0.60625 0.090625 0.1015625
4 0.6125 0.60234375 0.0625 0.109375
4 0.5765625 0.59375 0.05 0.090625
4 0.54609375 0.58984375 0.03671875 0.07109375
4 0.49921875 0.59140625 0.0203125 0.0265625
4 0.40546875 0.5796875 0.0171875 0.0390625
5 0.509375 0.58125 0.01640625 0.05
5 0.0703125 0.5828125 0.015625 0.0265625
6 0.76484375 0.48828125 0.27109375 0.4359375
4 0.4078125 0.528125 0.06875 0.08359375