5 0.85 0.7 0.18046875 0.5984375
4 0.10546875 0.653125 0.21015625 0.19609375
4 0.64765625 0.640625 0.265625 0.2
4 0.4765625 0.59921875 0.09609375 0.05859375
4 0.390625 0.59765625 0.08125 0.05859375
4 0.1484375 0.56640625 0.01640625 0.015625
4 0.2046875 0.559375 0.01484375 0.021875
4 0.1859375 0.590625 0.059375 0.06953125
4 0.0828125 0.56640625 0.034375 0.01796875
4 0.1234375 0.59296875 0.0671875 0.04609375
6 0.246875 0.60546875 0.07109375 0.11953125
6 0.32109375 0.6046875 0.0640625 0.1140625
6 0.95078125 0.603125 0.0953125 0.13203125
4 0.7828125 0.578125 0.0546875 0.040625