4 0.46875 0.6234375 0.02265625 0.02890625
4 0.49375 0.63671875 0.02890625 0.040625
4 0.4078125 0.63125 0.0171875 0.02109375
4 0.3921875 0.6390625 0.03046875 0.04609375
4 0.3625 0.66015625 0.0625 0.084375
4 0.4375 0.621875 0.034375 0.015625
4 0.4390625 0.63046875 0.05078125 0.025
4 0.5359375 0.640625 0.02265625 0.04453125
4 0.5453125 0.64609375 0.01796875 0.05
4 0.70234375 0.65859375 0.09296875 0.115625
4 0.05 0.76015625 0.09921875 0.1875
4 0.20625 0.74765625 0.2375 0.30390625
4 0.44375 0.73984375 0.1328125 0.20546875
4 0.603125 0.6765625 0.11484375 0.171875
4 0.8234375 0.6703125 0.15859375 0.184375
5 0.9140625 0.61640625 0.02578125 0.15
5 0.94375 0.628125 0.03125 0.15