5 0.5734375 0.59609375 0.01640625 0.1265625
5 0.5421875 0.5625 0.01484375 0.06640625
4 0.45390625 0.534375 0.0109375 0.00859375
4 0.459375 0.5390625 0.00703125 0.0125
4 0.465625 0.53828125 0.009375 0.0109375
4 0.471875 0.54453125 0.00703125 0.015625
4 0.478125 0.5484375 0.01171875 0.015625
4 0.4875 0.55390625 0.01640625 0.025
4 0.453125 0.55 0.00703125 0.015625
4 0.43984375 0.54296875 0.00859375 0.0125
4 0.3203125 0.54375 0.0203125 0.01640625
4 0.3359375 0.571875 0.04375 0.0640625
4 0.2828125 0.578125 0.0796875 0.09609375
4 0.44375 0.55234375 0.0140625 0.01640625
4 0.4625 0.5484375 0.01484375 0.02109375
4 0.503125 0.559375 0.0203125 0.03203125
4 0.3828125 0.56171875 0.01328125 0.0140625