4 0.2078125 0.54921875 0.084375 0.125
5 0.43359375 0.484375 0.00703125 0.0375
5 0.50859375 0.5078125 0.01171875 0.06640625
5 0.5296875 0.51015625 0.01171875 0.08046875
5 0.534375 0.50234375 0.01484375 0.071875
5 0.54609375 0.48984375 0.00703125 0.071875
5 0.5546875 0.484375 0.0140625 0.07109375
5 0.56484375 0.48671875 0.01171875 0.05
5 0.4546875 0.50859375 0.00703125 0.0390625
5 0.4640625 0.5078125 0.00703125 0.04140625
5 0.48125 0.51015625 0.0078125 0.034375
5 0.5953125 0.52265625 0.01171875 0.071875
5 0.7609375 0.5015625 0.021875 0.12109375
5 0.78046875 0.49609375 0.0125 0.109375
5 0.7984375 0.503125 0.0171875 0.13359375
5 0.6296875 0.50390625 0.01640625 0.09296875
5 0.6171875 0.50625 0.01015625 0.08046875
4 0.44375 0.503125 0.0234375 0.04140625
6 0.3328125 0.4203125 0.196875 0.4609375
5 0.05 0.55234375 0.0359375 0.18046875
5 0.1453125 0.5015625 0.009375 0.0375
5 0.1296875 0.503125 0.01171875 0.0375
5 0.215625 0.46640625 0.00703125 0.034375
5 0.22890625 0.47109375 0.00703125 0.03046875
5 0.2390625 0.47109375 0.009375 0.0265625