4 0.3390625 0.3484375 0.01796875 0.0484375
4 0.3765625 0.3609375 0.06171875 0.103125
4 0.2515625 0.39375 0.13046875 0.21796875
4 0.31875 0.37578125 0.015625 0.021875
4 0.390625 0.3921875 0.06953125 0.1125
4 0.96875 0.39375 0.0609375 0.134375
5 0.45546875 0.34453125 0.01015625 0.01640625
5 0.5359375 0.3640625 0.009375 0.0515625
5 0.7046875 0.365625 0.01875 0.09296875
5 0.675 0.37421875 0.015625 0.090625
5 0.525 0.37734375 0.01953125 0.08203125
5 0.565625 0.38515625 0.02265625 0.09140625
5 0.6546875 0.378125 0.025 0.1359375
5 0.47890625 0.36875 0.0109375 0.04453125
5 0.928125 0.36171875 0.05234375 0.29140625