4 0.475 0.5109375 0.028125 0.01640625
4 0.3953125 0.50703125 0.02421875 0.00625
4 0.921875 0.53515625 0.1296875 0.0625
4 0.9828125 0.54375 0.03203125 0.0625
4 0.09140625 0.54453125 0.1828125 0.09140625
6 0.72265625 0.53125 0.221875 0.1125
6 0.8765625 0.50078125 0.05390625 0.02109375
4 0.4703125 0.51015625 0.0265625 0.0171875
4 0.190625 0.50703125 0.03046875 0.00625
4 0.00546875 0.5046875 0.0109375 0.00859375
4 0.31171875 0.50625 0.0328125 0.0078125
6 0.28125 0.5 0.028125 0.0203125
6 0.3296875 0.50078125 0.03046875 0.01875
4 0.2296875 0.50625 0.01953125 0.0078125
6 0.9859375 0.50234375 0.02421875 0.02265625
5 0.97265625 0.50390625 0.0046875 0.01484375
5 0.3640625 0.6109375 0.02109375 0.1203125