4 0.70546875 0.50546875 0.028125 0.00859375
4 0.65859375 0.50625 0.025 0.0078125
4 0.371875 0.50703125 0.028125 0.00625
4 0.9265625 0.5375 0.11953125 0.04765625
4 0.9890625 0.54375 0.02109375 0.0625
4 0.15234375 0.65546875 0.3046875 0.32109375
6 0.865625 0.5296875 0.22890625 0.1125
4 0.41328125 0.50546875 0.0296875 0.00859375
4 0.459375 0.5109375 0.0390625 0.01484375
4 0.103125 0.5046875 0.00859375 0.01015625
4 0.5671875 0.50625 0.0328125 0.0078125
6 0.265625 0.5 0.03671875 0.0203125
6 0.3296875 0.50078125 0.03046875 0.01875
6 0.9859375 0.50234375 0.025 0.02265625
5 0.6359375 0.53203125 0.0203125 0.08359375
5 0.43984375 0.5078125 0.0046875 0.0234375
5 0.6265625 0.6203125 0.0390625 0.125
5 0.68515625 0.52890625 0.0140625 0.07265625