4 0.70546875 0.50546875 0.028125 0.00859375
4 0.6265625 0.50625 0.00703125 0.0078125
4 0.3703125 0.50703125 0.02578125 0.00625
4 0.9265625 0.5375 0.11953125 0.04765625
4 0.9890625 0.54375 0.02109375 0.0625
4 0.190625 0.6140625 0.27421875 0.23515625
6 0.865625 0.5296875 0.22890625 0.1125
4 0.4203125 0.50546875 0.01484375 0.00859375
4 0.403125 0.50703125 0.0375 0.00625
4 0.103125 0.5046875 0.00859375 0.01015625
4 0.52734375 0.50625 0.0234375 0.0078125
6 0.28125 0.5 0.028125 0.0203125
6 0.3296875 0.50078125 0.03046875 0.01875
6 0.9859375 0.50234375 0.025 0.02265625
5 0.6453125 0.5296875 0.01484375 0.07734375
5 0.56875 0.6171875 0.0234375 0.12890625
5 0.6796875 0.5265625 0.0125 0.0671875