6 0.4640625 0.415625 0.04375 0.0734375
4 0.3359375 0.43125 0.021875 0.01796875
4 0.3125 0.4546875 0.0328125 0.06640625
4 0.15859375 0.46875 0.06328125 0.0765625
4 0.1828125 0.47890625 0.0625 0.084375
4 0.690625 0.43203125 0.01875 0.040625
4 0.70859375 0.43359375 0.02109375 0.04453125
4 0.6234375 0.41796875 0.01875 0.028125
4 0.60625 0.403125 0.015625 0.025
4 0.58828125 0.40078125 0.009375 0.015625
4 0.584375 0.4484375 0.02109375 0.08203125
4 0.1046875 0.4421875 0.02265625 0.01640625
4 0.525 0.478125 0.128125 0.209375
4 0.85625 0.4671875 0.128125 0.11953125
4 0.2375 0.4734375 0.09140625 0.11796875
5 0.4109375 0.434375 0.0046875 0.02890625
5 0.4046875 0.4375 0.00546875 0.03046875
5 0.3984375 0.434375 0.00546875 0.028125
4 0.290625 0.46875 0.03046875 0.08359375
5 0.63828125 0.43046875 0.00546875 0.0375
5 0.678125 0.4375 0.01015625 0.04609375