5 0.33046875 0.39296875 0.02734375 0.1015625
5 0.309375 0.38828125 0.02265625 0.09609375
5 0.2890625 0.36015625 0.01171875 0.034375
5 0.25859375 0.3828125 0.0265625 0.0984375
5 0.0390625 0.32734375 0.01953125 0.0484375
4 0.4796875 0.38984375 0.015625 0.01796875
4 0.48671875 0.390625 0.015625 0.03046875
4 0.4953125 0.3953125 0.02109375 0.034375
4 0.5125 0.396875 0.02890625 0.03359375
4 0.525 0.403125 0.02109375 0.03359375
4 0.5375 0.403125 0.025 0.046875
4 0.42265625 0.3953125 0.03828125 0.0640625
4 0.5703125 0.409375 0.06171875 0.08203125
4 0.11015625 0.36484375 0.209375 0.146875
4 0.4484375 0.38671875 0.0109375 0.02109375