4 0.275 0.309375 0.05234375 0.11953125
4 0.41875 0.296875 0.021875 0.0265625
4 0.4 0.309375 0.01875 0.06953125
4 0.46171875 0.3015625 0.01640625 0.0859375
4 0.13046875 0.33671875 0.21015625 0.23046875
4 0.35 0.3203125 0.103125 0.19453125
4 0.58671875 0.34296875 0.17890625 0.23046875
6 0.5265625 0.265625 0.1265625 0.23359375
5 0.0171875 0.3109375 0.01484375 0.0765625
5 0.0046875 0.3109375 0.009375 0.0859375
5 0.240625 0.2984375 0.0078125 0.0390625
5 0.4421875 0.2859375 0.00546875 0.034375
5 0.7671875 0.32265625 0.0359375 0.18359375
5 0.790625 0.26953125 0.0234375 0.0765625
5 0.82421875 0.26640625 0.03828125 0.090625
5 0.9046875 0.34765625 0.071875 0.3109375
4 0.22734375 0.31171875 0.0390625 0.0734375
5 0.9421875 0.28046875 0.02578125 0.08046875
5 0.96953125 0.21015625 0.0265625 0.15859375
5 0.903125 0.38359375 0.06171875 0.2265625