5 0.4875 0.496875 0.0078125 0.04140625
5 0.78359375 0.525 0.01171875 0.04453125
5 0.76875 0.525 0.0125 0.04140625
5 0.75078125 0.51328125 0.009375 0.0515625
4 0.5515625 0.4765625 0.0109375 0.01640625
4 0.5921875 0.490625 0.0109375 0.0140625
4 0.60625 0.50390625 0.01640625 0.03046875
4 0.5375 0.4890625 0.0109375 0.0140625
4 0.53828125 0.50390625 0.00546875 0.028125
4 0.53125 0.503125 0.00859375 0.028125
4 0.52578125 0.503125 0.00859375 0.0234375
4 0.51015625 0.5015625 0.028125 0.040625
4 0.5921875 0.51875 0.03515625 0.05
4 0.73828125 0.55 0.05 0.07109375
5 0.7515625 0.55703125 0.02265625 0.06796875
4 0.7046875 0.5625 0.03828125 0.078125
5 0.39375 0.5203125 0.01171875 0.034375
5 0.4296875 0.503125 0.01484375 0.0359375
5 0.46640625 0.50390625 0.00859375 0.028125
4 0.45234375 0.55859375 0.06796875 0.096875
4 0.4375 0.584375 0.0734375 0.0984375
5 0.375 0.51015625 0.0125 0.02890625
5 0.3421875 0.5078125 0.0125 0.0234375
4 0.3484375 0.60234375 0.1484375 0.1890625
4 0.534375 0.5734375 0.06328125 0.0859375
4 0.6453125 0.5625 0.09765625 0.146875
4 0.8546875 0.72734375 0.284375 0.44609375
4 0.171875 0.7109375 0.34375 0.4140625