4 0.134375 0.4625 0.26796875 0.49609375
4 0.9359375 0.5953125 0.1265625 0.40703125
4 0.8296875 0.4921875 0.271875 0.29140625
4 0.6765625 0.471875 0.11171875 0.15859375
5 0.63671875 0.42109375 0.01015625 0.0375
5 0.62578125 0.421875 0.01171875 0.0359375
4 0.58125 0.45390625 0.06171875 0.075
4 0.53828125 0.45078125 0.03828125 0.04140625
4 0.340625 0.459375 0.04921875 0.065625
4 0.29921875 0.46171875 0.04296875 0.05703125
5 0.2796875 0.44296875 0.00703125 0.028125
5 0.265625 0.44921875 0.00625 0.03359375
5 0.27109375 0.44609375 0.00625 0.03359375
5 0.26015625 0.44453125 0.00390625 0.03046875
5 0.55625 0.4125 0.0078125 0.01640625
4 0.43984375 0.471875 0.165625 0.259375