4 0.53046875 0.509375 0.0703125 0.03359375
6 0.9109375 0.4921875 0.16796875 0.1015625
4 0.79296875 0.6234375 0.2671875 0.2171875
4 0.43515625 0.534375 0.08125 0.06875
4 0.3234375 0.51796875 0.07109375 0.0390625
4 0.4953125 0.6984375 0.2796875 0.36875
6 0.09140625 0.4921875 0.1828125 0.1140625
4 0.16875 0.53203125 0.10390625 0.0515625
5 0.7390625 0.5046875 0.00703125 0.0203125
5 0.18125 0.53828125 0.02890625 0.0984375
5 0.6421875 0.5421875 0.03359375 0.10859375
5 0.6328125 0.51015625 0.00703125 0.0328125
5 0.8546875 0.503125 0.01796875 0.05625
5 0.88125 0.5234375 0.01171875 0.07109375
5 0.8421875 0.5015625 0.00859375 0.0359375
5 0.2359375 0.5109375 0.01015625 0.03515625
5 0.88125 0.5078125 0.01484375 0.05390625
5 0.059375 0.5296875 0.02421875 0.09609375
5 0.89140625 0.5203125 0.0109375 0.075
5 0.221875 0.51640625 0.00703125 0.0421875
5 0.3734375 0.5046875 0.0046875 0.0234375
5 0.8703125 0.51328125 0.025 0.06640625
5 0.5421875 0.5046875 0.01328125 0.03125
5 0.21328125 0.5109375 0.0125 0.03359375
5 0.734375 0.5046875 0.009375 0.0203125
5 0.578125 0.52109375 0.0125 0.0625
5 0.83359375 0.5 0.0171875 0.0375
5 0.09375 0.5265625 0.01953125 0.09765625