4 0.6921875 0.51796875 0.07890625 0.0484375
6 0.9109375 0.4921875 0.16875 0.1015625
4 0.79296875 0.6234375 0.2671875 0.2171875
4 0.4453125 0.5296875 0.07890625 0.0609375
4 0.53125 0.5109375 0.05703125 0.0234375
4 0.4953125 0.6984375 0.2796875 0.36875
6 0.04140625 0.4921875 0.0828125 0.1140625
5 0.85078125 0.50703125 0.0125 0.03125
5 0.50546875 0.5 0.00625 0.025
5 0.30390625 0.540625 0.021875 0.10859375
5 0.7359375 0.5015625 0.0046875 0.01484375
5 0.725 0.49765625 0.00390625 0.0078125
5 0.5109375 0.5015625 0.0109375 0.025
5 0.80078125 0.5046875 0.0078125 0.02109375
5 0.97890625 0.5359375 0.040625 0.125
5 0.16953125 0.51015625 0.009375 0.0328125
5 0.75625 0.50390625 0.01328125 0.02265625
5 0.2 0.5109375 0.00703125 0.03125
5 0.30625 0.5375 0.03046875 0.09765625
5 0.2296875 0.5109375 0.00859375 0.03515625
5 0.2875 0.51015625 0.0109375 0.0328125
5 0.534375 0.503125 0.0125 0.02890625
5 0.2203125 0.54375 0.04140625 0.11015625
5 0.25 0.51484375 0.01015625 0.0375
5 0.7359375 0.50390625 0.00859375 0.0171875
5 0.675 0.5015625 0.00546875 0.0109375
5 0.903125 0.5296875 0.03359375 0.1015625
5 0.765625 0.5046875 0.01015625 0.02109375
5 0.06796875 0.52265625 0.0171875 0.075
5 0.70625 0.5140625 0.01484375 0.0546875
5 0.22421875 0.51015625 0.0046875 0.0328125