4 0.009375 0.5265625 0.01875 0.046875
4 0.525 0.5078125 0.0703125 0.0296875
6 0.9109375 0.49140625 0.16875 0.1
4 0.79296875 0.6234375 0.2671875 0.2171875
4 0.4234375 0.53671875 0.08515625 0.0734375
4 0.3234375 0.51796875 0.07109375 0.0390625
4 0.4953125 0.6984375 0.2796875 0.36875
6 0.09140625 0.4921875 0.1828125 0.1140625
4 0.1890625 0.5328125 0.09921875 0.05234375
5 0.73125 0.50546875 0.01171875 0.02109375
5 0.1578125 0.53671875 0.02578125 0.0984375
5 0.6765625 0.5359375 0.03203125 0.09375
5 0.62734375 0.509375 0.0046875 0.03359375
5 0.9046875 0.53515625 0.04140625 0.12265625
5 0.878125 0.5234375 0.01171875 0.0703125
5 0.8328125 0.5046875 0.015625 0.02734375
5 0.24765625 0.5109375 0.0078125 0.03515625
5 0.8890625 0.5265625 0.01953125 0.0875
5 0.04609375 0.528125 0.03125 0.09609375
5 0.890625 0.51484375 0.00703125 0.06015625
5 0.221875 0.50859375 0.00546875 0.025
5 0.8984375 0.53671875 0.02109375 0.09140625
5 0.5765625 0.52890625 0.01640625 0.07734375
5 0.215625 0.5078125 0.01171875 0.02734375
5 0.6375 0.5109375 0.00703125 0.03125
5 0.7421875 0.5046875 0.00859375 0.0203125
5 0.54921875 0.5046875 0.0109375 0.0328125
5 0.81796875 0.4984375 0.0203125 0.0375
5 0.11171875 0.5359375 0.0296875 0.1