4 0.03125 0.5125 0.06171875 0.08515625
4 0.5015625 0.5046875 0.07890625 0.02734375
6 0.9109375 0.4921875 0.16875 0.1015625
4 0.79296875 0.6234375 0.2671875 0.2171875
4 0.4 0.5421875 0.09140625 0.0875
4 0.3234375 0.51796875 0.07109375 0.0390625
4 0.4953125 0.6984375 0.2796875 0.36875
6 0.0921875 0.4921875 0.18359375 0.1140625
4 0.2140625 0.534375 0.09453125 0.05625
5 0.72578125 0.50546875 0.00625 0.02109375
5 0.140625 0.53671875 0.021875 0.1015625
5 0.7109375 0.5109375 0.01328125 0.0421875
5 0.61953125 0.51015625 0.0078125 0.0328125
5 0.9453125 0.5390625 0.06328125 0.13125
5 0.87734375 0.52265625 0.0125 0.06484375
5 0.821875 0.5046875 0.015625 0.0265625
5 0.253125 0.51015625 0.00703125 0.0328125
5 0.90625 0.52734375 0.02265625 0.0921875
5 0.0421875 0.5265625 0.025 0.09375
5 0.8921875 0.52265625 0.0171875 0.075
5 0.9328125 0.53125 0.03515625 0.1046875
5 0.6046875 0.54453125 0.0171875 0.10859375
5 0.21796875 0.5 0.0078125 0.0125
5 0.6296875 0.5109375 0.00546875 0.03125
5 0.7515625 0.5046875 0.00859375 0.02109375
5 0.52421875 0.5015625 0.0125 0.02890625
5 0.796875 0.4984375 0.015625 0.03359375
5 0.1203125 0.53671875 0.01953125 0.1015625