4 0.590625 0.51171875 0.125 0.0859375
4 0.090625 0.5265625 0.07109375 0.0375
4 0.065625 0.71640625 0.13046875 0.53515625
6 0.9109375 0.4921875 0.16875 0.1015625
4 0.79296875 0.6234375 0.2671875 0.2171875
4 0.32421875 0.51796875 0.0703125 0.0390625
4 0.4953125 0.6984375 0.2796875 0.36875
6 0.53828125 0.4921875 0.159375 0.1125
4 0.2640625 0.54296875 0.07109375 0.07109375
5 0.65859375 0.5109375 0.0078125 0.03515625
5 0.44765625 0.50625 0.0046875 0.02734375
5 0.740625 0.5046875 0.01015625 0.0203125
5 0.20546875 0.509375 0.0078125 0.02890625
5 0.4015625 0.51015625 0.00546875 0.0328125
5 0.1 0.525 0.0140625 0.06484375
5 0.184375 0.5203125 0.0109375 0.05234375
5 0.45546875 0.50546875 0.0046875 0.0234375
5 0.1171875 0.50625 0.00703125 0.025
5 0.940625 0.5390625 0.0296875 0.13359375
5 0.17109375 0.521875 0.0140625 0.05390625
5 0.8796875 0.52109375 0.01328125 0.07265625
5 0.3765625 0.53984375 0.021875 0.1046875
5 0.2234375 0.5109375 0.01015625 0.0359375
5 0.5125 0.5015625 0.00859375 0.025
5 0.31015625 0.5421875 0.021875 0.11015625
5 0.43046875 0.51015625 0.009375 0.0328125