4 0.56171875 0.51875 0.078125 0.05234375
6 0.9109375 0.49140625 0.16796875 0.1
4 0.79296875 0.6234375 0.2671875 0.2171875
4 0.4453125 0.5296875 0.07890625 0.0609375
4 0.33828125 0.51796875 0.0703125 0.0390625
4 0.4953125 0.6984375 0.2796875 0.36875
6 0.04140625 0.4921875 0.0828125 0.1140625
5 0.790625 0.5046875 0.0109375 0.02109375
5 0.35859375 0.53671875 0.01875 0.09609375
5 0.45390625 0.5046875 0.0125 0.03125
5 0.778125 0.5046875 0.00859375 0.02109375
5 0.6796875 0.509375 0.00625 0.03125
5 0.65625 0.54140625 0.03203125 0.1046875
5 0.8703125 0.51796875 0.00859375 0.0515625
5 0.4 0.509375 0.0046875 0.03125
5 0.8828125 0.52578125 0.025 0.0859375
5 0.19609375 0.5109375 0.00625 0.03359375
5 0.8046875 0.5109375 0.0046875 0.0078125
5 0.184375 0.5375 0.02109375 0.0953125
5 0.90859375 0.52265625 0.0203125 0.075
5 0.246875 0.51484375 0.00703125 0.0375
5 0.33203125 0.4984375 0.0046875 0.00859375
5 0.6890625 0.51953125 0.01640625 0.0640625
5 0.3609375 0.54375 0.01640625 0.11015625
5 0.22890625 0.5171875 0.0125 0.04140625
5 0.7046875 0.5171875 0.00625 0.04140625
5 0.7578125 0.5015625 0.01484375 0.02734375
5 0.8265625 0.5046875 0.01953125 0.02734375
5 0.0515625 0.5265625 0.0203125 0.09140625
5 0.8609375 0.50546875 0.01796875 0.05625
5 0.2734375 0.51015625 0.0109375 0.0328125