4 0.3953125 0.42578125 0.0078125 0.0265625
4 0.421875 0.41640625 0.0265625 0.015625
4 0.38125 0.428125 0.01875 0.03046875
4 0.234375 0.4453125 0.02421875 0.03046875
4 0.20703125 0.446875 0.034375 0.04140625
4 0.2609375 0.440625 0.03203125 0.040625
4 0.3296875 0.45078125 0.08515625 0.13203125
6 0.45078125 0.41953125 0.034375 0.06953125
4 0.4796875 0.42890625 0.0203125 0.03359375
4 0.4984375 0.45546875 0.0515625 0.065625
4 0.6796875 0.4203125 0.0421875 0.040625
4 0.7546875 0.43046875 0.06640625 0.0609375
5 0.64296875 0.409375 0.0109375 0.02109375
4 0.6296875 0.42890625 0.06953125 0.05390625
4 0.57265625 0.46875 0.1046875 0.1234375
4 0.7140625 0.5421875 0.228125 0.20390625
4 0.421875 0.475 0.0671875 0.1
4 0.9859375 0.59140625 0.0265625 0.1515625
4 0.125 0.596875 0.24921875 0.459375