5 0.0703125 0.45703125 0.00859375 0.0265625
5 0.0609375 0.46171875 0.0078125 0.034375
5 0.05 0.45703125 0.009375 0.034375
4 0.1640625 0.4625 0.01171875 0.0234375
4 0.1125 0.4671875 0.04140625 0.04296875
4 0.0875 0.4671875 0.03203125 0.040625
4 0.03515625 0.51640625 0.06953125 0.1859375
4 0.39375 0.45546875 0.0171875 0.03203125
6 0.3546875 0.45625 0.065625 0.0890625
4 0.7953125 0.55 0.31328125 0.3015625
4 0.515625 0.60078125 0.31875 0.45390625
4 0.2140625 0.47734375 0.0234375 0.0640625
4 0.271875 0.484375 0.13125 0.1765625