4 0.8984375 0.62265625 0.2015625 0.3140625
4 0.42890625 0.53828125 0.10703125 0.15859375
4 0.059375 0.59765625 0.11875 0.2734375
4 0.121875 0.47890625 0.10078125 0.103125
4 0.190625 0.48671875 0.03671875 0.0625
4 0.221875 0.47421875 0.04609375 0.08203125
4 0.2625 0.47578125 0.07265625 0.0734375
4 0.32734375 0.465625 0.0390625 0.046875
4 0.3734375 0.4625 0.05 0.04140625
4 0.4328125 0.45234375 0.03984375 0.02109375
5 0.61953125 0.48125 0.0125 0.05390625
5 0.7234375 0.503125 0.015625 0.08203125
4 0.553125 0.465625 0.025 0.021875
5 0.63515625 0.49609375 0.0171875 0.0859375