4 0.4390625 0.46328125 0.0140625 0.02890625
4 0.4453125 0.46875 0.00859375 0.0359375
4 0.453125 0.47265625 0.01484375 0.0359375
4 0.46640625 0.48203125 0.01640625 0.04453125
4 0.48984375 0.478125 0.04765625 0.07890625
4 0.49375 0.4890625 0.03046875 0.0765625
4 0.5109375 0.4890625 0.0390625 0.0984375
4 0.3625 0.45703125 0.01484375 0.02890625
4 0.3015625 0.4640625 0.02109375 0.02890625
4 0.296875 0.47265625 0.01484375 0.025
4 0.2859375 0.47265625 0.0140625 0.0375
4 0.27421875 0.471875 0.02265625 0.0359375
4 0.24453125 0.4671875 0.04921875 0.05390625
6 0.0953125 0.47734375 0.11484375 0.10546875
4 0.5671875 0.5 0.12578125 0.1609375
4 0.3953125 0.490625 0.07578125 0.10859375
4 0.3234375 0.46875 0.0265625 0.0359375
5 0.196875 0.45625 0.0140625 0.0375
4 0.21796875 0.478125 0.05390625 0.05390625
4 0.0375 0.49609375 0.0703125 0.11640625