4 0.428125 0.27890625 0.00703125 0.01640625
4 0.4171875 0.28046875 0.009375 0.015625
4 0.4046875 0.2859375 0.01171875 0.01640625
4 0.3875 0.290625 0.015625 0.025
4 0.37578125 0.2921875 0.015625 0.04296875
4 0.3578125 0.29921875 0.021875 0.04453125
4 0.33984375 0.30625 0.02265625 0.0484375
4 0.315625 0.30859375 0.04765625 0.053125
4 0.0875 0.3421875 0.175 0.2
4 0.02109375 0.396875 0.040625 0.1875
4 0.4390625 0.28828125 0.01796875 0.034375
4 0.4546875 0.284375 0.01171875 0.01953125
4 0.46640625 0.290625 0.01171875 0.025
4 0.47578125 0.2921875 0.01640625 0.0390625
4 0.5015625 0.30078125 0.03828125 0.046875
5 0.53046875 0.30078125 0.015625 0.08046875
4 0.66875 0.35859375 0.15390625 0.175
4 0.96484375 0.27421875 0.0703125 0.0359375
4 0.84296875 0.4140625 0.3140625 0.315625
5 0.16328125 0.290625 0.0265625 0.0765625