5 0.884375 0.609375 0.04453125 0.175
5 0.8234375 0.596875 0.0296875 0.1375
5 0.7 0.584375 0.00859375 0.040625
5 0.6796875 0.584375 0.00625 0.04453125
5 0.6671875 0.57734375 0.00703125 0.0359375
5 0.6546875 0.5921875 0.0078125 0.04609375
5 0.6734375 0.5875 0.00546875 0.0390625
5 0.1125 0.58828125 0.02734375 0.07890625
4 0.5703125 0.584375 0.0265625 0.0515625
4 0.46171875 0.56875 0.015625 0.03046875
4 0.4390625 0.58515625 0.0375 0.0859375
4 0.4 0.59453125 0.07890625 0.15859375
4 0.32578125 0.61953125 0.13359375 0.175
4 0.21796875 0.63828125 0.23203125 0.253125
4 0.6171875 0.603125 0.0765625 0.12109375
4 0.5109375 0.6234375 0.15234375 0.23046875
4 0.08515625 0.70078125 0.1703125 0.2859375