4 0.1875 0.52109375 0.09921875 0.11953125
4 0.31640625 0.5125 0.053125 0.078125
4 0.25390625 0.515625 0.0265625 0.04140625
4 0.4640625 0.51640625 0.0515625 0.0625
4 0.0546875 0.53828125 0.0265625 0.0265625
4 0.240625 0.5171875 0.0125 0.0265625
4 0.2703125 0.51015625 0.0109375 0.0125
4 0.28125 0.50859375 0.009375 0.0140625
4 0.2828125 0.5 0.01328125 0.025
4 0.44296875 0.50703125 0.03828125 0.05390625
4 0.4171875 0.51171875 0.0203125 0.04140625
4 0.4015625 0.5125 0.01484375 0.046875
4 0.390625 0.509375 0.0109375 0.02890625
4 0.384375 0.50703125 0.009375 0.021875
4 0.3765625 0.503125 0.01875 0.0265625
4 0.36796875 0.503125 0.01640625 0.028125
4 0.3578125 0.5015625 0.01328125 0.0234375
4 0.8421875 0.48515625 0.11171875 0.08359375
6 0.9109375 0.43359375 0.1765625 0.1765625
5 0.946875 0.5015625 0.03671875 0.225