4 0.2359375 0.621875 0.0171875 0.0609375
4 0.196875 0.621875 0.0765625 0.0984375
4 0.1140625 0.634375 0.11328125 0.1234375
4 0.321875 0.57578125 0.0265625 0.040625
5 0.328125 0.57890625 0.01328125 0.0375
4 0.3984375 0.57578125 0.01015625 0.03046875
4 0.4109375 0.5640625 0.01875 0.01640625
4 0.4265625 0.56875 0.01171875 0.01640625
4 0.45 0.5828125 0.0234375 0.03046875
4 0.384375 0.590625 0.02265625 0.04140625
4 0.421875 0.609375 0.0484375 0.065625
4 0.3421875 0.60859375 0.03828125 0.04453125
5 0.525 0.5859375 0.01015625 0.04140625
4 0.2765625 0.61328125 0.075 0.109375
4 0.0328125 0.6625 0.065625 0.153125