5 0.5203125 0.646875 0.0171875 0.07890625
5 0.4484375 0.640625 0.009375 0.040625
5 0.45625 0.64296875 0.00625 0.0375
5 0.47578125 0.64453125 0.00546875 0.04453125
5 0.4625 0.63984375 0.01015625 0.04609375
5 0.4703125 0.640625 0.01015625 0.0515625
5 0.73359375 0.60703125 0.0203125 0.0609375
5 0.953125 0.60625 0.05703125 0.17890625
5 0.85625 0.60234375 0.03515625 0.07890625
4 0.04921875 0.671875 0.0984375 0.146875
4 0.3859375 0.6375 0.0078125 0.0125
4 0.32109375 0.64140625 0.02890625 0.04609375
4 0.3578125 0.646875 0.03828125 0.05703125
4 0.2234375 0.6609375 0.1140625 0.13203125
4 0.94375 0.65390625 0.1109375 0.16640625