4 0.3359375 0.5828125 0.00703125 0.01640625
4 0.340625 0.596875 0.01171875 0.0125
4 0.35 0.59765625 0.01640625 0.0265625
4 0.353125 0.603125 0.009375 0.025
4 0.3640625 0.603125 0.01484375 0.025
4 0.3671875 0.609375 0.0140625 0.02109375
4 0.375 0.60859375 0.01484375 0.03046875
4 0.3859375 0.6078125 0.021875 0.04140625
4 0.4015625 0.61015625 0.028125 0.0390625
4 0.4453125 0.628125 0.040625 0.05390625
5 0.4359375 0.60390625 0.0078125 0.03046875
5 0.4890625 0.59375 0.01484375 0.0265625
4 0.4796875 0.640625 0.06875 0.06640625
4 0.3296875 0.59375 0.009375 0.0140625
4 0.321875 0.59921875 0.01484375 0.01640625
4 0.30625 0.6015625 0.01015625 0.0125
4 0.2984375 0.60234375 0.01171875 0.021875
4 0.28671875 0.6078125 0.0125 0.025
4 0.27578125 0.60859375 0.01875 0.0265625
4 0.2578125 0.6140625 0.02109375 0.0375
4 0.240625 0.61640625 0.028125 0.0390625
4 0.2140625 0.6265625 0.03359375 0.05390625
4 0.18515625 0.6328125 0.04296875 0.07109375
4 0.121875 0.64609375 0.09609375 0.10546875
4 0.9828125 0.82109375 0.0328125 0.15546875
4 0.3296875 0.59296875 0.0078125 0.01640625