4 0.48125 0.440625 0.0203125 0.0234375
4 0.453125 0.446875 0.02421875 0.03046875
4 0.434375 0.4546875 0.0171875 0.03046875
4 0.4203125 0.45390625 0.01171875 0.0390625
4 0.40390625 0.4546875 0.03125 0.0515625
4 0.3828125 0.46171875 0.02734375 0.0484375
4 0.3578125 0.46015625 0.04140625 0.05546875
4 0.3171875 0.46953125 0.053125 0.0640625
4 0.55390625 0.409375 0.0203125 0.0234375
4 0.60859375 0.43671875 0.0140625 0.04296875
4 0.6796875 0.43046875 0.0328125 0.040625
4 0.6796875 0.446875 0.01875 0.0484375
4 0.696875 0.4484375 0.02578125 0.0609375
4 0.725 0.44609375 0.0546875 0.0765625
4 0.925 0.4265625 0.14921875 0.3109375
4 0.25859375 0.484375 0.0734375 0.06640625
4 0.640625 0.440625 0.05703125 0.0859375
4 0.7609375 0.459375 0.0828125 0.084375
4 0.575 0.475 0.0828125 0.115625
4 0.51015625 0.45078125 0.0375 0.05859375
5 0.1359375 0.4921875 0.0140625 0.08203125
5 0.121875 0.4890625 0.0140625 0.0859375
5 0.1078125 0.4765625 0.0203125 0.0765625