5 0.93515625 0.49296875 0.03828125 0.075
5 0.965625 0.49921875 0.03828125 0.071875
5 0.659375 0.54140625 0.0125 0.1234375
5 0.6890625 0.5109375 0.01875 0.0515625
5 0.63203125 0.540625 0.01875 0.090625
5 0.615625 0.5390625 0.0203125 0.07890625
5 0.5734375 0.5203125 0.01640625 0.034375
5 0.5875 0.52421875 0.01328125 0.040625
5 0.5140625 0.52734375 0.009375 0.0375
5 0.5421875 0.5171875 0.0078125 0.02890625
5 0.53125 0.521875 0.01171875 0.028125
5 0.484375 0.52890625 0.0078125 0.040625
5 0.478125 0.5171875 0.0078125 0.0265625
5 0.44296875 0.50625 0.00859375 0.01640625
5 0.4546875 0.515625 0.009375 0.015625
5 0.0140625 0.54296875 0.015625 0.06796875
4 0.2125 0.63515625 0.396875 0.653125
4 0.44296875 0.58125 0.07734375 0.13359375