4 0.31171875 0.56796875 0.034375 0.02890625
4 0.3078125 0.6109375 0.02109375 0.071875
4 0.2828125 0.615625 0.04765625 0.09296875
4 0.228125 0.63046875 0.1125 0.1234375
4 0.08125 0.68515625 0.1625 0.26796875
4 0.35 0.60390625 0.071875 0.10390625
6 0.465625 0.61328125 0.1609375 0.27890625
4 0.5359375 0.596875 0.02421875 0.034375
4 0.55234375 0.6078125 0.0234375 0.05546875
4 0.62421875 0.61171875 0.1359375 0.09140625
4 0.7140625 0.61171875 0.06640625 0.06796875
5 0.7671875 0.58046875 0.01484375 0.02890625
5 0.8171875 0.58671875 0.01875 0.0375
4 0.78828125 0.665625 0.184375 0.1515625
4 0.90859375 0.725 0.18125 0.25703125