5 0.9890625 0.628125 0.0171875 0.16953125
5 0.6171875 0.5703125 0.0140625 0.04453125
5 0.60390625 0.5984375 0.00859375 0.053125
5 0.6109375 0.5890625 0.0125 0.0734375
5 0.615625 0.58828125 0.009375 0.0640625
5 0.70078125 0.56484375 0.009375 0.040625
5 0.69140625 0.56640625 0.01171875 0.0375
5 0.65546875 0.5734375 0.0125 0.0609375
5 0.64375 0.584375 0.01328125 0.0609375
5 0.68125 0.58046875 0.01484375 0.06796875
4 0.6328125 0.57109375 0.0234375 0.04140625
5 0.6984375 0.615625 0.02109375 0.1
5 0.721875 0.60859375 0.021875 0.1109375
5 0.90078125 0.625 0.0390625 0.1890625
5 0.0875 0.63515625 0.021875 0.0640625
5 0.3140625 0.58671875 0.00703125 0.01640625
5 0.31875 0.58515625 0.0078125 0.01796875
4 0.01953125 0.6375 0.0390625 0.05703125
4 0.015625 0.65078125 0.03046875 0.05703125
4 0.05234375 0.80625 0.1046875 0.259375
4 0.83984375 0.60234375 0.05625 0.08046875
5 0.5390625 0.57578125 0.009375 0.03046875
5 0.56328125 0.571875 0.009375 0.02890625
4 0.403125 0.56640625 0.0265625 0.02109375
4 0.41875 0.578125 0.0140625 0.0265625
4 0.4078125 0.60078125 0.028125 0.059375
4 0.3984375 0.60703125 0.0390625 0.0609375
4 0.384375 0.61875 0.04140625 0.07109375
4 0.3453125 0.63203125 0.07109375 0.1015625
4 0.234375 0.65 0.19375 0.2359375
4 0.47421875 0.565625 0.11171875 0.19296875
4 0.525 0.75703125 0.23984375 0.3984375