5 0.790625 0.4203125 0.03046875 0.13046875
5 0.88203125 0.44609375 0.03125 0.15
5 0.759375 0.4234375 0.02734375 0.12890625
5 0.72578125 0.41640625 0.02734375 0.109375
4 0.50390625 0.42734375 0.01328125 0.01796875
4 0.515625 0.425 0.01328125 0.03359375
4 0.525 0.42890625 0.02109375 0.04140625
4 0.5453125 0.42890625 0.0359375 0.05546875
4 0.3125 0.45859375 0.0421875 0.0484375
4 0.35859375 0.440625 0.03125 0.04140625
4 0.3921875 0.43984375 0.0359375 0.04453125
4 0.428125 0.434375 0.02890625 0.0515625
4 0.4671875 0.4359375 0.03125 0.046875
4 0.5734375 0.4390625 0.05 0.05546875
4 0.24609375 0.50703125 0.1703125 0.16796875
5 0.69375 0.41875 0.02265625 0.10546875