6 0.4859375 0.546875 0.01640625 0.025
6 0.46875 0.54609375 0.015625 0.03203125
4 0.45625 0.55546875 0.021875 0.034375
4 0.43125 0.56640625 0.03984375 0.0484375
4 0.41171875 0.55078125 0.01328125 0.02109375
4 0.40078125 0.553125 0.015625 0.034375
4 0.29296875 0.5765625 0.05625 0.06796875
4 0.265625 0.559375 0.03203125 0.059375
4 0.2328125 0.553125 0.025 0.02890625
4 0.12734375 0.565625 0.08046875 0.08046875
4 0.359375 0.578125 0.0828125 0.121875
4 0.5375 0.54453125 0.0109375 0.02109375
4 0.55 0.55625 0.01796875 0.028125
4 0.51796875 0.56171875 0.028125 0.05546875
4 0.0578125 0.596875 0.11484375 0.228125