4 0.10078125 0.48125 0.03515625 0.034375
4 0.1359375 0.4765625 0.040625 0.04609375
4 0.49140625 0.434375 0.01875 0.03046875
4 0.47734375 0.434375 0.02109375 0.034375
4 0.42890625 0.45 0.0359375 0.071875
4 0.39140625 0.440625 0.0125 0.03046875
4 0.403125 0.44921875 0.02109375 0.04140625
4 0.70703125 0.4203125 0.03515625 0.02890625
4 0.734375 0.4109375 0.0125 0.0265625
4 0.7484375 0.415625 0.02109375 0.021875
4 0.77578125 0.409375 0.03359375 0.02890625
4 0.96875 0.428125 0.0609375 0.08046875
4 0.2734375 0.46484375 0.078125 0.084375
4 0.346875 0.465625 0.0984375 0.10859375
4 0.453125 0.4703125 0.07109375 0.09140625
4 0.5453125 0.47109375 0.10546875 0.171875
4 0.07109375 0.76640625 0.140625 0.45703125
5 0.0046875 0.48046875 0.0078125 0.06640625
4 0.17734375 0.47734375 0.07578125 0.084375
5 0.6625 0.421875 0.003125 0.0375
5 0.65625 0.42421875 0.003125 0.0375