4 0.290625 0.52421875 0.0109375 0.0234375
4 0.2875 0.52890625 0.0125 0.02890625
4 0.27734375 0.528125 0.01875 0.0359375
4 0.2765625 0.53515625 0.01796875 0.04140625
4 0.25625 0.5375 0.0421875 0.05546875
4 0.23359375 0.52421875 0.01875 0.0234375
4 0.2265625 0.53671875 0.02421875 0.0390625
4 0.2109375 0.53515625 0.02890625 0.0359375
4 0.05 0.5515625 0.1 0.1015625
4 0.3390625 0.553125 0.08046875 0.1109375
4 0.4453125 0.55625 0.0546875 0.078125
4 0.515625 0.58046875 0.11328125 0.159375
4 0.56015625 0.52734375 0.01328125 0.02890625
4 0.1234375 0.63125 0.246875 0.253125
5 0.7078125 0.534375 0.01640625 0.06796875
5 0.5765625 0.51796875 0.01484375 0.04609375