4 0.440625 0.428125 0.01015625 0.0140625
4 0.4296875 0.42890625 0.009375 0.0125
4 0.4171875 0.42890625 0.01484375 0.02109375
4 0.4 0.43125 0.01484375 0.01640625
4 0.38671875 0.43046875 0.0125 0.0140625
4 0.37578125 0.4390625 0.01640625 0.0140625
4 0.453125 0.421875 0.009375 0.0125
4 0.46015625 0.440625 0.01484375 0.0265625
4 0.32421875 0.4421875 0.0203125 0.0265625
4 0.303125 0.44765625 0.0265625 0.025
4 0.2734375 0.45390625 0.04375 0.02890625
4 0.2296875 0.4609375 0.046875 0.03046875
4 0.1609375 0.465625 0.06796875 0.0359375
4 0.06484375 0.46328125 0.1171875 0.075
6 0.2046875 0.41875 0.1265625 0.075
6 0.36796875 0.41953125 0.0203125 0.046875
6 0.496875 0.421875 0.0203125 0.04453125
4 0.475 0.44375 0.02421875 0.034375
4 0.521875 0.45703125 0.0484375 0.0734375
4 0.01875 0.63203125 0.0375 0.175
4 0.5328125 0.40703125 0.00859375 0.00703125