4 0.17265625 0.56328125 0.10078125 0.096875
4 0.51640625 0.59453125 0.1625 0.26796875
4 0.921875 0.65625 0.1546875 0.21796875
4 0.7875 0.59765625 0.1359375 0.1265625
4 0.74296875 0.56953125 0.0984375 0.10703125
4 0.6953125 0.55390625 0.06953125 0.09609375
4 0.64375 0.5515625 0.03828125 0.05859375
4 0.60078125 0.553125 0.0578125 0.09453125
4 0.396875 0.553125 0.07109375 0.08359375
6 0.4125 0.50078125 0.0390625 0.025
4 0.34609375 0.528125 0.0296875 0.0234375
5 0.3390625 0.53515625 0.009375 0.0390625
5 0.8640625 0.55546875 0.028125 0.09609375
5 0.22734375 0.54453125 0.01015625 0.0515625