5 0.10625 0.55625 0.025 0.08203125
5 0.71640625 0.553125 0.01953125 0.0765625
4 0.4453125 0.51328125 0.01640625 0.03046875
4 0.43359375 0.51796875 0.01640625 0.034375
4 0.421875 0.521875 0.02421875 0.0375
4 0.4171875 0.528125 0.0171875 0.0375
4 0.478125 0.5140625 0.02421875 0.01640625
4 0.50625 0.51328125 0.028125 0.025
4 0.53671875 0.52109375 0.02578125 0.0390625
4 0.55 0.52109375 0.01640625 0.0390625
4 0.56640625 0.525 0.028125 0.04453125
4 0.5671875 0.534375 0.01875 0.04296875
4 0.5828125 0.5390625 0.03046875 0.046875
4 0.609375 0.51171875 0.0203125 0.021875
5 0.5984375 0.5046875 0.00625 0.01796875
4 0.63828125 0.51328125 0.03359375 0.02890625
4 0.6375 0.515625 0.0109375 0.0390625
4 0.67578125 0.5203125 0.03984375 0.03046875
4 0.70390625 0.52421875 0.0203125 0.01953125
4 0.7578125 0.5125 0.0109375 0.01796875
4 0.775 0.515625 0.0109375 0.015625
4 0.8140625 0.515625 0.01484375 0.015625
4 0.7890625 0.51328125 0.01953125 0.0125
4 0.8609375 0.51796875 0.03828125 0.0265625
4 0.871875 0.55390625 0.13125 0.09140625
4 0.94296875 0.55078125 0.11171875 0.10546875
4 0.32578125 0.5234375 0.04375 0.05
4 0.30546875 0.53828125 0.0265625 0.05390625
4 0.2703125 0.54296875 0.05546875 0.078125
4 0.340625 0.5453125 0.05703125 0.0625
4 0.38984375 0.5265625 0.04765625 0.07109375
4 0.5984375 0.546875 0.046875 0.0625
4 0.99296875 0.825 0.0125 0.12890625