4 0.4140625 0.3609375 0.01484375 0.025
4 0.425 0.36953125 0.009375 0.0125
4 0.45 0.3640625 0.01171875 0.0140625
4 0.471875 0.365625 0.0125 0.0140625
4 0.496875 0.35390625 0.0140625 0.01796875
4 0.509375 0.35390625 0.01171875 0.0265625
4 0.5140625 0.35625 0.0140625 0.021875
4 0.5234375 0.3609375 0.01640625 0.02890625
4 0.5328125 0.3640625 0.021875 0.034375
4 0.5625 0.378125 0.05625 0.05390625
4 0.32109375 0.41953125 0.096875 0.12890625
4 0.275 0.4109375 0.0234375 0.06640625
4 0.16015625 0.44453125 0.12890625 0.15390625
4 0.584375 0.4234375 0.0796875 0.109375
4 0.971875 0.4625 0.05234375 0.10546875
5 0.4984375 0.4203125 0.01953125 0.1375
5 0.5125 0.42421875 0.01875 0.13359375
5 0.30546875 0.44453125 0.0421875 0.159375
5 0.7015625 0.3828125 0.01875 0.07890625