4 0.38046875 0.6171875 0.01953125 0.03046875
4 0.184375 0.6859375 0.2796875 0.25859375
5 0.0234375 0.60390625 0.046875 0.2515625
5 0.1296875 0.5515625 0.02734375 0.05546875
5 0.2875 0.5953125 0.01875 0.0484375
5 0.365625 0.609375 0.01328125 0.0640625
4 0.58046875 0.62734375 0.02890625 0.065625
4 0.584375 0.6625 0.03671875 0.084375
4 0.6125 0.6796875 0.06875 0.1015625
4 0.675 0.7 0.1265625 0.159375
4 0.7859375 0.76796875 0.2203125 0.2765625
5 0.9125 0.72734375 0.0859375 0.27890625
4 0.94609375 0.85 0.10703125 0.25859375
4 0.478125 0.66015625 0.18828125 0.37109375