5 0.04765625 0.35859375 0.0265625 0.13359375
5 0.01875 0.365625 0.025 0.11953125
5 0.1828125 0.371875 0.015625 0.06796875
5 0.3984375 0.38125 0.00703125 0.03203125
4 0.4296875 0.39296875 0.0203125 0.0265625
4 0.4484375 0.396875 0.0140625 0.0265625
4 0.528125 0.396875 0.009375 0.021875
4 0.5375 0.39453125 0.0140625 0.04296875
4 0.5609375 0.4015625 0.0390625 0.05546875
4 0.4921875 0.40078125 0.071875 0.1
4 0.3609375 0.38671875 0.05078125 0.07890625
4 0.3890625 0.38125 0.0078125 0.01796875
4 0.7703125 0.42890625 0.35390625 0.4015625
4 0.4578125 0.3734375 0.02109375 0.028125
4 0.4109375 0.3796875 0.0125 0.021875