4 0.671875 0.4765625 0.01171875 0.04296875
4 0.65078125 0.47578125 0.028125 0.04140625
4 0.4578125 0.4921875 0.040625 0.040625
4 0.4234375 0.49453125 0.02890625 0.053125
4 0.396875 0.49296875 0.0296875 0.05546875
4 0.3609375 0.496875 0.0546875 0.07109375
4 0.63125 0.49921875 0.03828125 0.046875
4 0.6921875 0.49296875 0.0140625 0.0359375
4 0.7796875 0.51484375 0.03359375 0.0609375
4 0.809375 0.51484375 0.05390625 0.0875
4 0.865625 0.52578125 0.1109375 0.14453125
4 0.940625 0.56328125 0.11484375 0.13359375
5 0.503125 0.48828125 0.01328125 0.0609375
5 0.4890625 0.4890625 0.01328125 0.0640625
5 0.73359375 0.51015625 0.015625 0.0890625
5 0.7125 0.50390625 0.021875 0.096875
4 0.5546875 0.48828125 0.03203125 0.04453125
4 0.7296875 0.51015625 0.06015625 0.09296875
6 0.26875 0.465625 0.11484375 0.165625
4 0.121875 0.5359375 0.24296875 0.20859375
4 0.60546875 0.478125 0.0140625 0.02890625