5 0.01953125 0.54609375 0.0390625 0.16640625
5 0.04453125 0.53671875 0.0296875 0.125
5 0.06796875 0.540625 0.03046875 0.12890625
5 0.11953125 0.54296875 0.02421875 0.14140625
5 0.2421875 0.5125 0.01796875 0.0875
5 0.2625 0.515625 0.01484375 0.0734375
5 0.275 0.515625 0.01171875 0.07890625
5 0.28515625 0.5140625 0.01015625 0.0734375
5 0.29140625 0.51796875 0.01015625 0.0609375
5 0.353125 0.50703125 0.0140625 0.0609375
5 0.365625 0.50703125 0.0125 0.06953125
5 0.3859375 0.50546875 0.01015625 0.05546875
5 0.4125 0.50390625 0.009375 0.03359375
5 0.4203125 0.496875 0.009375 0.03359375
4 0.4546875 0.50546875 0.034375 0.04140625
4 0.50078125 0.50390625 0.0171875 0.05546875
6 0.5921875 0.45703125 0.1828125 0.3734375
5 0.6984375 0.51328125 0.01171875 0.05546875
5 0.7140625 0.51953125 0.01796875 0.05
5 0.6875 0.50546875 0.00703125 0.0375
5 0.83046875 0.53828125 0.01796875 0.0875
5 0.89375 0.57421875 0.025 0.15546875
5 0.94921875 0.5640625 0.028125 0.115625
5 0.984375 0.6046875 0.0265625 0.13046875
5 0.9890625 0.5859375 0.0203125 0.14609375