4 0.46875 0.446875 0.01953125 0.03046875
4 0.45625 0.4609375 0.02890625 0.0390625
4 0.4421875 0.478125 0.0171875 0.0609375
4 0.359375 0.4953125 0.11171875 0.140625
5 0.2546875 0.44609375 0.01328125 0.040625
5 0.21796875 0.496875 0.0296875 0.15859375
4 0.015625 0.67734375 0.02890625 0.084375
4 0.553125 0.446875 0.021875 0.02890625
4 0.5484375 0.4359375 0.02265625 0.034375
4 0.57578125 0.45 0.0328125 0.0734375
4 0.4921875 0.428125 0.0171875 0.03359375
6 0.6609375 0.4109375 0.1484375 0.3
4 0.50625 0.49921875 0.10234375 0.18359375
5 0.971875 0.53984375 0.05078125 0.2734375
5 0.9109375 0.52421875 0.05703125 0.28359375
4 0.29375 0.540625 0.15859375 0.19453125