4 0.496875 0.5609375 0.08515625 0.1078125
4 0.5984375 0.5015625 0.03046875 0.0234375
4 0.51875 0.503125 0.00546875 0.00859375
4 0.440625 0.5046875 0.009375 0.00859375
4 0.634375 0.50859375 0.00390625 0.01015625
6 0.1296875 0.5484375 0.259375 0.17265625
4 0.528125 0.51015625 0.01953125 0.02265625
4 0.5734375 0.5328125 0.03203125 0.05
6 0.515625 0.4921875 0.009375 0.0140625
4 0.4296875 0.5046875 0.01171875 0.0125
5 0.35234375 0.50546875 0.0046875 0.02109375
5 0.740625 0.5171875 0.01328125 0.06484375
5 0.7390625 0.5140625 0.01015625 0.05
5 0.275 0.5078125 0.0078125 0.0296875
5 0.6296875 0.50625 0.00546875 0.025
5 0.64453125 0.50859375 0.00625 0.03515625
5 0.6890625 0.51015625 0.00859375 0.0375
5 0.65234375 0.5109375 0.0078125 0.0390625
5 0.83203125 0.52890625 0.0234375 0.0953125
5 0.65625 0.51875 0.00546875 0.02734375
5 0.9390625 0.525 0.02734375 0.08984375
5 0.6109375 0.5078125 0.00625 0.03125
5 0.5796875 0.49921875 0.0046875 0.00859375
5 0.3359375 0.509375 0.00390625 0.0140625