5 0.66484375 0.47578125 0.0140625 0.05859375
4 0.4921875 0.44609375 0.00703125 0.015625
4 0.4296875 0.45625 0.01171875 0.021875
4 0.3875 0.465625 0.0171875 0.0484375
4 0.371875 0.4703125 0.0265625 0.05390625
4 0.33671875 0.4765625 0.05390625 0.06796875
4 0.5171875 0.459375 0.01640625 0.0375
4 0.5390625 0.4734375 0.0375 0.0640625
4 0.8421875 0.6109375 0.26796875 0.2859375
4 0.58125 0.48046875 0.07265625 0.07109375
4 0.41328125 0.45859375 0.02734375 0.0359375
4 0.48203125 0.44921875 0.0109375 0.02109375
4 0.5015625 0.453125 0.01484375 0.01796875
4 0.6203125 0.48125 0.06171875 0.07890625
5 0.72734375 0.49375 0.01953125 0.09140625
5 0.0734375 0.5125 0.025 0.17109375
4 0.05078125 0.515625 0.1015625 0.084375