4 0.19296875 0.565625 0.2359375 0.25703125
4 0.434375 0.5921875 0.23671875 0.371875
4 0.665625 0.55078125 0.16171875 0.18203125
4 0.009375 0.55546875 0.01796875 0.08359375
4 0.90859375 0.5578125 0.18203125 0.2875
4 0.3234375 0.5046875 0.01640625 0.05
4 0.5484375 0.50546875 0.0390625 0.06796875
4 0.58125 0.496875 0.04296875 0.046875
5 0.8359375 0.4828125 0.01875 0.06953125
5 0.76953125 0.5109375 0.0171875 0.1140625
5 0.7578125 0.51171875 0.01015625 0.0734375
5 0.746875 0.49453125 0.015625 0.04609375