5 0.9765625 0.5171875 0.040625 0.16796875
5 0.88515625 0.5046875 0.04140625 0.184375
5 0.8671875 0.48828125 0.0328125 0.1390625
5 0.65390625 0.48359375 0.0140625 0.0765625
5 0.625 0.471875 0.01328125 0.0609375
5 0.559375 0.47734375 0.01484375 0.05546875
5 0.48984375 0.47109375 0.0078125 0.04453125
5 0.46953125 0.47265625 0.0078125 0.034375
5 0.4625 0.4703125 0.00546875 0.021875
4 0.528125 0.46796875 0.0265625 0.0484375
4 0.43359375 0.49375 0.03359375 0.06796875
4 0.27890625 0.48359375 0.0078125 0.025
4 0.265625 0.48125 0.02421875 0.0390625
4 0.2 0.5 0.034375 0.05390625
4 0.1609375 0.5078125 0.06796875 0.0859375
4 0.075 0.53359375 0.11015625 0.1015625
4 0.0328125 0.52109375 0.03203125 0.065625
4 0.06015625 0.48515625 0.0265625 0.0140625
6 0.3484375 0.403125 0.159375 0.37890625