5 0.2515625 0.45078125 0.01953125 0.0984375
5 0.35859375 0.5 0.04765625 0.26640625
5 0.92578125 0.459375 0.05 0.22890625
5 0.890625 0.421875 0.02265625 0.103125
5 0.8359375 0.42578125 0.0171875 0.08203125
5 0.025 0.4359375 0.01875 0.04140625
5 0.1578125 0.42109375 0.00546875 0.02109375
5 0.22578125 0.44375 0.01875 0.07890625
5 0.2390625 0.44453125 0.01484375 0.071875
5 0.2578125 0.45078125 0.01171875 0.084375
5 0.28125 0.4140625 0.01328125 0.0265625
5 0.3171875 0.4328125 0.01484375 0.06796875
5 0.3390625 0.44453125 0.01328125 0.09140625
5 0.8109375 0.3953125 0.01015625 0.0484375
5 0.8015625 0.40859375 0.015625 0.05546875
5 0.8453125 0.39140625 0.015625 0.04140625
5 0.85 0.41875 0.01875 0.109375
5 0.8625 0.39453125 0.0171875 0.065625
5 0.87421875 0.4 0.015625 0.08203125
5 0.90859375 0.40859375 0.01328125 0.07109375
5 0.9515625 0.40625 0.01953125 0.07890625
5 0.97109375 0.40859375 0.0328125 0.103125
5 0.98828125 0.4140625 0.02265625 0.0859375
4 0.471875 0.421875 0.034375 0.046875
4 0.5453125 0.4140625 0.01171875 0.0265625
4 0.646875 0.409375 0.02265625 0.040625
6 0.55390625 0.40234375 0.01875 0.03046875
6 0.4921875 0.396875 0.0515625 0.09296875
6 0.40546875 0.39765625 0.090625 0.146875
6 0.6875 0.39140625 0.06953125 0.1125
4 0.52734375 0.421875 0.034375 0.046875
4 0.596875 0.43203125 0.08203125 0.140625
4 0.68828125 0.42578125 0.065625 0.09609375
4 0.7640625 0.42890625 0.07265625 0.0890625
4 0.0875 0.4765625 0.17421875 0.1359375
4 0.978125 0.671875 0.04375 0.42890625