5 0.075 0.4671875 0.0234375 0.075
5 0.04453125 0.44453125 0.0234375 0.078125
5 0.2390625 0.43828125 0.01328125 0.053125
5 0.2828125 0.440625 0.01015625 0.03359375
5 0.5203125 0.4578125 0.01328125 0.05546875
5 0.7671875 0.48125 0.015625 0.05859375
5 0.69375 0.46953125 0.0125 0.053125
5 0.73515625 0.484375 0.01015625 0.05703125
5 0.74453125 0.484375 0.01015625 0.05859375
5 0.75390625 0.47578125 0.01484375 0.06640625
4 0.6 0.478125 0.0421875 0.05859375
4 0.3640625 0.446875 0.01953125 0.03359375
4 0.46875 0.440625 0.0125 0.01796875
4 0.39140625 0.43984375 0.0234375 0.02109375
4 0.884375 0.48203125 0.08671875 0.10859375
4 0.0140625 0.45546875 0.028125 0.06640625
4 0.446875 0.4453125 0.015625 0.009375