5 0.240625 0.43515625 0.01171875 0.04453125
5 0.2671875 0.43515625 0.00625 0.021875
5 0.2796875 0.43359375 0.01015625 0.040625
4 0.190625 0.4765625 0.06953125 0.09296875
4 0.11875 0.48671875 0.08984375 0.12890625
4 0.0421875 0.51640625 0.084375 0.146875
4 0.3375 0.434375 0.0171875 0.0234375
4 0.3125 0.43828125 0.0359375 0.034375
4 0.4375 0.42109375 0.01484375 0.0234375
4 0.4859375 0.4484375 0.0421875 0.08359375
4 0.490625 0.4578125 0.03125 0.075
4 0.503125 0.4625 0.04140625 0.084375
4 0.534375 0.4609375 0.05859375 0.10859375
4 0.58828125 0.46953125 0.096875 0.165625
4 0.746875 0.48828125 0.30703125 0.3234375
4 0.3921875 0.503125 0.13125 0.1890625
4 0.93359375 0.653125 0.13046875 0.3890625