4 0.6125 0.453125 0.1078125 0.14609375
4 0.45546875 0.425 0.0109375 0.01796875
4 0.4765625 0.42265625 0.0125 0.02109375
4 0.4890625 0.421875 0.00703125 0.015625
4 0.0109375 0.42421875 0.021875 0.0203125
4 0.03203125 0.42421875 0.03203125 0.02109375
6 0.20859375 0.40234375 0.04453125 0.02109375
6 0.24453125 0.40546875 0.02734375 0.0125
6 0.334375 0.41171875 0.0171875 0.009375
4 0.378125 0.4203125 0.0078125 0.009375
4 0.390625 0.42109375 0.00703125 0.01640625
4 0.3984375 0.421875 0.01015625 0.01796875
4 0.40859375 0.4203125 0.01015625 0.015625
4 0.4265625 0.41875 0.0109375 0.015625