4 0.8109375 0.52109375 0.06015625 0.03515625
4 0.83125 0.52578125 0.08359375 0.0359375
6 0.278125 0.53203125 0.24296875 0.2484375
4 0.9671875 0.5234375 0.06328125 0.0296875
4 0.975 0.52578125 0.04765625 0.0359375
5 0.6328125 0.515625 0.00859375 0.04140625
5 0.675 0.51171875 0.0078125 0.03359375
5 0.921875 0.56640625 0.08046875 0.22265625
5 0.9828125 0.50078125 0.01171875 0.0140625
5 0.6734375 0.5109375 0.00859375 0.0359375
5 0.7609375 0.53125 0.03125 0.1046875
5 0.746875 0.5109375 0.00859375 0.03359375
5 0.640625 0.515625 0.0078125 0.0390625
5 0.94375 0.5046875 0.01015625 0.02265625