4 0.40625 0.55078125 0.009375 0.0125
4 0.39140625 0.5484375 0.0078125 0.01640625
4 0.3796875 0.55078125 0.00703125 0.01640625
4 0.346875 0.56328125 0.0109375 0.0265625
4 0.36796875 0.5734375 0.03359375 0.04140625
6 0.428125 0.55625 0.028125 0.04453125
6 0.465625 0.55390625 0.04453125 0.109375
4 0.50234375 0.56640625 0.02421875 0.0515625
6 0.5421875 0.56953125 0.0515625 0.05703125
6 0.659375 0.5703125 0.06328125 0.0375
4 0.7046875 0.584375 0.0671875 0.03203125
4 0.8796875 0.634375 0.23671875 0.215625
4 0.7015625 0.68984375 0.25078125 0.2109375
4 0.23125 0.5640625 0.02890625 0.04296875
4 0.20234375 0.57265625 0.01640625 0.0359375
4 0.1765625 0.5734375 0.034375 0.05546875
4 0.14375 0.58203125 0.0390625 0.05703125
4 0.0859375 0.578125 0.0734375 0.08203125
6 0.021875 0.5296875 0.04375 0.215625
4 0.290625 0.596875 0.1078125 0.14140625