4 0.134375 0.52265625 0.034375 0.034375
4 0.15625 0.5265625 0.01484375 0.02890625
4 0.10234375 0.5203125 0.02578125 0.0375
6 0.04609375 0.50703125 0.08984375 0.0734375
6 0.4109375 0.51171875 0.10390625 0.07890625
4 0.67578125 0.5265625 0.0109375 0.01953125
4 0.671875 0.5265625 0.009375 0.01640625
4 0.6640625 0.5265625 0.01015625 0.01953125
4 0.65390625 0.53203125 0.02265625 0.0359375
4 0.64140625 0.53203125 0.0109375 0.025
4 0.625 0.53828125 0.02734375 0.040625
4 0.684375 0.5328125 0.01015625 0.01640625
4 0.725 0.53203125 0.06640625 0.040625
4 0.7390625 0.534375 0.103125 0.03359375
4 0.73359375 0.546875 0.09921875 0.04453125
4 0.8328125 0.565625 0.20078125 0.121875
4 0.95 0.54140625 0.0609375 0.078125
4 0.9828125 0.546875 0.03203125 0.0625