5 0.321875 0.54375 0.0265625 0.178125
5 0.328125 0.54609375 0.05 0.2109375
5 0.58125 0.503125 0.01328125 0.05859375
5 0.4671875 0.5109375 0.01953125 0.09296875
4 0.68125 0.5296875 0.2046875 0.28046875
4 0.7828125 0.5015625 0.03046875 0.0609375
4 0.7953125 0.49296875 0.01328125 0.034375
4 0.81171875 0.49765625 0.025 0.04453125
4 0.825 0.48203125 0.0234375 0.034375
4 0.88125 0.51796875 0.06875 0.0984375
4 0.8578125 0.5046875 0.03828125 0.1015625
6 0.915625 0.4484375 0.09453125 0.1015625
4 0.91328125 0.57734375 0.17265625 0.33359375