4 0.39921875 0.390625 0.00859375 0.015625
4 0.371875 0.39296875 0.01328125 0.01640625
4 0.36015625 0.38984375 0.0109375 0.02109375
4 0.3375 0.3984375 0.015625 0.0140625
4 0.3171875 0.40625 0.009375 0.01953125
4 0.4296875 0.3984375 0.0203125 0.028125
4 0.4515625 0.40234375 0.02265625 0.034375
4 0.46953125 0.39921875 0.0125 0.04296875
4 0.47734375 0.4015625 0.0125 0.05
4 0.27109375 0.41171875 0.0234375 0.021875
4 0.246875 0.41328125 0.02109375 0.0265625
4 0.23046875 0.41953125 0.02421875 0.03046875
4 0.18515625 0.41953125 0.0171875 0.05546875
4 0.059375 0.45078125 0.05 0.04453125
6 0.1296875 0.41484375 0.0984375 0.1140625
4 0.5 0.40390625 0.046875 0.07109375
5 0.540625 0.38359375 0.00546875 0.034375
5 0.5421875 0.4 0.0078125 0.05390625
4 0.9296875 0.4609375 0.1390625 0.434375