5 0.0296875 0.446875 0.01171875 0.0875
5 0.0203125 0.434375 0.015625 0.0734375
5 0.0421875 0.4328125 0.01796875 0.075
5 0.0609375 0.43125 0.0171875 0.046875
5 0.07734375 0.4234375 0.015625 0.046875
5 0.096875 0.41875 0.01484375 0.04140625
5 0.23046875 0.43046875 0.0109375 0.03359375
5 0.26875 0.44765625 0.0109375 0.05703125
5 0.25625 0.4546875 0.01171875 0.07109375
5 0.24375 0.45546875 0.01640625 0.09609375
5 0.3375 0.45078125 0.01484375 0.05859375
5 0.3515625 0.5390625 0.09765625 0.3125
5 0.45546875 0.53046875 0.03046875 0.2890625
5 0.4265625 0.53671875 0.090625 0.36640625
5 0.9109375 0.45 0.0203125 0.0265625
5 0.97265625 0.60234375 0.03359375 0.159375
5 0.87578125 0.56171875 0.04296875 0.246875
5 0.76875 0.546875 0.0578125 0.2609375
5 0.8203125 0.5828125 0.1234375 0.45859375
5 0.2859375 0.525 0.10078125 0.28203125
5 0.3484375 0.609375 0.12890625 0.409375
5 0.48828125 0.55078125 0.07890625 0.35859375
5 0.625 0.55546875 0.08671875 0.4375
5 0.928125 0.6203125 0.08984375 0.484375
5 0.8375 0.64921875 0.140625 0.4359375
5 0.9828125 0.5609375 0.0328125 0.290625
4 0.0375 0.5234375 0.07421875 0.16796875
4 0.140625 0.46640625 0.209375 0.109375
4 0.3921875 0.45078125 0.034375 0.05546875
5 0.38671875 0.45625 0.01171875 0.05390625
4 0.503125 0.47109375 0.11015625 0.0984375
5 0.5734375 0.45625 0.01328125 0.04453125
4 0.5890625 0.453125 0.02265625 0.0609375