4 0.415625 0.56953125 0.021875 0.046875
4 0.40546875 0.571875 0.0265625 0.05390625
4 0.3765625 0.57734375 0.06015625 0.0765625
4 0.325 0.5984375 0.09921875 0.14609375
4 0.5078125 0.57421875 0.0234375 0.0390625
4 0.525 0.57734375 0.0390625 0.05546875
4 0.5609375 0.58515625 0.06875 0.09609375
4 0.6171875 0.6109375 0.078125 0.14609375
4 0.70625 0.65234375 0.21328125 0.25390625
4 0.43125 0.5828125 0.01171875 0.01640625
4 0.45546875 0.584375 0.0125 0.0265625
5 0.184375 0.609375 0.0609375 0.25
5 0.259375 0.61484375 0.0625 0.228125