4 0.0171875 0.503125 0.03203125 0.0484375
4 0.06328125 0.51484375 0.11953125 0.13203125
4 0.3671875 0.459375 0.03046875 0.046875
4 0.3515625 0.45859375 0.0203125 0.0484375
4 0.359375 0.4328125 0.034375 0.040625
4 0.521875 0.43671875 0.009375 0.01953125
4 0.5390625 0.446875 0.03671875 0.059375
4 0.5609375 0.45078125 0.04453125 0.06796875
4 0.5578125 0.46484375 0.02421875 0.05703125
4 0.5875 0.46328125 0.06015625 0.071875
6 0.41875 0.43125 0.071875 0.153125
4 0.38203125 0.45625 0.0140625 0.028125
5 0.7953125 0.44140625 0.03125 0.1234375
5 0.721875 0.4640625 0.03203125 0.09140625
5 0.6734375 0.446875 0.01640625 0.08359375