4 0.015625 0.48125 0.03125 0.071875
6 0.06484375 0.478125 0.065625 0.05859375
4 0.1296875 0.478125 0.071875 0.075
4 0.2734375 0.4640625 0.0390625 0.0640625
4 0.21796875 0.4671875 0.02421875 0.03359375
4 0.2375 0.4671875 0.0109375 0.0265625
4 0.246875 0.46484375 0.01328125 0.028125
4 0.309375 0.46953125 0.0203125 0.0234375
4 0.296875 0.465625 0.01171875 0.021875
4 0.3296875 0.4640625 0.01640625 0.0125
4 0.3421875 0.4609375 0.00859375 0.0140625
4 0.946875 0.73125 0.1046875 0.2640625
4 0.96796875 0.5375 0.0625 0.1734375
4 0.471875 0.49375 0.065625 0.0859375
6 0.38515625 0.4546875 0.025 0.05703125
4 0.425 0.478125 0.0203125 0.03046875
4 0.4109375 0.46953125 0.01171875 0.0234375
4 0.5171875 0.49375 0.03125 0.04453125
4 0.440625 0.47421875 0.0109375 0.021875
4 0.60078125 0.49765625 0.04375 0.02890625
4 0.584375 0.4859375 0.0328125 0.0359375
4 0.6828125 0.50625 0.078125 0.0515625
4 0.7453125 0.49296875 0.04765625 0.0640625