4 0.10234375 0.4046875 0.12734375 0.06796875
4 0.134375 0.390625 0.08984375 0.08359375
4 0.21875 0.4015625 0.034375 0.02890625
4 0.253125 0.3953125 0.06328125 0.0359375
4 0.296875 0.38125 0.03046875 0.03359375
4 0.309375 0.3875 0.02421875 0.02890625
4 0.31796875 0.390625 0.04453125 0.040625
4 0.3390625 0.37421875 0.02265625 0.02890625
4 0.35625 0.36875 0.01796875 0.01796875
4 0.375 0.3671875 0.02109375 0.025
4 0.35390625 0.38359375 0.025 0.0375
6 0.39296875 0.36171875 0.03046875 0.05390625
4 0.4359375 0.359375 0.0125 0.01796875
4 0.446875 0.35859375 0.01171875 0.015625
4 0.45625 0.35859375 0.01015625 0.02109375
4 0.4703125 0.371875 0.0265625 0.046875
4 0.60546875 0.35859375 0.01640625 0.02890625
4 0.59375 0.353125 0.0125 0.021875
4 0.575 0.34921875 0.01484375 0.015625
4 0.565625 0.34765625 0.01171875 0.01796875
4 0.7265625 0.3640625 0.05546875 0.06640625
4 0.759375 0.36953125 0.05390625 0.05546875
4 0.425 0.378125 0.0328125 0.05
4 0.42265625 0.3484375 0.01875 0.0140625
4 0.5234375 0.43046875 0.109375 0.159375
4 0.8125 0.365625 0.0796875 0.084375
5 0.8609375 0.35546875 0.0203125 0.09453125
4 0.9640625 0.3765625 0.0703125 0.1015625