6 0.4421875 0.28125 0.21875 0.5609375
4 0.284375 0.30234375 0.05703125 0.0625
4 0.2140625 0.31015625 0.1078125 0.1
4 0.03125 0.34609375 0.06171875 0.05859375
5 0.1015625 0.3 0.01328125 0.0234375
5 0.7625 0.27890625 0.02578125 0.109375
5 0.809375 0.29609375 0.0328125 0.18203125
5 0.825 0.3328125 0.04765625 0.22109375
5 0.91171875 0.31796875 0.0328125 0.18203125
4 0.55859375 0.26328125 0.01484375 0.04296875
4 0.13046875 0.4609375 0.25703125 0.2984375
4 0.1484375 0.30546875 0.02734375 0.01640625
5 0.06640625 0.290625 0.01953125 0.03046875
5 0.4203125 0.40078125 0.0640625 0.315625