5 0.203125 0.609375 0.09296875 0.415625
5 0.559375 0.55625 0.10703125 0.34453125
5 0.4546875 0.59765625 0.12109375 0.3640625
5 0.3546875 0.55703125 0.053125 0.28203125
5 0.315625 0.5484375 0.04609375 0.2875
5 0.09140625 0.621875 0.08671875 0.446875
5 0.7046875 0.50625 0.0546875 0.2734375
5 0.77734375 0.45859375 0.0203125 0.10703125
5 0.74375 0.46875 0.01796875 0.10703125
5 0.1421875 0.5671875 0.05 0.3640625
5 0.278125 0.51953125 0.028125 0.25390625
5 0.24375 0.5203125 0.046875 0.278125
5 0.60625 0.5515625 0.05234375 0.2609375
5 0.6109375 0.44140625 0.02421875 0.0875
5 0.64375 0.48828125 0.03984375 0.19140625
5 0.49296875 0.465625 0.0328125 0.14140625
5 0.5046875 0.4265625 0.021875 0.10703125
5 0.43828125 0.525 0.06015625 0.2890625
5 0.39375 0.41171875 0.021875 0.053125
5 0.3796875 0.5125 0.02578125 0.2359375
5 0.31953125 0.40390625 0.02578125 0.065625
5 0.08125 0.3890625 0.0421875 0.078125
5 0.0265625 0.621875 0.053125 0.48359375
5 0.75625 0.4453125 0.015625 0.090625
5 0.8140625 0.453125 0.02421875 0.1140625
5 0.7921875 0.453125 0.015625 0.1140625
5 0.8328125 0.4546875 0.0140625 0.09609375
5 0.8453125 0.45 0.015625 0.090625
5 0.859375 0.4609375 0.021875 0.140625
5 0.9078125 0.621875 0.13359375 0.540625
5 0.95625 0.6265625 0.065625 0.528125
5 0.965625 0.42265625 0.015625 0.05703125
5 0.9859375 0.44140625 0.01875 0.090625