4 0.1671875 0.5828125 0.3328125 0.37890625
4 0.9765625 0.659375 0.04609375 0.29453125
4 0.2125 0.40859375 0.07265625 0.0375
4 0.33359375 0.4359375 0.115625 0.0890625
4 0.509375 0.453125 0.11015625 0.15390625
4 0.603125 0.409375 0.04921875 0.034375
4 0.6828125 0.41953125 0.0421875 0.059375
4 0.8359375 0.43515625 0.01953125 0.04609375
4 0.8171875 0.4296875 0.02265625 0.040625
4 0.790625 0.4328125 0.03359375 0.04609375
4 0.75625 0.41640625 0.0359375 0.02890625
4 0.9421875 0.41953125 0.02265625 0.03203125
4 0.71875 0.465625 0.08359375 0.1
4 0.6140625 0.5203125 0.14921875 0.203125
6 0.8875 0.409375 0.0890625 0.24453125
6 0.9703125 0.3921875 0.03046875 0.034375