4 0.5328125 0.43125 0.01640625 0.03203125
4 0.525 0.4328125 0.01640625 0.04140625
4 0.509375 0.4265625 0.02109375 0.05703125
4 0.48125 0.43359375 0.04765625 0.075
4 0.4265625 0.45859375 0.08828125 0.10703125
4 0.3734375 0.43359375 0.034375 0.04296875
4 0.2890625 0.503125 0.21328125 0.23359375
4 0.0453125 0.70546875 0.0890625 0.271875
4 0.7234375 0.36328125 0.090625 0.071875
4 0.60859375 0.4328125 0.01484375 0.03046875
6 0.809375 0.52109375 0.3796875 0.60546875
5 0.725 0.55859375 0.0734375 0.365625