5 0.5796875 0.44296875 0.00859375 0.05390625
5 0.55234375 0.4375 0.00859375 0.04296875
5 0.53125 0.428125 0.0078125 0.0375
5 0.5234375 0.45 0.009375 0.084375
5 0.51328125 0.45078125 0.0125 0.0859375
5 0.5421875 0.45859375 0.01328125 0.10546875
5 0.65 0.43203125 0.01484375 0.0484375
5 0.665625 0.4375 0.0109375 0.0484375
4 0.4125 0.42421875 0.05390625 0.05703125
4 0.45859375 0.50625 0.11171875 0.18046875
4 0.61953125 0.50625 0.121875 0.13203125
4 0.76640625 0.5484375 0.2375 0.19609375
4 0.2328125 0.52578125 0.46484375 0.65
4 0.934375 0.6125 0.1265625 0.309375
4 0.04921875 0.40546875 0.03828125 0.04296875