4 0.13203125 0.5078125 0.034375 0.01640625
6 0.0296875 0.48359375 0.05859375 0.0765625
4 0.05 0.57421875 0.1 0.10546875
4 0.5875 0.584375 0.01328125 0.015625
4 0.575 0.5765625 0.01171875 0.00859375
4 0.578125 0.596875 0.01171875 0.028125
4 0.53125 0.58828125 0.01328125 0.01953125
6 0.5140625 0.5796875 0.02890625 0.053125
4 0.5109375 0.5921875 0.01875 0.040625
4 0.4984375 0.590625 0.01640625 0.0484375
4 0.48125 0.5875 0.0265625 0.0640625
4 0.453125 0.5875 0.04453125 0.0765625
4 0.421875 0.59140625 0.04453125 0.08046875
4 0.365625 0.6015625 0.08046875 0.11640625
4 0.296875 0.603125 0.08046875 0.146875
4 0.140625 0.66015625 0.28125 0.29609375
6 0.60390625 0.578125 0.021875 0.04453125
4 0.5515625 0.596875 0.0421875 0.05703125
4 0.65 0.590625 0.06484375 0.04453125
4 0.696875 0.59375 0.03125 0.06796875
4 0.69921875 0.6 0.01796875 0.0640625
4 0.7234375 0.6015625 0.04921875 0.08359375
4 0.7390625 0.61015625 0.03984375 0.0890625
4 0.7953125 0.6140625 0.10546875 0.1375
5 0.7171875 0.60625 0.01875 0.10703125
4 0.9 0.671875 0.19765625 0.2265625
5 0.9015625 0.55234375 0.009375 0.0234375