4 0.1515625 0.56953125 0.02578125 0.0265625
6 0.1 0.52421875 0.07890625 0.046875
4 0.27578125 0.540625 0.09296875 0.128125
4 0.0734375 0.6265625 0.1453125 0.21796875
4 0.22265625 0.6734375 0.23671875 0.27890625
5 0.421875 0.59296875 0.00546875 0.04609375
5 0.4078125 0.59453125 0.0078125 0.05
5 0.4 0.59296875 0.01015625 0.046875
5 0.3921875 0.59375 0.01171875 0.053125
5 0.42734375 0.603125 0.0109375 0.06640625
5 0.503125 0.6109375 0.0125 0.0734375
5 0.540625 0.61953125 0.0125 0.05859375
5 0.5265625 0.621875 0.01015625 0.05
5 0.5171875 0.62734375 0.01640625 0.046875
5 0.83203125 0.65234375 0.05703125 0.24609375
4 0.6453125 0.60859375 0.05234375 0.07109375
4 0.6890625 0.61328125 0.08515625 0.06640625
5 0.465625 0.59296875 0.00703125 0.05390625
5 0.4484375 0.5875 0.009375 0.0390625
5 0.4609375 0.6078125 0.0125 0.08046875
4 0.7609375 0.61015625 0.04296875 0.071875
4 0.7875 0.6140625 0.05859375 0.078125
4 0.85859375 0.6078125 0.0296875 0.06640625
4 0.8875 0.6140625 0.05625 0.065625
4 0.90625 0.575 0.0375 0.025
4 0.953125 0.60625 0.07421875 0.0859375
4 0.9890625 0.60390625 0.01640625 0.053125
4 0.99140625 0.68359375 0.01484375 0.12890625
4 0.9421875 0.628125 0.078125 0.09296875