4 0.46171875 0.64921875 0.00546875 0.0234375
4 0.453125 0.653125 0.01171875 0.02109375
4 0.44375 0.659375 0.01171875 0.02109375
6 0.42265625 0.65234375 0.0359375 0.05546875
4 0.1921875 0.6515625 0.14375 0.15390625
6 0.4765625 0.65390625 0.0328125 0.07109375
4 0.50625 0.67265625 0.01953125 0.028125
4 0.496875 0.64453125 0.0078125 0.0234375
4 0.65625 0.6671875 0.0421875 0.0359375
4 0.70234375 0.6515625 0.0359375 0.028125
4 0.8375 0.6515625 0.03828125 0.04140625
4 0.8703125 0.653125 0.0234375 0.040625
4 0.89375 0.64921875 0.02734375 0.03359375
4 0.9109375 0.653125 0.02265625 0.040625
4 0.94375 0.6578125 0.02890625 0.0265625
4 0.803125 0.65234375 0.02890625 0.03359375