5 0.24921875 0.52890625 0.01328125 0.071875
5 0.234375 0.53125 0.01875 0.09140625
5 0.2234375 0.528125 0.015625 0.0890625
5 0.8625 0.55703125 0.0265625 0.04453125
5 0.928125 0.5859375 0.02734375 0.0609375
4 0.31015625 0.528125 0.0265625 0.04140625
4 0.378125 0.5328125 0.02890625 0.0515625
4 0.4375 0.5125 0.015625 0.0265625
4 0.603125 0.5515625 0.0359375 0.0609375
4 0.6296875 0.56328125 0.06171875 0.084375
4 0.6703125 0.57890625 0.09453125 0.09296875
4 0.73125 0.60859375 0.10703125 0.1015625
4 0.846875 0.66484375 0.18046875 0.19453125
4 0.459375 0.51484375 0.01328125 0.0265625
4 0.42421875 0.52578125 0.025 0.0375
4 0.5609375 0.56328125 0.0765625 0.1359375
4 0.33984375 0.540625 0.06484375 0.1015625
4 0.0203125 0.54765625 0.040625 0.1265625
4 0.953125 0.70625 0.0921875 0.2484375