5 0.21953125 0.5453125 0.07265625 0.3265625
5 0.0546875 0.52890625 0.0859375 0.36796875
5 0.128125 0.5375 0.06328125 0.22109375
5 0.08984375 0.5359375 0.04765625 0.21796875
4 0.6328125 0.59765625 0.0265625 0.0515625
4 0.6515625 0.6078125 0.02109375 0.03359375
4 0.6703125 0.6078125 0.0265625 0.04140625
4 0.82421875 0.6390625 0.02109375 0.04453125
4 0.86953125 0.64140625 0.0828125 0.071875
4 0.59375 0.5921875 0.05546875 0.078125
4 0.7484375 0.6109375 0.13984375 0.16640625
4 0.4125 0.58984375 0.31640625 0.28359375
4 0.946875 0.66484375 0.10390625 0.078125