4 0.12734375 0.59453125 0.2546875 0.45703125
4 0.9109375 0.59765625 0.175 0.20703125
4 0.64453125 0.5625 0.1515625 0.25546875
4 0.28984375 0.5125 0.10078125 0.10859375
4 0.3359375 0.503125 0.0671875 0.1015625
4 0.3921875 0.5 0.05078125 0.07109375
4 0.41875 0.503125 0.02421875 0.05859375
4 0.4296875 0.50078125 0.01484375 0.046875
4 0.78125 0.578125 0.11171875 0.1234375
4 0.5734375 0.5140625 0.025 0.0390625
4 0.559375 0.51171875 0.0109375 0.02109375
4 0.51796875 0.509375 0.0234375 0.03046875
4 0.503125 0.503125 0.0109375 0.021875
5 0.515625 0.521875 0.00859375 0.040625
6 0.459375 0.48046875 0.0578125 0.109375