4 0.33046875 0.42421875 0.0265625 0.021875
4 0.328125 0.4546875 0.03046875 0.03046875
4 0.3109375 0.50234375 0.05078125 0.06640625
4 0.3984375 0.421875 0.01171875 0.03046875
4 0.4421875 0.4453125 0.025 0.0359375
4 0.41171875 0.46484375 0.0421875 0.06640625
6 0.2875 0.42265625 0.05703125 0.084375
4 0.2609375 0.50078125 0.0515625 0.06796875
6 0.37109375 0.43203125 0.04140625 0.059375
6 0.365625 0.51015625 0.0734375 0.09296875
6 0.459375 0.409375 0.01484375 0.021875
6 0.4390625 0.4109375 0.0140625 0.021875
4 0.4796875 0.5015625 0.06171875 0.090625
6 0.1 0.47890625 0.2 0.24296875
4 0.171875 0.55390625 0.12265625 0.115625
5 0.78359375 0.4796875 0.0328125 0.14296875
5 0.83046875 0.471875 0.03359375 0.14140625