4 0.115625 0.46875 0.23125 0.815625
4 0.290625 0.5515625 0.1078125 0.14296875
4 0.40625 0.57265625 0.08515625 0.134375
4 0.54921875 0.58359375 0.06015625 0.0890625
4 0.4546875 0.571875 0.02890625 0.0484375
4 0.5125 0.57734375 0.028125 0.059375
4 0.490625 0.57109375 0.0296875 0.05
5 0.809375 0.584375 0.0234375 0.15859375
5 0.63125 0.57265625 0.0078125 0.04453125
5 0.828125 0.584375 0.0125 0.109375
5 0.85078125 0.59296875 0.02265625 0.14296875
5 0.8796875 0.58671875 0.02421875 0.159375
5 0.93359375 0.58515625 0.02109375 0.121875
5 0.621875 0.57265625 0.0078125 0.040625
5 0.615625 0.5734375 0.00625 0.034375
5 0.79375 0.596875 0.02890625 0.1515625
5 0.884375 0.59140625 0.01015625 0.1515625
5 0.9078125 0.58515625 0.028125 0.134375
5 0.94921875 0.58984375 0.02421875 0.140625
5 0.96875 0.58984375 0.01796875 0.1375
5 0.9875 0.590625 0.0203125 0.15703125
4 0.66953125 0.5703125 0.01875 0.03359375
4 0.65078125 0.57109375 0.01875 0.034375
5 0.5921875 0.57265625 0.00546875 0.03359375