6 0.25546875 0.60703125 0.0859375 0.171875
4 0.9125 0.73359375 0.1734375 0.171875
4 0.8 0.69765625 0.0984375 0.13046875
4 0.7265625 0.68359375 0.0859375 0.1015625
4 0.6796875 0.6703125 0.0734375 0.090625
4 0.64375 0.6703125 0.053125 0.07109375
4 0.61328125 0.66640625 0.0421875 0.06796875
4 0.5984375 0.6703125 0.03671875 0.075
4 0.575 0.671875 0.04375 0.065625
4 0.55 0.66875 0.03671875 0.0484375
4 0.5359375 0.6671875 0.03125 0.0515625
4 0.52109375 0.671875 0.02734375 0.0484375
4 0.5140625 0.6640625 0.0296875 0.04296875
4 0.4984375 0.66171875 0.01796875 0.0390625
4 0.8765625 0.6421875 0.0515625 0.0234375
4 0.3921875 0.6375 0.0203125 0.0140625
4 0.359375 0.653125 0.0125 0.0234375
6 0.359375 0.628125 0.01171875 0.015625
5 0.19765625 0.6421875 0.01328125 0.06796875