4 0.0109375 0.44375 0.021875 0.059375
6 0.05390625 0.4140625 0.03359375 0.0609375
4 0.03125 0.42734375 0.01875 0.03046875
4 0.38125 0.478125 0.1703125 0.24609375
4 0.2765625 0.46484375 0.1125 0.1484375
4 0.4625 0.428125 0.03671875 0.08046875
4 0.4953125 0.4125 0.028125 0.04140625
5 0.8203125 0.40546875 0.021875 0.10703125
5 0.84375 0.41015625 0.01953125 0.0875
5 0.7890625 0.41328125 0.02578125 0.09140625
5 0.6765625 0.38671875 0.01640625 0.0609375
5 0.7015625 0.3890625 0.00625 0.0484375
5 0.64375 0.403125 0.01015625 0.059375
5 0.6328125 0.40078125 0.01328125 0.0640625
5 0.6125 0.40859375 0.00859375 0.06953125
5 0.621875 0.39765625 0.0109375 0.053125
5 0.596875 0.396875 0.00625 0.04140625
5 0.5828125 0.3984375 0.00859375 0.05
5 0.56015625 0.3984375 0.0125 0.05390625
5 0.540625 0.3984375 0.00703125 0.0234375
5 0.521875 0.4 0.01015625 0.0390625
5 0.5140625 0.39453125 0.00703125 0.0375
5 0.18671875 0.42890625 0.01484375 0.04140625
4 0.1375 0.421875 0.02734375 0.04453125
5 0.603125 0.39609375 0.00703125 0.04296875