5 0.25234375 0.46484375 0.01328125 0.05859375
5 0.2609375 0.48515625 0.01484375 0.109375
5 0.2734375 0.490625 0.01328125 0.090625
5 0.28984375 0.47578125 0.009375 0.04140625
5 0.309375 0.48203125 0.009375 0.05859375
5 0.940625 0.68046875 0.01875 0.15
5 0.9546875 0.68359375 0.0109375 0.11640625
5 0.709375 0.61796875 0.02421875 0.078125
5 0.75 0.61796875 0.01484375 0.096875
4 0.44375 0.53046875 0.02578125 0.0359375
4 0.48828125 0.54140625 0.0328125 0.053125
4 0.46875 0.52734375 0.01796875 0.02890625
5 0.6234375 0.58125 0.0109375 0.075
5 0.634375 0.5875 0.009375 0.0875
5 0.64375 0.59375 0.01484375 0.1
5 0.834375 0.653125 0.01796875 0.0625
5 0.88515625 0.66328125 0.01796875 0.0625
5 0.9875 0.67109375 0.0203125 0.0890625
5 0.35 0.48828125 0.0078125 0.03359375
4 0.525 0.5546875 0.02734375 0.03203125
4 0.48984375 0.54140625 0.0296875 0.053125
5 0.575 0.56640625 0.009375 0.04296875
5 0.5640625 0.55546875 0.00859375 0.0359375
5 0.5546875 0.553125 0.00546875 0.03359375
5 0.7890625 0.60546875 0.01875 0.05390625
5 0.8125 0.6328125 0.01484375 0.04453125