4 0.115625 0.6859375 0.2296875 0.3609375
4 0.95546875 0.54765625 0.0890625 0.1265625
4 0.85703125 0.55625 0.13671875 0.14296875
4 0.659375 0.60703125 0.32578125 0.23359375
4 0.271875 0.62578125 0.103125 0.1140625
4 0.2125 0.584375 0.034375 0.04296875
5 0.53125 0.56640625 0.02265625 0.0734375
5 0.6578125 0.5015625 0.01015625 0.0125
5 0.49375 0.5984375 0.0234375 0.14609375
5 0.3875 0.5609375 0.00859375 0.04140625
5 0.38125 0.56171875 0.01171875 0.0484375
5 0.30703125 0.5765625 0.01640625 0.05
5 0.31484375 0.57734375 0.0109375 0.04296875
5 0.334375 0.578125 0.01875 0.075
5 0.3359375 0.58203125 0.009375 0.05546875
5 0.371875 0.58203125 0.01640625 0.0734375
4 0.50625 0.575 0.15703125 0.1109375
4 0.42421875 0.57578125 0.03125 0.09453125
4 0.40234375 0.54375 0.0296875 0.028125