6 0.4609375 0.43359375 0.0515625 0.14296875
6 0.6 0.40546875 0.16640625 0.2734375
4 0.4234375 0.4609375 0.025 0.03359375
4 0.3390625 0.45546875 0.01328125 0.01640625
4 0.3296875 0.45859375 0.0140625 0.015625
4 0.3 0.459375 0.03515625 0.01796875
4 0.059375 0.47109375 0.03671875 0.0234375
4 0.025 0.46953125 0.03828125 0.0234375
4 0.20859375 0.540625 0.225 0.21796875
4 0.384375 0.4828125 0.05390625 0.06796875
4 0.36875 0.44765625 0.015625 0.02109375
4 0.89375 0.46484375 0.190625 0.484375
6 0.503125 0.4484375 0.01796875 0.046875
5 0.86796875 0.40703125 0.05078125 0.13046875