4 0.4578125 0.453125 0.01171875 0.01640625
4 0.4453125 0.459375 0.0171875 0.025
4 0.4671875 0.465625 0.01640625 0.0265625
4 0.375 0.45234375 0.01875 0.025
4 0.346875 0.4421875 0.021875 0.03046875
4 0.3265625 0.4375 0.0171875 0.0265625
6 0.2296875 0.4265625 0.053125 0.04453125
4 0.203125 0.43984375 0.05 0.0359375
4 0.0984375 0.4359375 0.0703125 0.0390625
4 0.41875 0.46875 0.04140625 0.05703125
4 0.11796875 0.5578125 0.2359375 0.221875
6 0.5046875 0.44609375 0.02890625 0.0734375
6 0.4703125 0.428125 0.0140625 0.0265625
6 0.6203125 0.4015625 0.19296875 0.3734375