5 0.86171875 0.440625 0.0203125 0.10390625
5 0.8375 0.44609375 0.02734375 0.1
5 0.6484375 0.42109375 0.01328125 0.0640625
5 0.3328125 0.40390625 0.0140625 0.0515625
5 0.30625 0.39765625 0.00703125 0.028125
5 0.4265625 0.40390625 0.0046875 0.03046875
5 0.6703125 0.403125 0.0171875 0.04296875
4 0.50234375 0.42421875 0.0125 0.0484375
4 0.52265625 0.421875 0.03125 0.06953125
4 0.540625 0.42421875 0.05 0.06953125
4 0.55 0.43671875 0.03984375 0.0640625
4 0.4609375 0.403125 0.01171875 0.02109375
4 0.275 0.40625 0.0375 0.04296875
4 0.2125 0.434375 0.24375 0.17109375
4 0.37421875 0.403125 0.02265625 0.03359375
4 0.4125 0.4015625 0.02578125 0.04296875
4 0.446875 0.4046875 0.02265625 0.0359375
4 0.47890625 0.4078125 0.02578125 0.040625
4 0.590625 0.446875 0.0703125 0.084375
5 0.34296875 0.39921875 0.0203125 0.05546875