5 0.540625 0.44765625 0.01171875 0.0515625
5 0.5234375 0.453125 0.009375 0.0515625
5 0.61796875 0.45625 0.01171875 0.05390625
4 0.2984375 0.44609375 0.01328125 0.0375
4 0.284375 0.44609375 0.015625 0.04140625
4 0.26875 0.44375 0.0265625 0.0515625
4 0.2421875 0.446875 0.03671875 0.0640625
4 0.215625 0.45078125 0.0359375 0.0609375
4 0.17890625 0.45625 0.05703125 0.071875
4 0.140625 0.465625 0.04609375 0.078125
4 0.08125 0.46953125 0.0859375 0.1125
4 0.4375 0.44375 0.015625 0.03359375
4 0.48125 0.44765625 0.01484375 0.03359375
4 0.46953125 0.446875 0.015625 0.034375
4 0.4515625 0.44921875 0.02265625 0.04453125
4 0.4953125 0.45078125 0.02890625 0.046875
4 0.41796875 0.453125 0.034375 0.0515625
4 0.38125 0.44921875 0.0234375 0.040625
4 0.32265625 0.46796875 0.05703125 0.078125
4 0.02265625 0.46953125 0.0453125 0.140625