4 0.3734375 0.5421875 0.0109375 0.0140625
4 0.384375 0.5421875 0.0125 0.01953125
4 0.39765625 0.5453125 0.02578125 0.04296875
4 0.2265625 0.55078125 0.0234375 0.0265625
4 0.2046875 0.559375 0.02421875 0.03359375
4 0.18515625 0.55546875 0.02734375 0.0265625
4 0.0109375 0.565625 0.01875 0.065625
4 0.3421875 0.5484375 0.01484375 0.021875
4 0.4265625 0.56171875 0.040625 0.06796875
4 0.6875 0.565625 0.284375 0.38046875
4 0.271875 0.56171875 0.034375 0.0390625
5 0.33125 0.55234375 0.0078125 0.02890625
5 0.3125 0.55859375 0.009375 0.021875
5 0.128125 0.553125 0.0109375 0.065625