4 0.07421875 0.4265625 0.1484375 0.13359375
4 0.9578125 0.52421875 0.0796875 0.275
4 0.8859375 0.4484375 0.225 0.246875
4 0.271875 0.37578125 0.0703125 0.0765625
6 0.321875 0.3765625 0.0328125 0.05390625
4 0.3390625 0.371875 0.02890625 0.0515625
4 0.36015625 0.3671875 0.0234375 0.046875
4 0.37421875 0.3671875 0.01875 0.03046875
4 0.3890625 0.3578125 0.028125 0.05
4 0.4984375 0.34453125 0.0171875 0.03046875
4 0.5125 0.346875 0.0140625 0.01796875
4 0.5375 0.3453125 0.0125 0.0125
4 0.68828125 0.4046875 0.06875 0.11796875
5 0.7171875 0.33828125 0.01171875 0.021875
4 0.746875 0.4140625 0.12421875 0.1375
6 0.453125 0.38046875 0.09375 0.1375
4 0.2546875 0.4046875 0.096875 0.071875
4 0.5234375 0.353125 0.0171875 0.03359375
4 0.54609375 0.3578125 0.01640625 0.025
4 0.5921875 0.34296875 0.02578125 0.05390625
6 0.60625 0.346875 0.0421875 0.05390625
4 0.0234375 0.328125 0.02890625 0.05
4 0.1078125 0.284375 0.0546875 0.0375
4 0.1890625 0.2890625 0.059375 0.03359375
4 0.171875 0.29921875 0.028125 0.02109375
5 0.1296875 0.38671875 0.01640625 0.05
5 0.1359375 0.390625 0.01171875 0.0515625