4 0.384375 0.29921875 0.0171875 0.03046875
4 0.371875 0.296875 0.0125 0.02890625
4 0.3546875 0.28984375 0.0453125 0.034375
4 0.321875 0.290625 0.0125 0.0359375
4 0.2484375 0.29375 0.02734375 0.04296875
4 0.2171875 0.2875 0.03359375 0.0625
4 0.1203125 0.27890625 0.0421875 0.053125
4 0.53515625 0.30390625 0.0171875 0.02109375
4 0.45078125 0.334375 0.1328125 0.20546875
4 0.7140625 0.34609375 0.19375 0.215625
4 0.275 0.28515625 0.03203125 0.053125
4 0.303125 0.284375 0.03515625 0.05703125
4 0.5890625 0.32578125 0.07265625 0.09296875
4 0.0703125 0.35703125 0.1375 0.23359375
5 0.92734375 0.3234375 0.01171875 0.0484375
5 0.91171875 0.31953125 0.0140625 0.0484375
5 0.96171875 0.325 0.01171875 0.0515625