5 0.95859375 0.39296875 0.08203125 0.4765625
6 0.934375 0.275 0.1265625 0.515625
4 0.775 0.33515625 0.14921875 0.17109375
4 0.68125 0.31796875 0.0921875 0.10859375
4 0.046875 0.340625 0.09375 0.190625
4 0.1453125 0.35 0.125 0.1359375
6 0.4 0.2796875 0.0515625 0.0875
4 0.4546875 0.29375 0.02265625 0.04296875
4 0.4953125 0.29140625 0.03828125 0.075
5 0.5421875 0.29375 0.0078125 0.046875
6 0.53984375 0.275 0.02734375 0.084375
4 0.25546875 0.315625 0.0296875 0.04296875
4 0.2921875 0.32109375 0.009375 0.025
5 0.56875 0.27890625 0.009375 0.0484375
6 0.434375 0.27421875 0.01875 0.046875