4 0.0828125 0.515625 0.05625 0.0265625
4 0.1078125 0.50859375 0.059375 0.040625
4 0.146875 0.50703125 0.06015625 0.03203125
4 0.1375 0.48671875 0.0453125 0.01796875
4 0.1875 0.50078125 0.05078125 0.0375
4 0.2328125 0.50703125 0.0421875 0.01953125
4 0.253125 0.4984375 0.0390625 0.03046875
4 0.2921875 0.49609375 0.0453125 0.0359375
4 0.31875 0.496875 0.0359375 0.034375
4 0.3328125 0.49296875 0.03125 0.034375
4 0.35703125 0.478125 0.01875 0.0140625
4 0.3546875 0.49375 0.0171875 0.015625
4 0.378125 0.49140625 0.01171875 0.025
4 0.446875 0.475 0.03125 0.05
4 0.6625 0.49765625 0.0390625 0.06796875
4 0.69296875 0.478125 0.0140625 0.03359375
4 0.71328125 0.478125 0.00625 0.02109375
4 0.72421875 0.47890625 0.0109375 0.03046875
6 0.3921875 0.48125 0.03828125 0.03046875
4 0.55390625 0.5796875 0.2734375 0.34296875
4 0.9515625 0.6359375 0.09609375 0.2625
5 0.0984375 0.50234375 0.0140625 0.06640625
5 0.8375 0.4859375 0.03359375 0.1609375
5 0.87578125 0.48359375 0.040625 0.2
5 0.9578125 0.4578125 0.03828125 0.15390625