4 0.559375 0.5015625 0.0109375 0.01953125
4 0.584375 0.5015625 0.03828125 0.0625
4 0.7 0.503125 0.02578125 0.04140625
4 0.7125 0.50703125 0.0296875 0.03203125
4 0.7265625 0.509375 0.01796875 0.0359375
4 0.80390625 0.50703125 0.02421875 0.0515625
4 0.828125 0.51796875 0.053125 0.053125
4 0.86875 0.51796875 0.0640625 0.06796875
4 0.54296875 0.5 0.01640625 0.021875
4 0.115625 0.52890625 0.040625 0.0359375
5 0.1375 0.53125 0.0078125 0.03203125
4 0.18671875 0.52109375 0.03515625 0.0390625
5 0.215625 0.51328125 0.00703125 0.02890625
5 0.15625 0.53125 0.00703125 0.04140625
5 0.1640625 0.53125 0.009375 0.04609375
4 0.31171875 0.5109375 0.009375 0.01953125
4 0.3 0.51484375 0.01328125 0.0265625
4 0.2859375 0.52421875 0.01484375 0.01640625
4 0.26796875 0.51953125 0.01796875 0.01640625
4 0.3625 0.51328125 0.0078125 0.01953125
4 0.353125 0.51484375 0.0109375 0.021875
4 0.32734375 0.51796875 0.0109375 0.01953125
4 0.371875 0.515625 0.0125 0.0140625
5 0.24453125 0.51640625 0.00390625 0.021875
5 0.2484375 0.51796875 0.00546875 0.0234375
6 0.421875 0.459375 0.08984375 0.18203125
6 0.6515625 0.48828125 0.0421875 0.075
4 0.48359375 0.53046875 0.121875 0.17890625
4 0.6234375 0.51484375 0.06796875 0.1
4 0.76015625 0.509375 0.065625 0.075