4 0.4234375 0.50390625 0.009375 0.0125
4 0.365625 0.525 0.0234375 0.03359375
4 0.38125 0.5203125 0.0125 0.021875
4 0.3921875 0.51796875 0.01015625 0.01796875
4 0.3828125 0.5015625 0.01015625 0.01796875
4 0.39375 0.49609375 0.01171875 0.01640625
4 0.4046875 0.49296875 0.01015625 0.0140625
4 0.4046875 0.51171875 0.01015625 0.0140625
4 0.4140625 0.509375 0.0078125 0.01796875
4 0.41640625 0.48984375 0.009375 0.0125
4 0.43359375 0.503125 0.009375 0.0140625
4 0.44140625 0.5125 0.0078125 0.02109375
4 0.45625 0.49765625 0.028125 0.05859375
4 0.4625 0.5203125 0.01953125 0.0390625
4 0.4828125 0.521875 0.040625 0.05546875
4 0.421875 0.56328125 0.06953125 0.10546875
4 0.253125 0.53828125 0.0171875 0.0390625
4 0.23828125 0.5296875 0.01953125 0.0390625
4 0.2125 0.5578125 0.06640625 0.078125
4 0.1421875 0.5609375 0.07109375 0.0640625
4 0.0703125 0.56953125 0.04609375 0.059375
4 0.5375 0.54296875 0.06953125 0.10546875
4 0.571875 0.52265625 0.02109375 0.046875
6 0.5984375 0.5359375 0.059375 0.078125
4 0.62265625 0.52890625 0.0234375 0.046875
4 0.646875 0.52265625 0.0375 0.05546875
4 0.6765625 0.53671875 0.06875 0.0640625
4 0.7296875 0.534375 0.0453125 0.05546875
4 0.9109375 0.53671875 0.10078125 0.0890625
4 0.8734375 0.56171875 0.07890625 0.0890625
4 0.78828125 0.571875 0.15390625 0.13046875
6 0.0390625 0.48984375 0.078125 0.3671875