5 0.58125 0.51171875 0.0125 0.03046875
5 0.56015625 0.53515625 0.01015625 0.01640625
5 0.55 0.5234375 0.0078125 0.04453125
5 0.2734375 0.54140625 0.009375 0.01796875
5 0.25 0.54375 0.015625 0.04453125
4 0.4625 0.52734375 0.0140625 0.01640625
4 0.41328125 0.53203125 0.01328125 0.01640625
4 0.396875 0.534375 0.0203125 0.028125
4 0.496875 0.52734375 0.03671875 0.0375
5 0.471875 0.52578125 0.01171875 0.04453125
4 0.4375 0.5359375 0.0421875 0.0625
4 0.625 0.5515625 0.11015625 0.134375
4 0.32578125 0.546875 0.065625 0.0890625
5 0.8546875 0.5390625 0.03515625 0.16640625
4 0.05078125 0.61796875 0.1015625 0.1375
4 0.14375 0.5828125 0.10390625 0.1140625