4 0.3515625 0.36484375 0.0140625 0.03203125
4 0.403125 0.3578125 0.00859375 0.015625
4 0.409375 0.3609375 0.00859375 0.015625
4 0.453125 0.365625 0.02265625 0.0234375
4 0.39140625 0.359375 0.00859375 0.01640625
4 0.3921875 0.34453125 0.00546875 0.0109375
4 0.4203125 0.3671875 0.01484375 0.01796875
4 0.371875 0.359375 0.0328125 0.05859375
4 0.5671875 0.359375 0.06015625 0.0859375
6 0.4796875 0.33203125 0.0328125 0.0984375
6 0.5328125 0.3265625 0.07890625 0.13359375
6 0.7 0.290625 0.225 0.30546875