5 0.296875 0.41640625 0.0078125 0.01953125
5 0.290625 0.415625 0.00625 0.01640625
4 0.303125 0.453125 0.03046875 0.05703125
4 0.28046875 0.45078125 0.0421875 0.0859375
4 0.2359375 0.4515625 0.08984375 0.1140625
4 0.18671875 0.4765625 0.09921875 0.1234375
4 0.084375 0.49140625 0.16875 0.1984375
4 0.3828125 0.434375 0.01796875 0.0265625
4 0.371875 0.43828125 0.0171875 0.0265625
4 0.39375 0.43359375 0.00859375 0.01640625
4 0.503125 0.45234375 0.03203125 0.0515625
4 0.6859375 0.46875 0.0140625 0.025
4 0.6703125 0.49921875 0.00078125 0.0125
4 0.35078125 0.43984375 0.02578125 0.034375
4 0.40625 0.43515625 0.02265625 0.03046875
4 0.4328125 0.434375 0.01875 0.03203125
4 0.4671875 0.4484375 0.0390625 0.0609375