4 0.36171875 0.44921875 0.03515625 0.053125
5 0.53984375 0.453125 0.00859375 0.053125
5 0.52421875 0.43125 0.00859375 0.02109375
5 0.51796875 0.43359375 0.00703125 0.02890625
5 0.496875 0.44296875 0.00703125 0.03359375
5 0.5125 0.453125 0.009375 0.059375
5 0.525 0.46640625 0.0109375 0.053125
5 0.534375 0.4578125 0.0125 0.07109375
4 0.4578125 0.44375 0.0140625 0.021875
4 0.44140625 0.44609375 0.01171875 0.03046875
4 0.296875 0.46796875 0.08046875 0.10859375
4 0.40390625 0.50859375 0.11171875 0.175
4 0.01640625 0.72734375 0.0328125 0.29140625
5 0.61171875 0.465625 0.0109375 0.071875
5 0.98671875 0.49140625 0.02421875 0.13359375