5 0.459375 0.4125 0.0078125 0.0515625
4 0.296875 0.384375 0.0109375 0.01640625
4 0.31015625 0.38671875 0.01640625 0.02109375
4 0.328125 0.3953125 0.009375 0.0125
4 0.334375 0.39921875 0.01640625 0.01640625
4 0.34375 0.403125 0.01171875 0.01953125
4 0.353125 0.40625 0.009375 0.01640625
4 0.3625 0.409375 0.01328125 0.01953125
4 0.37109375 0.4109375 0.01796875 0.0234375
4 0.3796875 0.4109375 0.01328125 0.0234375
4 0.3921875 0.41875 0.025 0.034375
4 0.26484375 0.41484375 0.04296875 0.059375
4 0.1796875 0.440625 0.10546875 0.11640625
4 0.75703125 0.440625 0.09921875 0.059375
4 0.8109375 0.44296875 0.078125 0.040625
5 0.840625 0.43046875 0.0265625 0.1