4 0.4125 0.44375 0.0265625 0.03046875
4 0.3859375 0.44140625 0.01484375 0.0265625
4 0.5640625 0.44140625 0.0171875 0.03046875
4 0.58046875 0.43359375 0.01484375 0.04296875
4 0.59375 0.44609375 0.03125 0.06796875
4 0.62734375 0.465625 0.0625 0.10703125
4 0.9828125 0.45390625 0.03046875 0.071875
4 0.85625 0.559375 0.28515625 0.3234375
4 0.48671875 0.55390625 0.1671875 0.259375
6 0.51015625 0.37578125 0.1046875 0.225
4 0.2640625 0.515625 0.19921875 0.2515625
4 0.05078125 0.49921875 0.1015625 0.14609375
6 0.871875 0.4015625 0.0828125 0.03203125