4 0.56875 0.60390625 0.0609375 0.09453125
4 0.5375 0.59453125 0.053125 0.08046875
4 0.5140625 0.58828125 0.02421875 0.075
4 0.49609375 0.5890625 0.0171875 0.05703125
4 0.484375 0.5765625 0.009375 0.01953125
4 0.4484375 0.57890625 0.01171875 0.0140625
4 0.43984375 0.57421875 0.00859375 0.02109375
4 0.434375 0.5578125 0.0046875 0.0125
4 0.43203125 0.5625 0.0046875 0.0140625
4 0.33984375 0.59296875 0.01328125 0.03046875
4 0.2953125 0.6078125 0.03046875 0.071875
4 0.1546875 0.63359375 0.096875 0.1140625
4 0.2359375 0.653125 0.128125 0.140625
4 0.4234375 0.575 0.01171875 0.01953125
4 0.4234375 0.578125 0.0140625 0.02109375
4 0.4125 0.559375 0.00390625 0.0125
4 0.46640625 0.59453125 0.0390625 0.059375
4 0.4078125 0.5703125 0.01015625 0.01953125
4 0.32265625 0.596875 0.02265625 0.03359375
6 0.3625 0.5796875 0.03046875 0.05703125
6 0.390625 0.57109375 0.02265625 0.04609375
6 0.425 0.546875 0.009375 0.01640625
4 0.41171875 0.546875 0.00703125 0.009375
4 0.4140625 0.5375 0.0046875 0.015625