5 0.90625 0.55390625 0.01328125 0.021875
5 0.890625 0.5625 0.01171875 0.0375
5 0.87890625 0.5921875 0.0203125 0.08203125
5 0.8640625 0.57734375 0.01171875 0.05703125
5 0.84765625 0.56640625 0.0125 0.021875
5 0.8296875 0.57421875 0.0125 0.0515625
5 0.76484375 0.58515625 0.01875 0.078125
5 0.75 0.58203125 0.01953125 0.084375
5 0.740625 0.58125 0.02265625 0.07890625
4 0.7015625 0.56484375 0.02265625 0.040625
5 0.71796875 0.60859375 0.0359375 0.13046875
5 0.665625 0.584375 0.00859375 0.0765625
5 0.6578125 0.58203125 0.01328125 0.0984375
5 0.65 0.584375 0.01484375 0.0984375
5 0.621875 0.5671875 0.01328125 0.05859375
5 0.6359375 0.59375 0.034375 0.096875
5 0.6953125 0.63984375 0.046875 0.203125
5 0.49921875 0.63515625 0.0203125 0.1109375
5 0.409375 0.59609375 0.02421875 0.09140625
5 0.3421875 0.58515625 0.01328125 0.05703125
5 0.278125 0.5875 0.0125 0.0640625
5 0.225 0.5765625 0.0078125 0.04453125
5 0.2171875 0.5921875 0.01328125 0.075
5 0.121875 0.57734375 0.01953125 0.01953125
5 0.29375 0.6234375 0.0328125 0.14453125
5 0.53671875 0.69921875 0.0703125 0.2390625
5 0.5203125 0.66953125 0.08671875 0.334375
5 0.44609375 0.7171875 0.11484375 0.415625
5 0.0625 0.75078125 0.090625 0.41796875
4 0.390625 0.5984375 0.06015625 0.0625
4 0.4359375 0.590625 0.034375 0.0765625
4 0.61328125 0.56015625 0.01875 0.0234375
4 0.6015625 0.57109375 0.01328125 0.03046875
4 0.5859375 0.584375 0.0390625 0.078125
4 0.55 0.58203125 0.01875 0.05
4 0.70078125 0.571875 0.0234375 0.04296875
4 0.9625 0.61484375 0.07421875 0.1