4 0.6390625 0.5578125 0.0078125 0.0140625
4 0.67890625 0.5546875 0.0109375 0.0234375
4 0.6484375 0.559375 0.009375 0.01796875
4 0.62890625 0.56484375 0.01328125 0.028125
4 0.61484375 0.56484375 0.0171875 0.04296875
4 0.6109375 0.5828125 0.01171875 0.05
4 0.5609375 0.56953125 0.009375 0.0265625
4 0.52578125 0.559375 0.02734375 0.01796875
4 0.54453125 0.58515625 0.02421875 0.04453125
4 0.4828125 0.5859375 0.02734375 0.05703125
4 0.7578125 0.56875 0.06328125 0.046875
4 0.934375 0.6359375 0.115625 0.14140625
4 0.8859375 0.67421875 0.15 0.190625
4 0.678125 0.578125 0.06484375 0.01640625
4 0.44375 0.5890625 0.06171875 0.0765625
4 0.5109375 0.596875 0.05390625 0.0640625
4 0.5828125 0.58828125 0.053125 0.08203125
4 0.18515625 0.74609375 0.3703125 0.50390625
4 0.753125 0.78984375 0.375 0.41796875
4 0.9890625 0.88203125 0.021875 0.221875
5 0.3390625 0.553125 0.01171875 0.03359375
5 0.35625 0.55546875 0.0125 0.0359375
6 0.578125 0.53125 0.034375 0.03359375