5 0.8203125 0.615625 0.02109375 0.0265625
5 0.2140625 0.59921875 0.01953125 0.10703125
5 0.1234375 0.5890625 0.009375 0.090625
4 0.9703125 0.8140625 0.05859375 0.32109375
4 0.6390625 0.78125 0.33515625 0.40546875
4 0.24375 0.58515625 0.03984375 0.05546875
4 0.3234375 0.58046875 0.01875 0.0375
4 0.42421875 0.609375 0.0234375 0.0359375
4 0.4671875 0.5953125 0.03828125 0.040625
4 0.5046875 0.60234375 0.0390625 0.02890625
4 0.5390625 0.60078125 0.025 0.02890625
4 0.7390625 0.61953125 0.01484375 0.01953125