5 0.246875 0.56015625 0.01953125 0.0984375
5 0.19375 0.5640625 0.03984375 0.1234375
4 0.4171875 0.56171875 0.015625 0.0265625
4 0.4 0.55703125 0.01875 0.034375
4 0.3828125 0.559375 0.03125 0.05390625
4 0.44375 0.55625 0.03046875 0.0375
4 0.35625 0.55859375 0.0421875 0.0609375
4 0.5078125 0.553125 0.01875 0.04140625
4 0.525 0.54140625 0.040625 0.07109375
4 0.53125 0.55703125 0.03046875 0.0640625
4 0.5578125 0.55703125 0.05546875 0.078125
4 0.603125 0.56875 0.075 0.14296875
4 0.6703125 0.58203125 0.1359375 0.178125
4 0.759375 0.6203125 0.20546875 0.2359375
4 0.3328125 0.5734375 0.06171875 0.06796875
4 0.4765625 0.54140625 0.05546875 0.1125
4 0.90703125 0.57578125 0.184375 0.49453125