5 0.6734375 0.4625 0.01484375 0.053125
5 0.6484375 0.4671875 0.0203125 0.04453125
5 0.1671875 0.528125 0.01171875 0.04609375
5 0.2140625 0.51875 0.0109375 0.0375
4 0.3953125 0.49296875 0.01015625 0.01796875
4 0.38125 0.496875 0.015625 0.0265625
4 0.3671875 0.49296875 0.009375 0.01796875
4 0.3578125 0.49921875 0.01484375 0.01953125
4 0.328125 0.5015625 0.01015625 0.01640625
4 0.321875 0.5015625 0.0046875 0.01953125
4 0.31484375 0.50546875 0.01015625 0.01796875
4 0.28046875 0.521875 0.05078125 0.0625
4 0.44375 0.49375 0.025 0.040625
4 0.065625 0.55078125 0.0984375 0.09453125
4 0.0140625 0.57109375 0.028125 0.0828125
6 0.5234375 0.51953125 0.0921875 0.15
4 0.58203125 0.55625 0.10234375 0.146875
4 0.715625 0.6125 0.275 0.253125