5 0.490625 0.45234375 0.00703125 0.015625
5 0.4625 0.45 0.00703125 0.01796875
5 0.46796875 0.453125 0.00625 0.01640625
6 0.375 0.45078125 0.025 0.0234375
4 0.29765625 0.4640625 0.01484375 0.0234375
4 0.27734375 0.46953125 0.0421875 0.0390625
4 0.3484375 0.459375 0.0296875 0.040625
4 0.321875 0.453125 0.02890625 0.0265625
4 0.259375 0.4640625 0.0171875 0.02109375
4 0.23203125 0.47890625 0.0421875 0.06953125
4 0.2171875 0.48984375 0.0171875 0.04609375
4 0.1984375 0.49140625 0.034375 0.0640625
4 0.1859375 0.4953125 0.03203125 0.06796875
4 0.1390625 0.49765625 0.084375 0.103125
4 0.103125 0.52734375 0.0796875 0.09140625
4 0.046875 0.5484375 0.0875 0.13046875
4 0.03125 0.55234375 0.06171875 0.115625
4 0.01953125 0.57578125 0.0390625 0.11953125
4 0.43359375 0.475 0.0328125 0.04609375
4 0.45546875 0.48125 0.0328125 0.046875
4 0.478125 0.48984375 0.025 0.05703125
4 0.49375 0.49296875 0.04140625 0.075
4 0.51875 0.49921875 0.04921875 0.0875
4 0.56171875 0.509375 0.0828125 0.1125
4 0.6375 0.52890625 0.134375 0.14296875
4 0.7375 0.571875 0.17421875 0.159375
4 0.3203125 0.5015625 0.0453125 0.06640625
4 0.2453125 0.50078125 0.0515625 0.05703125