5 0.16484375 0.5203125 0.01171875 0.0875
5 0.12734375 0.53828125 0.015625 0.0890625
5 0.17890625 0.51953125 0.0109375 0.096875
5 0.15546875 0.521875 0.01640625 0.0890625
5 0.1921875 0.515625 0.015625 0.1015625
5 0.1453125 0.53828125 0.02890625 0.11953125
4 0.3609375 0.48828125 0.0140625 0.0234375
4 0.390625 0.48515625 0.009375 0.01640625
4 0.4 0.4875 0.01328125 0.025
4 0.41015625 0.4921875 0.021875 0.0359375
4 0.42265625 0.49765625 0.025 0.0390625
4 0.4359375 0.5015625 0.0296875 0.04453125
4 0.45546875 0.50546875 0.0453125 0.05703125
4 0.378125 0.48828125 0.01875 0.0234375
4 0.46875 0.51953125 0.05703125 0.08046875
5 0.6265625 0.51328125 0.0265625 0.1375
5 0.6875 0.515625 0.0265625 0.1125
5 0.56875 0.7 0.1734375 0.5015625
5 0.6421875 0.70390625 0.10390625 0.4890625