4 0.653125 0.29765625 0.0171875 0.02890625
4 0.665625 0.3015625 0.0171875 0.0265625
4 0.64375 0.31875 0.01875 0.053125
4 0.6921875 0.30390625 0.0296875 0.04609375
4 0.55625 0.30859375 0.03125 0.04453125
4 0.546875 0.315625 0.0296875 0.05
4 0.528125 0.31796875 0.0375 0.046875
6 0.61953125 0.2734375 0.0328125 0.040625
4 0.61640625 0.32578125 0.0515625 0.075
4 0.7109375 0.33515625 0.0609375 0.0859375
4 0.38125 0.40390625 0.31796875 0.40390625
5 0.5765625 0.3078125 0.00859375 0.028125
5 0.784375 0.31328125 0.0203125 0.0609375
5 0.10546875 0.2953125 0.01328125 0.04609375
5 0.11171875 0.3015625 0.0171875 0.0359375
5 0.0734375 0.2984375 0.02265625 0.05703125
5 0.0828125 0.3 0.0328125 0.053125
5 0.0078125 0.39609375 0.015625 0.1984375
4 0.0375 0.30546875 0.0484375 0.0390625
5 0.82109375 0.309375 0.01484375 0.0734375
5 0.84921875 0.315625 0.01484375 0.08359375