5 0.5265625 0.5234375 0.0234375 0.0859375
5 0.55625 0.5375 0.03125 0.14140625
4 0.0171875 0.5109375 0.03125 0.09140625
4 0.0515625 0.51328125 0.0671875 0.08203125
4 0.115625 0.503125 0.071875 0.07890625
4 0.4203125 0.50703125 0.01875 0.03359375
4 0.43359375 0.509375 0.01640625 0.0390625
4 0.45859375 0.51171875 0.04140625 0.05703125
4 0.50390625 0.51328125 0.07421875 0.09296875
4 0.55390625 0.50625 0.0703125 0.11640625
4 0.6890625 0.5015625 0.24453125 0.33203125
5 0.8328125 0.53515625 0.03359375 0.09453125
5 0.9046875 0.509375 0.05546875 0.16796875
4 0.3921875 0.51328125 0.0328125 0.04453125