4 0.0625 0.5359375 0.12421875 0.2984375
4 0.1421875 0.5546875 0.10625 0.1375
4 0.19765625 0.540625 0.078125 0.1140625
6 0.22890625 0.484375 0.1171875 0.18046875
4 0.2953125 0.5109375 0.0265625 0.071875
4 0.315625 0.50546875 0.025 0.05
4 0.334375 0.50859375 0.02578125 0.034375
4 0.5078125 0.53359375 0.05390625 0.09453125
4 0.56640625 0.53203125 0.1 0.146875
4 0.6671875 0.559375 0.171875 0.1984375
4 0.84453125 0.6203125 0.303125 0.28359375
4 0.396875 0.51328125 0.025 0.034375
6 0.3671875 0.49609375 0.02421875 0.04453125
6 0.4609375 0.48515625 0.09375 0.1140625