4 0.92421875 0.578125 0.15 0.11640625
5 0.7125 0.6015625 0.04375 0.1765625
5 0.609375 0.596875 0.0390625 0.15859375
4 0.765625 0.559375 0.078125 0.065625
4 0.8375 0.559375 0.05234375 0.0375
4 0.865625 0.55 0.01875 0.021875
4 0.4875 0.55234375 0.0125 0.015625
4 0.5203125 0.5546875 0.01328125 0.0234375
4 0.56796875 0.55234375 0.01640625 0.040625
4 0.63984375 0.54921875 0.03984375 0.0484375
4 0.675 0.546875 0.01953125 0.0265625
4 0.69765625 0.5421875 0.01875 0.0234375
4 0.23125 0.5421875 0.0171875 0.0375
4 0.3640625 0.553125 0.0078125 0.01953125