5 0.8375 0.428125 0.05234375 0.2125
5 0.96953125 0.353125 0.03203125 0.16796875
4 0.2484375 0.37578125 0.021875 0.03046875
4 0.2171875 0.38046875 0.02421875 0.034375
4 0.1890625 0.3859375 0.03203125 0.03359375
4 0.1671875 0.38359375 0.021875 0.034375
4 0.14921875 0.38671875 0.01953125 0.034375
4 0.12578125 0.3828125 0.03125 0.0359375
4 0.3859375 0.3671875 0.02109375 0.028125
4 0.43125 0.36484375 0.01953125 0.021875
4 0.4703125 0.36484375 0.015625 0.021875
4 0.4828125 0.371875 0.01875 0.034375
4 0.3703125 0.40078125 0.0578125 0.075
4 0.0734375 0.3984375 0.14609375 0.1640625
4 0.0890625 0.56484375 0.17734375 0.44609375
4 0.296875 0.434375 0.1265625 0.1484375
4 0.5015625 0.37578125 0.03515625 0.053125
4 0.4515625 0.37421875 0.02265625 0.0359375
4 0.41171875 0.37265625 0.03359375 0.0484375