4 0.3390625 0.546875 0.01328125 0.01953125
4 0.35 0.54921875 0.0109375 0.0234375
4 0.3625 0.553125 0.01328125 0.03203125
4 0.371875 0.55390625 0.01328125 0.03359375
4 0.384375 0.55703125 0.01796875 0.0390625
4 0.284375 0.53359375 0.01796875 0.01640625
4 0.2640625 0.54609375 0.01796875 0.04140625
4 0.31015625 0.5421875 0.01875 0.03359375
4 0.2421875 0.540625 0.0125 0.01640625
4 0.21875 0.54296875 0.01640625 0.021875
4 0.1984375 0.5421875 0.01796875 0.02890625
4 0.178125 0.553125 0.02734375 0.0265625
4 0.15703125 0.5375 0.01640625 0.01953125
4 0.0546875 0.553125 0.03515625 0.053125
4 0.034375 0.5515625 0.01328125 0.04296875
4 0.0171875 0.56015625 0.034375 0.0671875
4 0.40625 0.55859375 0.02578125 0.0390625
6 0.0984375 0.5421875 0.06953125 0.1
4 0.30234375 0.55625 0.03828125 0.0484375
5 0.04375 0.5765625 0.034375 0.13046875
6 0.7140625 0.490625 0.5671875 0.98046875