4 0.06015625 0.540625 0.1203125 0.1265625
4 0.12734375 0.521875 0.03828125 0.0625
4 0.2421875 0.509375 0.03203125 0.05703125
4 0.3140625 0.48515625 0.015625 0.01640625
4 0.32265625 0.509375 0.02890625 0.04453125
4 0.33203125 0.49765625 0.03203125 0.04609375
4 0.353125 0.49921875 0.01640625 0.04140625
4 0.44375 0.490625 0.01640625 0.015625
4 0.415625 0.503125 0.0375 0.0640625
4 0.3859375 0.53203125 0.078125 0.109375
5 0.4578125 0.48828125 0.0046875 0.01796875
5 0.45390625 0.4875 0.00546875 0.01640625
4 0.18828125 0.546875 0.134375 0.14296875
4 0.28671875 0.509375 0.0640625 0.084375
4 0.6984375 0.496875 0.02421875 0.0375
4 0.603125 0.471875 0.02421875 0.03046875
4 0.615625 0.484375 0.02109375 0.015625
4 0.528125 0.4859375 0.0203125 0.0140625