5 0.04609375 0.596875 0.0125 0.05390625
5 0.05625 0.58984375 0.01484375 0.06796875
5 0.0765625 0.58984375 0.021875 0.071875
5 0.9140625 0.50625 0.03359375 0.059375
5 0.0203125 0.5765625 0.040625 0.33359375
5 0.871875 0.5375 0.021875 0.1015625
4 0.184375 0.578125 0.125 0.11640625
4 0.3640625 0.5578125 0.02109375 0.05390625
4 0.4625 0.53515625 0.0140625 0.01796875
4 0.465625 0.52734375 0.01640625 0.0140625
4 0.45078125 0.54296875 0.01953125 0.02890625
4 0.3875 0.55859375 0.03984375 0.0515625
4 0.4234375 0.56015625 0.0421875 0.05859375
4 0.33359375 0.56015625 0.04921875 0.0625
4 0.93125 0.61484375 0.13671875 0.35390625