4 0.0515625 0.5015625 0.10234375 0.1359375
4 0.53828125 0.46484375 0.02890625 0.025
4 0.5609375 0.459375 0.02421875 0.03359375
4 0.571875 0.4625 0.02265625 0.03046875
4 0.46015625 0.46875 0.03515625 0.040625
4 0.38984375 0.47265625 0.0328125 0.04140625
4 0.3640625 0.48125 0.03046875 0.0359375
4 0.3328125 0.4796875 0.04140625 0.0515625
4 0.19140625 0.49609375 0.06796875 0.059375
4 0.1296875 0.5078125 0.07421875 0.08046875
4 0.29296875 0.4859375 0.05078125 0.05703125
4 0.43125 0.471875 0.04765625 0.046875
4 0.60390625 0.46875 0.04453125 0.05859375
5 0.684375 0.465625 0.01796875 0.10859375
5 0.76171875 0.48125 0.03984375 0.234375
5 0.7234375 0.471875 0.0375 0.234375