5 0.9171875 0.50234375 0.025 0.121875
5 0.91640625 0.4765625 0.01875 0.1265625
5 0.8671875 0.48203125 0.02109375 0.12890625
5 0.8 0.465625 0.009375 0.06796875
5 0.8078125 0.4765625 0.01875 0.0984375
5 0.88203125 0.5515625 0.05 0.2625
5 0.8390625 0.53359375 0.03828125 0.2734375
5 0.98515625 0.528125 0.02890625 0.1734375
4 0.3921875 0.45625 0.01875 0.01640625
4 0.40234375 0.47734375 0.04765625 0.0640625
4 0.375 0.48359375 0.03671875 0.05546875
4 0.3125 0.49609375 0.0921875 0.11953125
4 0.1984375 0.53125 0.16484375 0.190625
4 0.60390625 0.56328125 0.46640625 0.67109375
6 0.065625 0.446875 0.13046875 0.634375