4 0.1078125 0.50078125 0.065625 0.09296875
4 0.2703125 0.48515625 0.02109375 0.040625
4 0.309375 0.4828125 0.02109375 0.03046875
4 0.33046875 0.478125 0.02265625 0.03359375
4 0.4984375 0.48671875 0.015625 0.028125
4 0.4484375 0.490625 0.0203125 0.04609375
4 0.54375 0.4921875 0.0171875 0.0484375
4 0.565625 0.4921875 0.02265625 0.04296875
4 0.58203125 0.490625 0.03828125 0.04609375
4 0.6140625 0.490625 0.05859375 0.0625
4 0.821875 0.5390625 0.14296875 0.1140625
4 0.9359375 0.571875 0.1265625 0.15859375
4 0.0546875 0.509375 0.10546875 0.10703125
4 0.0171875 0.584375 0.03046875 0.125
4 0.659375 0.5109375 0.0734375 0.0765625
4 0.390625 0.5140625 0.11640625 0.190625
4 0.51484375 0.48828125 0.03828125 0.04609375
4 0.321875 0.39375 0.0109375 0.03359375
5 0.715625 0.49375 0.0203125 0.0625
5 0.8296875 0.478125 0.0171875 0.03359375
5 0.7328125 0.50234375 0.02109375 0.0734375