4 0.4328125 0.45234375 0.0171875 0.0390625
4 0.396875 0.45703125 0.0625 0.0734375
4 0.0875 0.4640625 0.16484375 0.1375
5 0.33984375 0.440625 0.01796875 0.05
5 0.4953125 0.46328125 0.0140625 0.059375
5 0.5046875 0.45234375 0.0125 0.040625
5 0.51015625 0.45078125 0.01015625 0.0375
5 0.515625 0.45078125 0.00859375 0.0375
5 0.51953125 0.45234375 0.00859375 0.046875
5 0.48125 0.453125 0.01171875 0.040625
5 0.5296875 0.4625 0.01640625 0.075
5 0.534375 0.45625 0.00703125 0.04609375
5 0.540625 0.45859375 0.00546875 0.05
5 0.5625 0.465625 0.01796875 0.075
5 0.546875 0.4609375 0.02109375 0.08203125
5 0.56953125 0.453125 0.0140625 0.0625
5 0.4578125 0.45546875 0.00859375 0.03359375
5 0.4609375 0.4546875 0.0078125 0.03203125
5 0.465625 0.4546875 0.00859375 0.0359375
5 0.628125 0.43359375 0.02421875 0.04453125
5 0.61875 0.43125 0.01171875 0.04609375
5 0.87578125 0.4578125 0.028125 0.1125
5 0.00703125 0.5640625 0.0125 0.17109375
4 0.9046875 0.73359375 0.18828125 0.39296875
4 0.259375 0.4796875 0.20078125 0.14453125
4 0.709375 0.49609375 0.2609375 0.153125
5 0.04296875 0.51875 0.084375 0.31640625
5 0.1296875 0.5546875 0.14140625 0.44453125