4 0.1046875 0.515625 0.08984375 0.1125
4 0.17265625 0.50859375 0.071875 0.08203125
4 0.21484375 0.5078125 0.03984375 0.071875
4 0.24453125 0.50625 0.0234375 0.0484375
4 0.371875 0.49921875 0.0234375 0.034375
4 0.5171875 0.51328125 0.03671875 0.0484375
6 0.4125 0.465625 0.04453125 0.065625
6 0.4484375 0.4828125 0.0265625 0.05703125
4 0.553125 0.51484375 0.0359375 0.0484375
4 0.49375 0.48203125 0.02109375 0.01640625
4 0.2875 0.51640625 0.08359375 0.096875
4 0.40625 0.51796875 0.059375 0.09296875
4 0.47734375 0.51796875 0.04765625 0.05859375
5 0.3453125 0.49453125 0.00859375 0.04296875
5 0.86875 0.5375 0.0234375 0.065625
5 0.8359375 0.53125 0.015625 0.07109375
6 0.03671875 0.46484375 0.06953125 0.24296875
4 0.3359375 0.496875 0.01953125 0.02890625