4 0.1484375 0.58515625 0.23984375 0.221875
4 0.8328125 0.6796875 0.33203125 0.30390625
4 0.9609375 0.609375 0.0734375 0.13359375
4 0.4640625 0.55234375 0.0703125 0.09609375
6 0.3828125 0.53046875 0.05625 0.07890625
6 0.4296875 0.52421875 0.03046875 0.05
6 0.49609375 0.5265625 0.01953125 0.0375
6 0.5109375 0.52421875 0.009375 0.01640625
6 0.525 0.5265625 0.0140625 0.025
6 0.540625 0.534375 0.0328125 0.05390625
6 0.615625 0.540625 0.03125 0.05859375
6 0.665625 0.55390625 0.075 0.084375
6 0.7015625 0.553125 0.01640625 0.04609375
4 0.57734375 0.5625 0.06328125 0.08046875
6 0.29140625 0.515625 0.0328125 0.03359375