6 0.4421875 0.4640625 0.01953125 0.03359375
6 0.4609375 0.46640625 0.01796875 0.04453125
6 0.4828125 0.4703125 0.03515625 0.0625
4 0.378125 0.453125 0.009375 0.009375
4 0.359375 0.4578125 0.01953125 0.02109375
4 0.3484375 0.44921875 0.0109375 0.00859375
4 0.3109375 0.446875 0.01640625 0.0140625
4 0.2828125 0.4453125 0.02421875 0.028125
4 0.2546875 0.440625 0.01171875 0.034375
4 0.23125 0.4375 0.009375 0.03046875
4 0.215625 0.43515625 0.0265625 0.040625
4 0.18515625 0.43125 0.04375 0.04609375
4 0.4890625 0.49140625 0.0203125 0.0234375
4 0.5046875 0.5 0.01796875 0.021875
4 0.5265625 0.51015625 0.04296875 0.04609375
4 0.55859375 0.521875 0.040625 0.059375
4 0.1171875 0.421875 0.0625 0.05703125
4 0.59375 0.534375 0.06796875 0.09296875
4 0.42109375 0.45625 0.00546875 0.009375