4 0.7390625 0.309375 0.01796875 0.02109375
4 0.7296875 0.303125 0.0125 0.0125
4 0.73046875 0.32109375 0.0140625 0.025
4 0.715625 0.3078125 0.01484375 0.00859375
4 0.71953125 0.32421875 0.0171875 0.0234375
4 0.70625 0.31796875 0.01484375 0.0109375
4 0.7078125 0.334375 0.02109375 0.0265625
4 0.6984375 0.3328125 0.0109375 0.015625
4 0.6859375 0.32265625 0.01328125 0.009375
6 0.6640625 0.3265625 0.0265625 0.04609375
4 0.66953125 0.33828125 0.01796875 0.03203125
4 0.6828125 0.3421875 0.03203125 0.04296875
4 0.5984375 0.34765625 0.0484375 0.034375
4 0.5296875 0.346875 0.03203125 0.040625
4 0.496875 0.378125 0.07890625 0.08203125
6 0.32109375 0.3515625 0.2359375 0.215625
4 0.815625 0.34609375 0.04375 0.059375
4 0.8265625 0.3546875 0.03984375 0.06640625
4 0.8484375 0.37265625 0.053125 0.10546875
6 0.921875 0.28515625 0.153125 0.090625
4 0.925 0.3875 0.14921875 0.19609375
5 0.9765625 0.55078125 0.0453125 0.384375
5 0.95234375 0.4796875 0.078125 0.40390625
5 0.7828125 0.31640625 0.00703125 0.02109375
5 0.16328125 0.3875 0.028125 0.11953125