4 0.075 0.46171875 0.14609375 0.24609375
4 0.884375 0.51171875 0.2296875 0.44609375
4 0.4578125 0.4453125 0.31484375 0.4984375
4 0.9109375 0.3609375 0.17265625 0.10546875
4 0.72109375 0.3765625 0.20703125 0.25859375
4 0.521875 0.27265625 0.07109375 0.065625
4 0.2984375 0.41328125 0.125 0.18359375
4 0.3703125 0.30703125 0.03671875 0.03046875
4 0.16953125 0.403125 0.159375 0.1609375
4 0.2421875 0.34765625 0.0359375 0.0515625
5 0.2203125 0.31796875 0.01015625 0.05859375
5 0.2125 0.32421875 0.01953125 0.034375
5 0.3078125 0.30546875 0.01484375 0.0265625
4 0.6171875 0.33359375 0.0265625 0.053125
4 0.6046875 0.31328125 0.034375 0.075
4 0.59765625 0.3125 0.0421875 0.06640625
4 0.575 0.31796875 0.01875 0.04296875
5 0.0109375 0.30625 0.021875 0.053125