5 0.63515625 0.4484375 0.021875 0.109375
6 0.43359375 0.39765625 0.00390625 0.0265625
4 0.4 0.3984375 0.009375 0.03359375
4 0.43046875 0.396875 0.0109375 0.021875
4 0.42265625 0.403125 0.00703125 0.01953125
4 0.4140625 0.40234375 0.009375 0.021875
4 0.4046875 0.40390625 0.01484375 0.021875
4 0.3375 0.40234375 0.021875 0.04609375
4 0.3140625 0.40234375 0.0296875 0.04609375
4 0.2984375 0.40703125 0.0203125 0.04609375
4 0.2765625 0.40234375 0.034375 0.0609375
4 0.25390625 0.403125 0.02734375 0.071875
6 0.175 0.3703125 0.15 0.1625
4 0.5015625 0.49921875 0.2140625 0.3375
4 0.0796875 0.4328125 0.02890625 0.053125
6 0.0578125 0.27578125 0.11484375 0.44453125
4 0.3828125 0.40234375 0.0203125 0.0265625