4 0.35625 0.49453125 0.0140625 0.0265625
4 0.37734375 0.49609375 0.02421875 0.0359375
6 0.465625 0.459375 0.03203125 0.03046875
4 0.51015625 0.515625 0.0296875 0.05546875
4 0.55390625 0.51015625 0.025 0.0515625
4 0.578125 0.50703125 0.03984375 0.065625
4 0.7125 0.521875 0.0546875 0.0640625
4 0.625 0.5453125 0.12421875 0.125
4 0.2625 0.51796875 0.05859375 0.05859375
4 0.46875 0.53046875 0.075 0.115625
5 0.1234375 0.51171875 0.0140625 0.05
4 0.115625 0.5125 0.05390625 0.0515625
4 0.83671875 0.65703125 0.32578125 0.396875
4 0.08046875 0.68046875 0.1609375 0.540625
4 0.434375 0.5109375 0.01875 0.078125
4 0.41953125 0.49453125 0.01328125 0.0265625