6 0.2875 0.37734375 0.0265625 0.025
6 0.36171875 0.378125 0.0140625 0.01796875
4 0.34375 0.39140625 0.0125 0.01640625
4 0.334375 0.390625 0.0125 0.0140625
4 0.321875 0.384375 0.01015625 0.0140625
4 0.32109375 0.3984375 0.0125 0.0140625
4 0.309375 0.39609375 0.009375 0.01640625
4 0.29375 0.4 0.01875 0.01640625
4 0.271875 0.3984375 0.02578125 0.021875
4 0.253125 0.396875 0.0125 0.0265625
4 0.2453125 0.4 0.01640625 0.02109375
4 0.22890625 0.4046875 0.02890625 0.021875
4 0.1859375 0.38515625 0.0453125 0.05859375
4 0.19375 0.4046875 0.03828125 0.03046875
4 0.1546875 0.4046875 0.01640625 0.03046875
4 0.14140625 0.40703125 0.0140625 0.034375
4 0.11953125 0.403125 0.03515625 0.0515625
4 0.07890625 0.41015625 0.06875 0.05390625
4 0.02109375 0.41484375 0.0421875 0.07109375
4 0.4 0.38359375 0.00703125 0.01640625
4 0.4171875 0.40390625 0.02109375 0.025
4 0.578125 0.378125 0.02890625 0.0265625
4 0.671875 0.3734375 0.03828125 0.01796875
4 0.4875 0.390625 0.0125 0.0140625
4 0.5265625 0.3859375 0.01171875 0.01796875
6 0.38671875 0.3875 0.02421875 0.05390625