4 0.24453125 0.42265625 0.01796875 0.01796875
4 0.19921875 0.41328125 0.04921875 0.03359375
4 0.321875 0.415625 0.01171875 0.01640625
4 0.365625 0.41640625 0.0125 0.015625
4 0.353125 0.4109375 0.00859375 0.015625
4 0.3359375 0.41640625 0.01484375 0.015625
4 0.43125 0.41796875 0.0125 0.025
6 0.4171875 0.40859375 0.021875 0.0390625
4 0.446875 0.4265625 0.02734375 0.0375
4 0.39609375 0.44296875 0.06640625 0.090625
4 0.62890625 0.43515625 0.09453125 0.11953125
5 0.6984375 0.43515625 0.0203125 0.1125
4 0.5265625 0.39453125 0.11796875 0.23046875
4 0.8984375 0.503125 0.2015625 0.2609375