4 0.4359375 0.60625 0.01171875 0.028125
4 0.5109375 0.5921875 0.01015625 0.02109375
4 0.5578125 0.5921875 0.01171875 0.028125
4 0.5625 0.59609375 0.01171875 0.02890625
4 0.57109375 0.5953125 0.015625 0.03359375
4 0.578125 0.596875 0.0234375 0.03359375
4 0.603125 0.5953125 0.03359375 0.040625
5 0.54609375 0.5953125 0.009375 0.0390625
5 0.7375 0.59609375 0.021875 0.10703125
4 0.4203125 0.609375 0.03359375 0.05
4 0.4484375 0.60546875 0.0203125 0.03046875
4 0.48671875 0.6078125 0.046875 0.084375
4 0.6484375 0.5953125 0.06796875 0.084375