4 0.559375 0.5515625 0.01484375 0.01796875
4 0.60390625 0.5640625 0.01015625 0.03046875
4 0.6171875 0.565625 0.0265625 0.04140625
6 0.59609375 0.5359375 0.02109375 0.0265625
6 0.5375 0.546875 0.01171875 0.0234375
6 0.5015625 0.54765625 0.03828125 0.0640625
6 0.5640625 0.53828125 0.0265625 0.02109375
6 0.60625 0.52109375 0.03671875 0.046875
4 0.4609375 0.56015625 0.01484375 0.0234375
4 0.4984375 0.5 0.02734375 0.02890625
4 0.54921875 0.5515625 0.01484375 0.03359375
4 0.53203125 0.55625 0.0171875 0.0234375
4 0.5828125 0.56875 0.040625 0.05859375
4 0.6828125 0.584375 0.13046875 0.18359375
4 0.4203125 0.57109375 0.0421875 0.0484375
4 0.3265625 0.56953125 0.05 0.05546875
4 0.221875 0.58515625 0.07890625 0.078125
4 0.10625 0.5859375 0.09375 0.075