5 0.2796875 0.534375 0.00703125 0.046875
5 0.51875 0.51640625 0.01171875 0.0515625
4 0.3875 0.5140625 0.0109375 0.0234375
4 0.378125 0.52578125 0.01640625 0.02890625
4 0.36875 0.53671875 0.015625 0.04453125
4 0.346875 0.54375 0.04921875 0.075
4 0.49453125 0.5359375 0.0421875 0.0890625
4 0.43125 0.56484375 0.10078125 0.146875
4 0.04296875 0.6875 0.0859375 0.315625
4 0.0390625 0.55234375 0.07734375 0.10859375
5 0.95625 0.5703125 0.0875 0.7375
5 0.8859375 0.54140625 0.03984375 0.1265625
6 0.834375 0.54453125 0.06015625 0.10703125
6 0.765625 0.54140625 0.065625 0.10390625
4 0.90703125 0.734375 0.1859375 0.375