4 0.45234375 0.4265625 0.00859375 0.00703125
4 0.4421875 0.428125 0.00859375 0.00703125
4 0.43125 0.42421875 0.01171875 0.00703125
4 0.4 0.421875 0.01484375 0.01640625
4 0.3828125 0.42265625 0.0171875 0.015625
4 0.359375 0.42109375 0.02109375 0.015625
4 0.334375 0.4234375 0.0234375 0.0125
4 0.48984375 0.428125 0.00703125 0.01796875
4 0.225 0.41875 0.02734375 0.01640625
4 0.10859375 0.421875 0.05625 0.03046875
4 0.03125 0.4203125 0.06171875 0.0390625
4 0.1609375 0.4109375 0.05390625 0.05
6 0.2765625 0.39921875 0.07421875 0.05390625
4 0.47109375 0.4421875 0.0296875 0.04453125
4 0.50546875 0.4328125 0.009375 0.01796875
6 0.040625 0.4 0.07421875 0.0875