4 0.38125 0.5046875 0.00703125 0.0125
4 0.390625 0.5046875 0.0125 0.0125
4 0.40234375 0.5015625 0.01171875 0.00546875
4 0.4078125 0.509375 0.02109375 0.01796875
4 0.4265625 0.50390625 0.01875 0.009375
4 0.4296875 0.5125 0.028125 0.01640625
4 0.33125 0.5328125 0.0328125 0.04609375
4 0.378125 0.55546875 0.08515625 0.0890625
4 0.52734375 0.52265625 0.0125 0.015625
4 0.54296875 0.52265625 0.01796875 0.021875
4 0.565625 0.52578125 0.0109375 0.01796875
4 0.58125 0.52578125 0.02578125 0.021875
4 0.61484375 0.52890625 0.02109375 0.025
4 0.64375 0.51953125 0.01328125 0.0109375
4 0.65390625 0.53359375 0.02421875 0.028125
4 0.603125 0.534375 0.02421875 0.028125
4 0.30859375 0.5171875 0.0203125 0.03359375
4 0.2890625 0.521875 0.0328125 0.0359375
4 0.2609375 0.528125 0.03515625 0.053125
4 0.15390625 0.5109375 0.0609375 0.046875
4 0.1234375 0.51640625 0.065625 0.0359375
4 0.225 0.53828125 0.103125 0.06953125
4 0.46875 0.61484375 0.1515625 0.21796875
4 0.7390625 0.56640625 0.1609375 0.11640625
4 0.95078125 0.67109375 0.09453125 0.1984375
5 0.8578125 0.565625 0.0125 0.05390625
5 0.81484375 0.5578125 0.00859375 0.053125