4 0.37421875 0.55625 0.01484375 0.00703125
4 0.37421875 0.56171875 0.01796875 0.00703125
4 0.3734375 0.56953125 0.0203125 0.0140625
4 0.3703125 0.59140625 0.0203125 0.0390625
4 0.3953125 0.55859375 0.01796875 0.03046875
4 0.3984375 0.56640625 0.01640625 0.025
4 0.4046875 0.57734375 0.0234375 0.02890625
4 0.4046875 0.58359375 0.0203125 0.03046875
4 0.409375 0.58828125 0.0265625 0.0265625
4 0.353125 0.54921875 0.0125 0.00703125
4 0.35390625 0.559375 0.0140625 0.01640625
4 0.34921875 0.565625 0.0171875 0.01796875
4 0.34609375 0.56484375 0.021875 0.0125
4 0.340625 0.5734375 0.02109375 0.025
4 0.32421875 0.590625 0.03125 0.0625
4 0.309375 0.603125 0.03515625 0.05703125
4 0.2875 0.61953125 0.05546875 0.0765625
4 0.44453125 0.6328125 0.140625 0.121875
4 0.6765625 0.6484375 0.221875 0.134375
4 0.9125 0.84765625 0.17421875 0.2984375
5 0.2046875 0.62109375 0.0328125 0.10390625
5 0.32109375 0.61875 0.02421875 0.09140625
5 0.3421875 0.7171875 0.1015625 0.2890625
5 0.5359375 0.61328125 0.01484375 0.06640625
5 0.24609375 0.60859375 0.02578125 0.090625
5 0.88671875 0.6921875 0.04140625 0.153125
5 0.57421875 0.6546875 0.01875 0.09296875
5 0.6046875 0.61484375 0.01015625 0.01796875
5 0.628125 0.69453125 0.01640625 0.021875
5 0.684375 0.6984375 0.02421875 0.021875