5 0.62109375 0.43359375 0.02890625 0.07109375
4 0.403125 0.41953125 0.009375 0.0515625
4 0.30859375 0.415625 0.00546875 0.0484375
4 0.30078125 0.4109375 0.01015625 0.04453125
6 0.2859375 0.4109375 0.02890625 0.06796875
4 0.23359375 0.4140625 0.0921875 0.1390625
4 0.1859375 0.43359375 0.12421875 0.14609375
4 0.0625 0.484375 0.125 0.39375
4 0.35625 0.434375 0.08828125 0.16640625
4 0.4109375 0.43359375 0.01953125 0.0609375
4 0.4171875 0.4328125 0.0265625 0.0640625
4 0.446875 0.44453125 0.06484375 0.109375
4 0.5109375 0.46328125 0.1265625 0.146875
4 0.72265625 0.559375 0.284375 0.296875
4 0.88203125 0.62578125 0.234375 0.5109375