4 0.025 0.778125 0.046875 0.284375
4 0.075 0.63125 0.15 0.2
4 0.2921875 0.615625 0.11875 0.16796875
4 0.3609375 0.60078125 0.03828125 0.0875
4 0.390625 0.584375 0.0609375 0.0875
4 0.4265625 0.5734375 0.0296875 0.0484375
4 0.4421875 0.56953125 0.0203125 0.040625
4 0.4546875 0.5625 0.01640625 0.028125
4 0.46875 0.559375 0.0140625 0.02109375
4 0.48125 0.55625 0.009375 0.01953125
4 0.5015625 0.55390625 0.015625 0.0234375
4 0.5125 0.553125 0.0140625 0.025
4 0.521875 0.5578125 0.0140625 0.025
4 0.53125 0.55 0.0140625 0.03203125
4 0.54296875 0.5578125 0.01875 0.0390625
4 0.55703125 0.56015625 0.02734375 0.04453125
4 0.5875 0.56484375 0.05 0.0609375
6 0.65625 0.565625 0.1015625 0.140625
5 0.71875 0.58984375 0.046875 0.23359375