5 0.57890625 0.54765625 0.0328125 0.1609375
5 0.65390625 0.559375 0.034375 0.159375
5 0.81484375 0.60078125 0.025 0.1359375
5 0.784375 0.6484375 0.06640625 0.209375
5 0.9328125 0.6859375 0.0734375 0.25859375
4 0.11484375 0.36171875 0.0125 0.02109375
4 0.109375 0.3609375 0.0171875 0.021875
4 0.1 0.36328125 0.0203125 0.0265625
4 0.0796875 0.36640625 0.025 0.0359375
4 0.06328125 0.36953125 0.01875 0.03046875
4 0.04375 0.3671875 0.028125 0.04609375
4 0.02734375 0.36953125 0.02265625 0.05
4 0.015625 0.365625 0.0296875 0.0484375
4 0.1578125 0.353125 0.01484375 0.01796875
4 0.140625 0.35 0.01171875 0.02109375
4 0.16875 0.3640625 0.01484375 0.0234375
4 0.190625 0.3703125 0.0171875 0.03359375
4 0.16875 0.3859375 0.01484375 0.0234375
4 0.17734375 0.39609375 0.021875 0.03359375
4 0.14609375 0.37421875 0.01640625 0.0265625
4 0.20390625 0.37734375 0.0125 0.0234375
4 0.209375 0.38828125 0.01484375 0.02109375
4 0.234375 0.40625 0.01484375 0.03046875
4 0.24765625 0.4125 0.01953125 0.0359375
4 0.2640625 0.4234375 0.02890625 0.04453125
4 0.284375 0.43671875 0.0359375 0.046875
4 0.32734375 0.459375 0.046875 0.0609375
4 0.3984375 0.50390625 0.003125 0.0265625
4 0.3640625 0.47421875 0.0640625 0.08359375
4 0.4234375 0.4984375 0.1078125 0.15
4 0.21953125 0.40703125 0.03046875 0.04453125