5 0.08984375 0.53046875 0.02890625 0.096875
5 0.1046875 0.5375 0.01328125 0.07890625
5 0.75 0.5015625 0.0171875 0.07109375
5 0.225 0.515625 0.009375 0.0265625
5 0.30859375 0.51328125 0.00859375 0.01640625
4 0.0171875 0.55 0.034375 0.05703125
4 0.525 0.50703125 0.1640625 0.271875
4 0.6828125 0.5203125 0.11328125 0.11796875
4 0.26015625 0.528125 0.0953125 0.0640625
4 0.34375 0.5234375 0.0515625 0.05546875
4 0.4125 0.515625 0.01875 0.0265625
4 0.4328125 0.51171875 0.01484375 0.021875
4 0.6234375 0.503125 0.04453125 0.07890625
4 0.95 0.496875 0.09765625 0.05859375