4 0.37734375 0.4234375 0.015625 0.040625
4 0.36328125 0.4171875 0.0171875 0.046875
4 0.353125 0.425 0.02734375 0.046875
4 0.3359375 0.42734375 0.034375 0.05546875
4 0.334375 0.44609375 0.02265625 0.075
4 0.3 0.44453125 0.05546875 0.146875
4 0.24375 0.44609375 0.13046875 0.1875
4 0.4640625 0.425 0.015625 0.04140625
4 0.4890625 0.4203125 0.0515625 0.065625
4 0.525 0.440625 0.07890625 0.121875
4 0.59921875 0.4609375 0.1515625 0.1609375
6 0.440625 0.4234375 0.03046875 0.05390625
6 0.40703125 0.40703125 0.0515625 0.109375
6 0.1125 0.48125 0.225 0.284375
4 0.82265625 0.53203125 0.353125 0.40703125