4 0.07265625 0.61640625 0.1453125 0.47109375
4 0.0671875 0.4453125 0.1328125 0.15
4 0.09765625 0.41953125 0.0765625 0.103125
4 0.1296875 0.428125 0.06328125 0.115625
4 0.1765625 0.4140625 0.05234375 0.071875
4 0.196875 0.3984375 0.0234375 0.04140625
4 0.22578125 0.4078125 0.05 0.07109375
4 0.2859375 0.41484375 0.084375 0.121875
4 0.3375 0.390625 0.0359375 0.05390625
4 0.36484375 0.36484375 0.0171875 0.02109375
4 0.38203125 0.36328125 0.0171875 0.01796875
4 0.3984375 0.453125 0.115625 0.17109375
4 0.4765625 0.39375 0.040625 0.07109375
4 0.45 0.39921875 0.0234375 0.05390625
4 0.43046875 0.3734375 0.01484375 0.0265625
5 0.5421875 0.39140625 0.01328125 0.07109375
4 0.5953125 0.45234375 0.1328125 0.159375
5 0.70625 0.40234375 0.02734375 0.12890625
4 0.4 0.36328125 0.01484375 0.01796875