4 0.0640625 0.57421875 0.034375 0.0515625
4 0.09765625 0.57265625 0.071875 0.05390625
4 0.03125 0.57265625 0.06171875 0.0859375
4 0.1640625 0.56796875 0.065625 0.05859375
4 0.353125 0.5625 0.02890625 0.0375
4 0.5140625 0.5484375 0.01171875 0.0140625
4 0.5046875 0.55390625 0.009375 0.03046875
4 0.4953125 0.55 0.0234375 0.0484375
4 0.49375 0.56015625 0.01875 0.03359375
4 0.47890625 0.55234375 0.015625 0.05859375
4 0.46875 0.55234375 0.02109375 0.071875
4 0.43125 0.5125 0.05625 0.0625
4 0.24375 0.5703125 0.03203125 0.0375
4 0.29296875 0.5734375 0.0234375 0.03359375
4 0.41875 0.5734375 0.0640625 0.08359375
4 0.52421875 0.565625 0.01875 0.0265625
4 0.728125 0.62734375 0.17421875 0.196875
4 0.8 0.5578125 0.05546875 0.1015625
4 0.9 0.56953125 0.17109375 0.14609375
4 0.94375 0.6 0.11015625 0.15546875
4 0.55625 0.55 0.01875 0.04609375
4 0.5796875 0.55078125 0.04140625 0.075
4 0.5953125 0.56328125 0.0453125 0.0625
4 0.6171875 0.53671875 0.02265625 0.034375
6 0.54765625 0.54375 0.025 0.06953125
4 0.66640625 0.565625 0.1125 0.146875
6 0.44296875 0.56015625 0.05859375 0.08203125