5 0.6984375 0.490625 0.01484375 0.075
5 0.665625 0.4890625 0.01953125 0.0640625
5 0.7515625 0.48671875 0.0171875 0.08203125
5 0.64375 0.4796875 0.01171875 0.0484375
5 0.33125 0.48125 0.015625 0.0609375
5 0.315625 0.47734375 0.0234375 0.071875
4 0.5 0.48203125 0.0078125 0.02109375
4 0.49375 0.4921875 0.01484375 0.03359375
4 0.48125 0.490625 0.01328125 0.028125
4 0.4578125 0.503125 0.04765625 0.09609375
4 0.728125 0.41640625 0.034375 0.040625
4 0.75625 0.41171875 0.0515625 0.0484375
4 0.81875 0.40703125 0.125 0.05390625
4 0.815625 0.4765625 0.11171875 0.07109375
4 0.73046875 0.48828125 0.03125 0.046875
4 0.8953125 0.4765625 0.05546875 0.07109375
4 0.709375 0.48359375 0.0171875 0.028125
4 0.3984375 0.5125 0.10546875 0.115625
4 0.5640625 0.48203125 0.128125 0.23203125
4 0.9484375 0.46328125 0.1015625 0.09140625
4 0.95078125 0.37265625 0.09765625 0.0890625