4 0.503125 0.5296875 0.01171875 0.02109375
4 0.5171875 0.525 0.01328125 0.03046875
4 0.5203125 0.521875 0.0171875 0.0359375
4 0.5515625 0.56328125 0.0859375 0.22890625
4 0.46171875 0.5328125 0.01171875 0.0359375
4 0.83125 0.53359375 0.0859375 0.0734375
4 0.89375 0.50078125 0.06171875 0.05390625
4 0.87734375 0.55 0.0484375 0.07109375
4 0.934375 0.5234375 0.12890625 0.17109375
4 0.97265625 0.546875 0.053125 0.140625
4 0.48125 0.5296875 0.0328125 0.0515625
4 0.434375 0.5359375 0.053125 0.0734375
4 0.796875 0.51953125 0.11328125 0.09140625
5 0.7828125 0.51953125 0.0203125 0.040625
5 0.8359375 0.54921875 0.021875 0.10703125
5 0.85 0.55234375 0.02890625 0.1125
5 0.2921875 0.5390625 0.015625 0.06953125
5 0.28203125 0.540625 0.015625 0.0609375
5 0.2625 0.553125 0.0171875 0.0859375
5 0.23984375 0.5484375 0.0171875 0.0734375
5 0.1515625 0.55 0.02421875 0.09140625
5 0.0921875 0.55546875 0.03125 0.1125
5 0.0703125 0.553125 0.021875 0.10703125
5 0.04765625 0.56796875 0.03984375 0.13203125
4 0.7078125 0.68125 0.3828125 0.46640625