5 0.19140625 0.53515625 0.0125 0.05390625
5 0.20390625 0.53671875 0.00703125 0.04609375
4 0.47109375 0.54375 0.0078125 0.01796875
4 0.4875 0.5484375 0.03125 0.0515625
4 0.50703125 0.53046875 0.0109375 0.0125
4 0.5109375 0.55625 0.02890625 0.05703125
4 0.803125 0.55625 0.10625 0.0984375
4 0.3828125 0.546875 0.01484375 0.0640625
6 0.3484375 0.525 0.05546875 0.128125
6 0.92421875 0.50546875 0.15078125 0.21640625
4 0.075 0.5609375 0.14921875 0.4
4 0.4390625 0.5453125 0.04765625 0.07890625
4 0.60390625 0.5515625 0.17109375 0.2390625
4 0.29921875 0.54140625 0.09453125 0.146875