4 0.58125 0.39609375 0.01015625 0.015625
4 0.534375 0.38828125 0.0109375 0.01953125
4 0.5171875 0.38671875 0.01015625 0.01640625
4 0.47734375 0.4015625 0.02421875 0.03046875
4 0.525 0.4 0.01640625 0.03046875
4 0.5015625 0.40703125 0.0375 0.0515625
4 0.45 0.4046875 0.034375 0.04296875
4 0.39296875 0.4171875 0.0640625 0.06796875
4 0.540625 0.36328125 0.0078125 0.0109375
4 0.5984375 0.39921875 0.0265625 0.03359375
5 0.8 0.39140625 0.0125 0.06640625
5 0.78671875 0.40234375 0.0140625 0.075
5 0.8171875 0.39921875 0.02421875 0.09140625