4 0.39921875 0.53046875 0.02109375 0.025
4 0.35625 0.5328125 0.01328125 0.01640625
4 0.415625 0.54765625 0.04296875 0.075
4 0.1546875 0.515625 0.0421875 0.046875
4 0.115625 0.5140625 0.04296875 0.0484375
4 0.0765625 0.509375 0.05390625 0.0625
4 0.025 0.50234375 0.05 0.0765625
4 0.33359375 0.5375 0.03125 0.04453125
4 0.4828125 0.60859375 0.14453125 0.20546875
6 0.3125 0.515625 0.03046875 0.0609375
6 0.271875 0.5234375 0.05390625 0.071875
5 0.7125 0.559375 0.01328125 0.075
5 0.62265625 0.54765625 0.01015625 0.0515625
5 0.565625 0.5359375 0.01171875 0.065625
5 0.5765625 0.5375 0.0078125 0.08203125