4 0.109375 0.609375 0.21875 0.484375
5 0.3203125 0.50859375 0.0203125 0.1109375
5 0.30546875 0.5234375 0.0203125 0.0734375
5 0.26953125 0.509375 0.021875 0.1109375
5 0.246875 0.50234375 0.02421875 0.10546875
5 0.3609375 0.51171875 0.0171875 0.115625
5 0.4171875 0.51171875 0.02421875 0.1
4 0.45 0.5 0.0125 0.040625
4 0.4234375 0.496875 0.053125 0.0984375
4 0.4015625 0.515625 0.06796875 0.1015625
4 0.59375 0.5015625 0.040625 0.121875
6 0.4828125 0.453125 0.0484375 0.0734375
4 0.525 0.54453125 0.153125 0.2625