5 0.6921875 0.52890625 0.01640625 0.0890625
5 0.7140625 0.534375 0.02109375 0.1
4 0.878125 0.5625 0.24140625 0.5734375
4 0.06875 0.565625 0.1375 0.303125
6 0.18515625 0.45 0.165625 0.29296875
5 0.27578125 0.51328125 0.015625 0.14609375
4 0.3 0.50390625 0.059375 0.14140625
4 0.409375 0.5109375 0.04765625 0.0625
4 0.4875 0.515625 0.04296875 0.05703125
4 0.6296875 0.53828125 0.078125 0.09609375
4 0.56640625 0.52578125 0.0484375 0.0640625
4 0.384375 0.50078125 0.02421875 0.034375
4 0.46484375 0.51015625 0.01171875 0.0359375
4 0.453125 0.5015625 0.01640625 0.02890625
6 0.4328125 0.49453125 0.02734375 0.05390625