4 0.6078125 0.49921875 0.02578125 0.071875
5 0.515625 0.49921875 0.01953125 0.034375
5 0.5109375 0.475 0.01484375 0.009375
5 0.4765625 0.46875 0.0171875 0.009375
5 0.4625 0.48359375 0.01015625 0.01796875
5 0.4734375 0.490625 0.01875 0.02890625
4 0.44921875 0.48515625 0.02109375 0.03046875
4 0.75625 0.5421875 0.1515625 0.16640625
4 0.65625 0.5 0.10078125 0.11953125
4 0.8890625 0.58046875 0.21953125 0.31640625
4 0.05 0.54765625 0.0984375 0.1140625
4 0.315625 0.5078125 0.01875 0.04140625
4 0.28828125 0.51484375 0.05 0.05546875
4 0.23984375 0.51796875 0.05 0.06640625
4 0.559375 0.49921875 0.08359375 0.1484375
4 0.384375 0.515625 0.13046875 0.1984375
4 0.49140625 0.5 0.0359375 0.05546875
4 0.1828125 0.52265625 0.0765625 0.08046875