5 0.13125 0.4609375 0.05234375 0.24296875
5 0.1640625 0.4453125 0.03125 0.15546875
5 0.7375 0.45 0.0234375 0.0890625
5 0.48828125 0.4375 0.0171875 0.103125
5 0.4734375 0.43046875 0.01484375 0.0640625
5 0.8296875 0.40859375 0.01328125 0.0265625
4 0.79296875 0.46484375 0.115625 0.096875
4 0.5953125 0.45546875 0.18046875 0.12109375
4 0.4546875 0.4140625 0.0234375 0.03046875
4 0.19296875 0.42421875 0.025 0.04453125
4 0.5515625 0.415625 0.04296875 0.03203125
4 0.509375 0.4328125 0.03046875 0.040625
6 0.884375 0.4609375 0.228125 0.734375
4 0.2171875 0.42265625 0.0171875 0.034375
4 0.30859375 0.540625 0.45546875 0.609375