6 0.0328125 0.4890625 0.06484375 0.1890625
4 0.3703125 0.44453125 0.01015625 0.01640625
4 0.4015625 0.42734375 0.01796875 0.01796875
4 0.3953125 0.42890625 0.0109375 0.0140625
4 0.3953125 0.440625 0.0109375 0.01796875
4 0.3890625 0.41484375 0.01015625 0.0125
4 0.384375 0.421875 0.01171875 0.01796875
4 0.415625 0.41953125 0.01015625 0.01796875
4 0.4140625 0.42265625 0.00703125 0.0109375
4 0.4171875 0.428125 0.0171875 0.0234375
4 0.42890625 0.4296875 0.015625 0.015625
4 0.3421875 0.45703125 0.01015625 0.01640625
4 0.32421875 0.48515625 0.01640625 0.02109375
4 0.3265625 0.47578125 0.01796875 0.015625
4 0.371875 0.47421875 0.015625 0.025
4 0.3625 0.446875 0.01015625 0.01796875
4 0.353125 0.46953125 0.015625 0.01953125
4 0.38671875 0.48984375 0.028125 0.040625
4 0.4375 0.4890625 0.0765625 0.115625
4 0.396875 0.46171875 0.02421875 0.01640625
4 0.39453125 0.471875 0.01484375 0.01640625
6 0.46328125 0.459375 0.04375 0.0734375
5 0.7375 0.46015625 0.03984375 0.1484375