4 0.0984375 0.53359375 0.03828125 0.04453125
4 0.05625 0.534375 0.0515625 0.065625
4 0.340625 0.4984375 0.02265625 0.034375
4 0.3078125 0.49375 0.0234375 0.01640625
6 0.23359375 0.49609375 0.0234375 0.071875
6 0.196875 0.490625 0.0671875 0.1265625
4 0.3109375 0.5109375 0.0265625 0.04140625
4 0.28046875 0.52265625 0.04375 0.065625
4 0.3671875 0.51953125 0.0421875 0.0640625
6 0.8453125 0.528125 0.30859375 0.49140625
4 0.02265625 0.540625 0.04453125 0.09140625
4 0.0015625 0.55234375 0.003125 0.0484375
5 0.52890625 0.5140625 0.01328125 0.04140625