4 0.58125 0.553125 0.02734375 0.04140625
4 0.59140625 0.5609375 0.0234375 0.03359375
4 0.5453125 0.5515625 0.009375 0.02890625
4 0.559375 0.55703125 0.02578125 0.0265625
4 0.609375 0.56484375 0.03671875 0.04609375
6 0.2453125 0.50625 0.16640625 0.15859375
6 0.146875 0.5046875 0.08046875 0.1359375
4 0.0625 0.54375 0.121875 0.1015625
6 0.065625 0.4703125 0.13125 0.10390625
6 0.51953125 0.5234375 0.04921875 0.0984375
4 0.6390625 0.55859375 0.02578125 0.03203125
5 0.803125 0.596875 0.0453125 0.1390625
5 0.6703125 0.56171875 0.0109375 0.04140625
5 0.678125 0.56171875 0.009375 0.04140625
5 0.8421875 0.57890625 0.0203125 0.08046875
5 0.8703125 0.58515625 0.01796875 0.08203125
5 0.321875 0.540625 0.02734375 0.065625