5 0.7171875 0.528125 0.0125 0.05390625
5 0.6609375 0.51484375 0.015625 0.03046875
4 0.059375 0.50625 0.11875 0.284375
4 0.36640625 0.52578125 0.16015625 0.240625
4 0.19375 0.50078125 0.08359375 0.08359375
4 0.125 0.5078125 0.03515625 0.04140625
4 0.58046875 0.540625 0.10078125 0.090625
4 0.6484375 0.52890625 0.075 0.05390625
4 0.528125 0.53046875 0.02734375 0.04140625
4 0.51796875 0.52421875 0.02265625 0.040625
4 0.5078125 0.5234375 0.01875 0.034375
4 0.5046875 0.5109375 0.03203125 0.0375
4 0.4875 0.51796875 0.00859375 0.0234375
4 0.46015625 0.51328125 0.01171875 0.01640625