4 0.0203125 0.63984375 0.040625 0.1609375
4 0.89375 0.634375 0.2125 0.25859375
4 0.94765625 0.49140625 0.10390625 0.08203125
4 0.93046875 0.475 0.10078125 0.0484375
4 0.04765625 0.60234375 0.0953125 0.115625
4 0.25234375 0.5375 0.040625 0.071875
4 0.30546875 0.515625 0.03828125 0.05703125
4 0.3453125 0.4953125 0.01953125 0.025
4 0.3625 0.4921875 0.0140625 0.025
4 0.43515625 0.496875 0.0234375 0.03203125
4 0.3984375 0.49375 0.03125 0.02109375
4 0.38828125 0.50703125 0.02578125 0.0140625
4 0.4765625 0.52421875 0.0640625 0.0890625
4 0.4234375 0.47890625 0.015625 0.01640625
4 0.40390625 0.5953125 0.11328125 0.178125
5 0.5421875 0.496875 0.0078125 0.03203125
5 0.54765625 0.49296875 0.00546875 0.0375
5 0.55625 0.50078125 0.0125 0.053125
5 0.6078125 0.51484375 0.01484375 0.075
5 0.59375 0.515625 0.01015625 0.0734375
5 0.565625 0.5015625 0.0078125 0.0484375
5 0.5703125 0.4890625 0.009375 0.01796875
5 0.5765625 0.521875 0.01015625 0.0625
5 0.5859375 0.5109375 0.009375 0.075
5 0.62734375 0.5109375 0.01484375 0.08046875
5 0.64296875 0.496875 0.02109375 0.06640625
5 0.6578125 0.49296875 0.00859375 0.05546875
5 0.6765625 0.49609375 0.0125 0.05546875
5 0.6921875 0.49765625 0.01015625 0.03046875
5 0.703125 0.49453125 0.01171875 0.0375
5 0.7203125 0.4875 0.01953125 0.046875
5 0.75390625 0.4828125 0.0171875 0.034375
5 0.80859375 0.46953125 0.0171875 0.02890625
5 0.1390625 0.515625 0.01171875 0.03359375
5 0.15 0.5109375 0.01015625 0.03046875
5 0.2765625 0.54453125 0.03125 0.15
5 0.328125 0.52578125 0.02265625 0.07890625
5 0.21328125 0.509375 0.01484375 0.028125
5 0.1984375 0.5140625 0.01015625 0.028125
5 0.1859375 0.515625 0.009375 0.028125
5 0.096875 0.534375 0.0234375 0.0609375
5 0.075 0.534375 0.015625 0.046875