4 0.2078125 0.54609375 0.0359375 0.0390625
4 0.40625 0.5546875 0.02734375 0.0625
4 0.284375 0.559375 0.06484375 0.0640625
4 0.5 0.5796875 0.10078125 0.13046875
4 0.71015625 0.7 0.3046875 0.42109375
4 0.3515625 0.58515625 0.11015625 0.125
5 0.52578125 0.59296875 0.04453125 0.11796875
5 0.80625 0.53046875 0.028125 0.0734375
5 0.84375 0.56015625 0.03359375 0.1390625
5 0.8859375 0.52890625 0.03359375 0.1109375
5 0.9046875 0.5921875 0.05546875 0.325
5 0.971875 0.590625 0.04921875 0.10703125
5 0.4390625 0.55234375 0.01171875 0.0625
5 0.42578125 0.546875 0.01328125 0.065625
5 0.45703125 0.54609375 0.01171875 0.05