5 0.68671875 0.503125 0.0125 0.05859375
5 0.6796875 0.5078125 0.01015625 0.053125
5 0.6453125 0.51015625 0.0109375 0.075
5 0.5984375 0.509375 0.0125 0.05859375
4 0.3453125 0.54453125 0.0421875 0.06640625
4 0.45859375 0.53125 0.0078125 0.02109375
4 0.4453125 0.53046875 0.015625 0.0375
4 0.378125 0.54140625 0.0140625 0.01953125
4 0.203125 0.534375 0.04453125 0.0515625
4 0.06796875 0.55234375 0.078125 0.1234375
4 0.3015625 0.55625 0.10859375 0.096875
4 0.4796875 0.534375 0.03828125 0.05859375
4 0.9046875 0.47734375 0.18984375 0.14296875
6 0.41015625 0.50234375 0.05625 0.1265625