4 0.53125 0.63046875 0.015625 0.034375
4 0.5265625 0.64375 0.01875 0.028125
4 0.56875 0.63515625 0.021875 0.03046875
4 0.59140625 0.63046875 0.0078125 0.01953125
4 0.584375 0.6375 0.01171875 0.0234375
5 0.3671875 0.65078125 0.01171875 0.0515625
5 0.3359375 0.653125 0.01328125 0.053125
5 0.396875 0.6359375 0.01484375 0.03046875
5 0.13203125 0.66328125 0.02421875 0.10859375
5 0.05625 0.671875 0.034375 0.121875
5 0.0171875 0.66328125 0.03203125 0.14453125
5 0.0359375 0.6640625 0.02265625 0.12109375
4 0.6453125 0.6484375 0.0390625 0.05546875
4 0.7 0.6515625 0.07109375 0.084375
6 0.7203125 0.6234375 0.0703125 0.1125
4 0.9890625 0.628125 0.02109375 0.059375
4 0.95625 0.63046875 0.05546875 0.05859375
4 0.92734375 0.6359375 0.05234375 0.0484375