4 0.028125 0.63515625 0.05546875 0.384375
4 0.06015625 0.43984375 0.11953125 0.1
4 0.26484375 0.43125 0.06484375 0.07109375
4 0.2984375 0.409375 0.021875 0.03359375
4 0.3109375 0.415625 0.0203125 0.040625
4 0.3625 0.425 0.08984375 0.1390625
4 0.41015625 0.40546875 0.04453125 0.07890625
4 0.534375 0.41328125 0.03828125 0.071875
4 0.471875 0.43515625 0.115625 0.2015625
4 0.340625 0.3875 0.02734375 0.025
5 0.5296875 0.42734375 0.015625 0.07890625
4 0.57578125 0.4234375 0.06953125 0.096875
4 0.6546875 0.45546875 0.121875 0.1484375
4 0.809375 0.50546875 0.29921875 0.2765625
4 0.9765625 0.68046875 0.04453125 0.30390625
5 0.10859375 0.41328125 0.0140625 0.0359375
5 0.12109375 0.43359375 0.0109375 0.08046875