6 0.41328125 0.2484375 0.0171875 0.021875
6 0.3640625 0.2421875 0.034375 0.0640625
4 0.3984375 0.2671875 0.01640625 0.0265625
4 0.384375 0.2765625 0.0171875 0.03046875
4 0.35625 0.25703125 0.0171875 0.03203125
4 0.359375 0.26484375 0.01171875 0.025
4 0.3703125 0.25859375 0.01796875 0.03046875
4 0.428125 0.275 0.02109375 0.03359375
4 0.4421875 0.29140625 0.03359375 0.04453125
4 0.44296875 0.2640625 0.0203125 0.015625
4 0.4734375 0.29765625 0.04609375 0.084375
4 0.728125 0.325 0.09296875 0.07890625
4 0.328125 0.30234375 0.0609375 0.0765625
4 0.32421875 0.31015625 0.03984375 0.08203125
4 0.3015625 0.31953125 0.04609375 0.096875
4 0.2390625 0.35 0.13125 0.1765625
4 0.9671875 0.38046875 0.06328125 0.140625
5 0.8578125 0.29453125 0.0203125 0.0609375
5 0.8390625 0.296875 0.02109375 0.05859375
5 0.79375 0.30234375 0.0171875 0.04296875
5 0.6875 0.30078125 0.01015625 0.0484375
5 0.746875 0.278125 0.01171875 0.01796875
5 0.6203125 0.28828125 0.009375 0.0375
5 0.6578125 0.30234375 0.015625 0.065625
4 0.12109375 0.42421875 0.240625 0.3140625
4 0.4078125 0.30390625 0.0453125 0.0640625
4 0.3734375 0.2796875 0.03125 0.04453125
4 0.5375 0.30859375 0.125 0.2359375
4 0.803125 0.5296875 0.3921875 0.43046875