4 0.34453125 0.4203125 0.0265625 0.046875
4 0.5671875 0.3859375 0.015625 0.02109375
4 0.553125 0.39921875 0.02890625 0.046875
4 0.5421875 0.4140625 0.04296875 0.1109375
4 0.59375 0.3796875 0.01640625 0.02890625
4 0.584375 0.38203125 0.01171875 0.025
4 0.6484375 0.39609375 0.03359375 0.0484375
4 0.6125 0.39921875 0.04921875 0.071875
5 0.646875 0.40234375 0.01640625 0.065625
4 0.38515625 0.43125 0.0875 0.125
4 0.478125 0.47109375 0.14140625 0.21640625
4 0.16953125 0.5015625 0.19140625 0.184375
4 0.303125 0.43125 0.0828125 0.08359375
5 0.15859375 0.403125 0.02265625 0.04296875
5 0.1359375 0.41328125 0.0140625 0.04296875
5 0.6921875 0.38359375 0.01328125 0.046875
5 0.70546875 0.3953125 0.01796875 0.07109375
5 0.728125 0.3828125 0.01796875 0.040625
5 0.7828125 0.36953125 0.01796875 0.040625
4 0.603125 0.35625 0.00703125 0.01953125
4 0.7671875 0.4421875 0.128125 0.1109375
5 0.95 0.4765625 0.04765625 0.246875
5 0.99140625 0.496875 0.01328125 0.18359375