5 0.2703125 0.43828125 0.021875 0.08203125
5 0.8625 0.38125 0.02734375 0.04140625
4 0.9828125 0.546875 0.0328125 0.175
4 0.5640625 0.43359375 0.084375 0.09140625
4 0.42578125 0.4296875 0.021875 0.03203125
4 0.853125 0.4734375 0.1640625 0.1390625
4 0.771875 0.440625 0.10234375 0.11640625
4 0.71796875 0.43203125 0.06015625 0.09453125
4 0.65625 0.4171875 0.075 0.084375
4 0.44140625 0.428125 0.01484375 0.02890625
4 0.45234375 0.425 0.009375 0.021875
4 0.459375 0.42109375 0.0125 0.01953125
4 0.46875 0.4203125 0.0109375 0.01640625
4 0.47734375 0.4203125 0.0109375 0.0125
4 0.484375 0.4171875 0.01328125 0.01640625
4 0.4921875 0.4171875 0.0109375 0.01640625
4 0.525 0.415625 0.01640625 0.03203125
4 0.196875 0.43671875 0.0671875 0.04296875
4 0.1359375 0.43203125 0.04609375 0.053125
4 0.09609375 0.43125 0.0515625 0.0609375