4 0.578125 0.5796875 0.06015625 0.11640625
4 0.578125 0.60234375 0.04609375 0.11640625
4 0.5109375 0.5453125 0.00859375 0.01640625
4 0.5015625 0.54765625 0.0125 0.015625
4 0.4921875 0.546875 0.01015625 0.01640625
4 0.48359375 0.5515625 0.009375 0.015625
4 0.475 0.55078125 0.01171875 0.02109375
4 0.3609375 0.5609375 0.025 0.0375
4 0.246875 0.571875 0.0515625 0.053125
4 0.20625 0.58359375 0.03984375 0.0484375
4 0.1578125 0.578125 0.0625 0.06796875
4 0.0890625 0.584375 0.08125 0.08046875
4 0.53359375 0.55 0.0125 0.01796875
4 0.6421875 0.625 0.12890625 0.1765625
6 0.27421875 0.540625 0.08828125 0.08203125
6 0.4546875 0.5421875 0.0359375 0.05546875
6 0.40625 0.54453125 0.07109375 0.06953125
4 0.0265625 0.5921875 0.053125 0.096875
4 0.28203125 0.56640625 0.02734375 0.025
4 0.478125 0.4640625 0.01796875 0.0109375
4 0.459375 0.46484375 0.01640625 0.0125
4 0.434375 0.4625 0.01328125 0.0125