5 0.3796875 0.5125 0.00859375 0.03046875
5 0.50859375 0.53125 0.01015625 0.04609375
4 0.34140625 0.50703125 0.02265625 0.0359375
4 0.371875 0.503125 0.01171875 0.0234375
4 0.4125 0.4859375 0.00859375 0.01640625
4 0.42578125 0.48828125 0.015625 0.028125
4 0.4359375 0.496875 0.0109375 0.02109375
6 0.4515625 0.49296875 0.02578125 0.04296875
4 0.4546875 0.5109375 0.0234375 0.028125
4 0.3609375 0.5140625 0.021875 0.03359375
4 0.41640625 0.51875 0.02734375 0.04296875
4 0.60625 0.5734375 0.11796875 0.128125
5 0.73125 0.53671875 0.0171875 0.03359375
4 0.91796875 0.5390625 0.0375 0.0390625
4 0.9578125 0.54140625 0.02421875 0.0265625
4 0.8796875 0.53359375 0.02734375 0.03359375
4 0.8296875 0.53125 0.0671875 0.0265625
4 0.7484375 0.5296875 0.0484375 0.03046875
4 0.6546875 0.60078125 0.128125 0.15
4 0.79921875 0.63828125 0.24765625 0.21953125
4 0.17578125 0.54140625 0.34921875 0.484375
4 0.946875 0.70859375 0.10234375 0.253125