4 0.50078125 0.5359375 0.01171875 0.021875
4 0.471875 0.5375 0.01171875 0.02109375
4 0.5171875 0.53515625 0.0140625 0.0234375
4 0.53125 0.5453125 0.0203125 0.03203125
4 0.5421875 0.54921875 0.01640625 0.0375
4 0.55078125 0.5546875 0.01328125 0.04609375
4 0.496875 0.5359375 0.01171875 0.025
4 0.45078125 0.534375 0.0125 0.03046875
4 0.4546875 0.528125 0.01875 0.04453125
4 0.4203125 0.546875 0.0453125 0.078125
4 0.484375 0.540625 0.0140625 0.02109375
4 0.05234375 0.51484375 0.0859375 0.0625
6 0.2625 0.515625 0.3625 0.46953125
6 0.5953125 0.53359375 0.0890625 0.140625
6 0.45234375 0.51171875 0.0234375 0.05703125
5 0.928125 0.5890625 0.01875 0.09296875
5 0.6890625 0.565625 0.01328125 0.0734375
5 0.9890625 0.590625 0.0203125 0.11640625