5 0.0109375 0.4578125 0.01875 0.11953125
5 0.0234375 0.4421875 0.01796875 0.0890625
5 0.7375 0.43828125 0.00703125 0.015625
5 0.76171875 0.440625 0.00703125 0.02109375
5 0.7515625 0.43671875 0.01484375 0.028125
5 0.771875 0.459375 0.00546875 0.025
5 0.78046875 0.46015625 0.0140625 0.0390625
5 0.796875 0.4546875 0.0140625 0.03203125
4 0.2015625 0.434375 0.03203125 0.03203125
4 0.1484375 0.46953125 0.07890625 0.0859375
5 0.109375 0.440625 0.015625 0.0640625
4 0.246875 0.471875 0.13203125 0.18046875
4 0.65703125 0.49765625 0.09609375 0.2125
4 0.73125 0.49765625 0.0828125 0.11796875
4 0.8453125 0.51796875 0.19609375 0.15
4 0.459375 0.5421875 0.35546875 0.52109375
4 0.90234375 0.62109375 0.1921875 0.45703125