5 0.77265625 0.49375 0.0265625 0.065625
5 0.74140625 0.50859375 0.02265625 0.0359375
4 0.1140625 0.5171875 0.08359375 0.078125
4 0.24140625 0.525 0.08671875 0.090625
4 0.3171875 0.496875 0.03046875 0.0375
6 0.55625 0.5140625 0.071875 0.103125
6 0.403125 0.5140625 0.11484375 0.1890625
4 0.5125 0.51875 0.015625 0.0609375
4 0.4625 0.49765625 0.015625 0.0265625
4 0.3421875 0.496875 0.01328125 0.0234375
4 0.28359375 0.49765625 0.01953125 0.0359375
4 0.203125 0.496875 0.0203125 0.028125
4 0.00390625 0.5375 0.0078125 0.06953125