4 0.125 0.34296875 0.025 0.021875
4 0.0953125 0.34921875 0.03046875 0.034375
4 0.04140625 0.346875 0.0828125 0.075
4 0.54375 0.35703125 0.01953125 0.05
4 0.559375 0.35859375 0.0375 0.0625
4 0.028125 0.365625 0.05625 0.075
4 0.3 0.35078125 0.1609375 0.2390625
4 0.490625 0.35234375 0.0984375 0.19140625
4 0.57734375 0.371875 0.053125 0.06640625
5 0.66875 0.340625 0.0234375 0.06640625
5 0.72421875 0.38828125 0.028125 0.171875
5 0.703125 0.38359375 0.0375 0.2109375
4 0.86875 0.43984375 0.2578125 0.5125