4 0.16796875 0.490625 0.0375 0.03046875
4 0.0078125 0.4953125 0.015625 0.025
4 0.2609375 0.503125 0.0453125 0.0875
4 0.3046875 0.51796875 0.0890625 0.10859375
4 0.3546875 0.49453125 0.02578125 0.0375
4 0.38125 0.50390625 0.0421875 0.05546875
6 0.415625 0.4828125 0.01875 0.04140625
4 0.4328125 0.49921875 0.0265625 0.04609375
4 0.471875 0.49765625 0.01015625 0.021875
4 0.45703125 0.49375 0.01171875 0.021875
4 0.4875 0.50234375 0.02109375 0.034375
4 0.5015625 0.50390625 0.01484375 0.046875
4 0.5234375 0.5078125 0.0515625 0.0625
4 0.5546875 0.528125 0.0375 0.07890625
4 0.60234375 0.5265625 0.06796875 0.12109375
4 0.665625 0.5515625 0.121875 0.14609375
4 0.80625 0.5828125 0.2640625 0.2
5 0.93359375 0.58828125 0.08125 0.36953125
5 0.978125 0.61015625 0.040625 0.34296875
4 0.40625 0.4890625 0.021875 0.02890625