4 0.59765625 0.33125 0.06796875 0.14453125
4 0.67109375 0.353125 0.02265625 0.040625
4 0.4203125 0.33828125 0.02109375 0.021875
4 0.40703125 0.33203125 0.0140625 0.02109375
4 0.396875 0.33046875 0.01015625 0.01640625
4 0.37890625 0.3265625 0.009375 0.015625
4 0.359375 0.32734375 0.01328125 0.0140625
4 0.3484375 0.3359375 0.0171875 0.05
4 0.3328125 0.33984375 0.03671875 0.05546875
4 0.3109375 0.34296875 0.0296875 0.059375
4 0.2828125 0.3421875 0.0421875 0.07109375
4 0.2359375 0.34765625 0.08046875 0.09296875
4 0.16328125 0.36484375 0.0921875 0.09609375
4 0.7234375 0.32890625 0.0515625 0.04296875
4 0.75546875 0.334375 0.03125 0.025
4 0.721875 0.375 0.078125 0.09296875
4 0.8 0.36875 0.1203125 0.1375
5 0.690625 0.3578125 0.021875 0.0984375
5 0.640625 0.3484375 0.0078125 0.0375
4 0.0671875 0.38203125 0.134375 0.1203125
4 0.884375 0.46875 0.2296875 0.54453125
4 0.4984375 0.390625 0.15390625 0.259375
4 0.509375 0.2015625 0.025 0.01640625
4 0.3875 0.1875 0.02109375 0.0140625