5 0.56171875 0.721875 0.03046875 0.1390625
5 0.8453125 0.66484375 0.06953125 0.09609375
4 0.228125 0.696875 0.0296875 0.0625
4 0.2171875 0.715625 0.0296875 0.059375
4 0.16953125 0.72734375 0.04609375 0.084375
4 0.125 0.74140625 0.1046875 0.11953125
4 0.04375 0.778125 0.08671875 0.21640625
6 0.3578125 0.671875 0.04921875 0.05390625
4 0.3640625 0.70546875 0.03515625 0.0625
4 0.371875 0.72109375 0.01796875 0.0625
6 0.425 0.6921875 0.10078125 0.178125
4 0.48203125 0.74921875 0.11484375 0.12890625
4 0.28828125 0.73046875 0.10234375 0.1765625
4 0.8359375 0.84921875 0.325 0.2984375