4 0.97109375 0.3453125 0.0546875 0.034375
4 0.9328125 0.35625 0.0265625 0.0234375
4 0.90625 0.36328125 0.03046875 0.015625
4 0.88125 0.36953125 0.015625 0.028125
4 0.85546875 0.36875 0.03203125 0.02109375
4 0.8109375 0.37265625 0.0328125 0.01796875
4 0.7828125 0.38046875 0.02265625 0.01640625
4 0.765625 0.37890625 0.01015625 0.021875
4 0.71875 0.3875 0.01875 0.01796875
4 0.684375 0.38828125 0.0125 0.01953125
4 0.58203125 0.40703125 0.0140625 0.015625
4 0.5671875 0.4 0.0109375 0.0125
4 0.51875 0.41875 0.00703125 0.0125
4 0.5078125 0.4234375 0.009375 0.01640625
4 0.49375 0.428125 0.00546875 0.0140625
4 0.3015625 0.428125 0.0140625 0.01640625
4 0.2796875 0.428125 0.015625 0.01953125
4 0.4421875 0.425 0.0125 0.0234375
4 0.43359375 0.434375 0.015625 0.0375
4 0.4125 0.4421875 0.04140625 0.05859375
4 0.4640625 0.459375 0.059375 0.08203125
4 0.3703125 0.46015625 0.06484375 0.0859375
4 0.22734375 0.4484375 0.03125 0.02890625
4 0.1671875 0.490625 0.140625 0.1390625
4 0.0265625 0.45 0.028125 0.0140625
5 0.009375 0.446875 0.009375 0.0265625
5 0.00234375 0.44453125 0.0046875 0.0265625