4 0.23125 0.4015625 0.01953125 0.0234375
4 0.1640625 0.40234375 0.0265625 0.04453125
4 0.4953125 0.39453125 0.03125 0.0375
4 0.5046875 0.403125 0.01953125 0.028125
4 0.5265625 0.3984375 0.0328125 0.0375
4 0.5640625 0.403125 0.05703125 0.046875
4 0.6125 0.42578125 0.08828125 0.115625
4 0.671875 0.44765625 0.09609375 0.1125
4 0.728125 0.40625 0.04375 0.04140625
4 0.809375 0.45859375 0.19921875 0.18046875
4 0.42421875 0.4046875 0.01171875 0.03046875
4 0.1921875 0.40625 0.04453125 0.05546875
4 0.94375 0.49375 0.11171875 0.20859375
6 0.1140625 0.3828125 0.06328125 0.07109375
6 0.0734375 0.4015625 0.07890625 0.07109375
4 0.409375 0.40703125 0.03125 0.0484375
4 0.3546875 0.40859375 0.03125 0.046875
4 0.2671875 0.40859375 0.059375 0.07109375
6 0.4515625 0.39296875 0.015625 0.040625