5 0.075 0.503125 0.01875 0.0859375
5 0.05078125 0.50390625 0.0171875 0.07109375
5 0.215625 0.48671875 0.0171875 0.0484375
4 0.05546875 0.46328125 0.0265625 0.0265625
4 0.1140625 0.46640625 0.05234375 0.028125
4 0.4046875 0.4765625 0.01328125 0.0234375
4 0.45625 0.475 0.01171875 0.02109375
4 0.46875 0.4890625 0.02109375 0.03046875
4 0.5375 0.5 0.01484375 0.03359375
6 0.49375 0.4703125 0.025 0.034375
6 0.5859375 0.475 0.103125 0.146875
6 0.4296875 0.46640625 0.04375 0.0984375
4 0.3953125 0.48203125 0.015625 0.0265625
4 0.4890625 0.49375 0.02890625 0.04453125
4 0.640625 0.52421875 0.084375 0.1234375
4 0.7921875 0.56328125 0.125 0.10859375
5 0.8359375 0.50703125 0.02109375 0.05546875
5 0.728125 0.515625 0.01484375 0.07109375
5 0.7125 0.5125 0.0171875 0.0640625
4 0.28125 0.515625 0.06484375 0.07890625
4 0.01796875 0.46484375 0.0359375 0.028125