5 0.6734375 0.5578125 0.03515625 0.1375
5 0.8828125 0.30859375 0.06796875 0.328125
5 0.78125 0.23671875 0.0890625 0.2234375
5 0.4734375 0.3546875 0.034375 0.021875
5 0.4640625 0.384375 0.0171875 0.0265625
5 0.51875 0.4421875 0.02109375 0.0375
5 0.5171875 0.465625 0.02109375 0.01640625
5 0.28828125 0.52109375 0.0109375 0.034375
4 0.109375 0.58046875 0.04296875 0.04296875
4 0.046875 0.58515625 0.028125 0.04296875
4 0.240625 0.56484375 0.025 0.0359375
4 0.2203125 0.559375 0.015625 0.028125
4 0.19921875 0.575 0.0328125 0.05
4 0.071875 0.75625 0.14140625 0.440625