4 0.7984375 0.4265625 0.10703125 0.0765625
4 0.859375 0.434375 0.11328125 0.0765625
6 0.95 0.38828125 0.09453125 0.1875
4 0.6921875 0.43359375 0.0390625 0.05546875
6 0.65390625 0.42578125 0.04453125 0.0609375
4 0.6 0.41875 0.05859375 0.09140625
4 0.54375 0.4515625 0.03125 0.0640625
4 0.4078125 0.46015625 0.0234375 0.084375
4 0.371875 0.46953125 0.0640625 0.134375
4 0.175 0.4640625 0.03203125 0.046875
4 0.20390625 0.46875 0.046875 0.06796875
4 0.08671875 0.4171875 0.0953125 0.028125
4 0.61328125 0.48125 0.0953125 0.1125
4 0.48125 0.478125 0.11796875 0.18046875
4 0.2953125 0.48515625 0.15 0.2015625
6 0.7859375 0.40625 0.17421875 0.13359375