4 0.471875 0.55234375 0.0125 0.0234375
4 0.4828125 0.565625 0.02734375 0.0515625
4 0.4421875 0.56171875 0.009375 0.03359375
4 0.4328125 0.56484375 0.021875 0.03359375
4 0.42578125 0.565625 0.0109375 0.04140625
4 0.40859375 0.56953125 0.02578125 0.05859375
4 0.4921875 0.61875 0.0453125 0.153125
4 0.4921875 0.6578125 0.040625 0.20703125
4 0.3171875 0.56015625 0.01484375 0.0609375
4 0.334375 0.56328125 0.03125 0.07109375
5 0.1328125 0.55703125 0.0109375 0.01953125
5 0.15390625 0.56171875 0.0078125 0.01953125
5 0.16875 0.56796875 0.0109375 0.03203125
5 0.1 0.559375 0.0125 0.01953125
5 0.115625 0.559375 0.0078125 0.01953125
5 0.10859375 0.56328125 0.00546875 0.0265625
4 0.1390625 0.59609375 0.0671875 0.05859375
4 0.2703125 0.5765625 0.03828125 0.0390625
4 0.21875 0.5765625 0.05625 0.05859375
4 0.07109375 0.60078125 0.10546875 0.078125
4 0.371875 0.56640625 0.05625 0.0875
4 0.45703125 0.565625 0.02734375 0.0359375
4 0.6640625 0.71953125 0.3375 0.5484375
5 0.8015625 0.5375 0.01484375 0.10703125