5 0.1421875 0.49765625 0.0171875 0.10859375
5 0.1578125 0.4875 0.0171875 0.10703125
5 0.21171875 0.4875 0.015625 0.10703125
5 0.225 0.4921875 0.0203125 0.096875
5 0.25 0.4765625 0.01796875 0.05703125
5 0.7703125 0.4703125 0.009375 0.046875
5 0.68125 0.45703125 0.00546875 0.01953125
5 0.6765625 0.46171875 0.00625 0.0359375
5 0.265625 0.48046875 0.01484375 0.08203125
5 0.70703125 0.45703125 0.00546875 0.01796875
5 0.703125 0.46328125 0.00546875 0.028125
5 0.6953125 0.459375 0.00703125 0.03203125
6 0.5625 0.4390625 0.03203125 0.0765625
4 0.54296875 0.4421875 0.00859375 0.021875
4 0.578125 0.4609375 0.0203125 0.046875
4 0.5171875 0.44140625 0.0484375 0.0609375
4 0.7140625 0.4546875 0.02421875 0.02109375
4 0.6921875 0.45859375 0.025 0.025
4 0.73515625 0.45703125 0.0171875 0.025
4 0.47734375 0.53203125 0.14921875 0.203125
4 0.60234375 0.4703125 0.0484375 0.0640625
4 0.903125 0.5015625 0.19296875 0.34453125
5 0.175 0.503125 0.02421875 0.10546875