4 0.246875 0.5203125 0.03125 0.021875
4 0.27421875 0.53359375 0.02890625 0.03359375
4 0.3015625 0.525 0.0234375 0.04609375
4 0.3453125 0.528125 0.0140625 0.0265625
4 0.384375 0.534375 0.04140625 0.0640625
4 0.4109375 0.54609375 0.04140625 0.08203125
4 0.184375 0.55546875 0.0484375 0.06953125
6 0.2796875 0.50546875 0.02890625 0.04140625
4 0.1109375 0.5828125 0.10859375 0.13046875
4 0.2203125 0.56953125 0.0734375 0.08203125
4 0.321875 0.5484375 0.0546875 0.078125
4 0.4703125 0.58046875 0.11484375 0.1875
5 0.046875 0.58203125 0.01640625 0.10546875
4 0.0234375 0.56015625 0.04609375 0.140625