4 0.375 0.465625 0.0109375 0.015625
4 0.359375 0.45625 0.0109375 0.015625
4 0.33125 0.4734375 0.01875 0.028125
4 0.2984375 0.471875 0.021875 0.0359375
4 0.29375 0.47890625 0.015625 0.02890625
4 0.2703125 0.478125 0.03203125 0.05703125
4 0.35234375 0.48828125 0.034375 0.0484375
4 0.384375 0.46953125 0.01328125 0.028125
4 0.40078125 0.48203125 0.0265625 0.04453125
6 0.43125 0.49609375 0.06015625 0.096875
6 0.0421875 0.5359375 0.08359375 0.121875
4 0.9125 0.584375 0.17109375 0.26953125
4 0.1734375 0.553125 0.20703125 0.29296875
5 0.48125 0.46640625 0.0109375 0.025
5 0.4734375 0.465625 0.009375 0.03203125
5 0.45546875 0.471875 0.009375 0.03203125
5 0.5234375 0.4875 0.021875 0.065625
5 0.6421875 0.4859375 0.01640625 0.09296875
5 0.72265625 0.49140625 0.03125 0.1125
5 0.76015625 0.51171875 0.0203125 0.13203125
5 0.8828125 0.4921875 0.015625 0.096875
5 0.8671875 0.49609375 0.02265625 0.10859375
5 0.859375 0.471875 0.0140625 0.05703125
5 0.84296875 0.50390625 0.01796875 0.1125
5 0.815625 0.5015625 0.02734375 0.11953125