4 0.39140625 0.40546875 0.01875 0.03203125
4 0.4046875 0.40625 0.0109375 0.01953125
4 0.41328125 0.403125 0.01328125 0.021875
4 0.3765625 0.40625 0.02421875 0.0390625
4 0.4578125 0.40625 0.02890625 0.0484375
4 0.428125 0.415625 0.03828125 0.053125
4 0.475 0.409375 0.01484375 0.02890625
4 0.49921875 0.4109375 0.01640625 0.02890625
4 0.51171875 0.4109375 0.01875 0.04296875
4 0.5390625 0.42109375 0.04609375 0.05859375
4 0.8390625 0.4609375 0.31953125 0.696875
4 0.3546875 0.40546875 0.01328125 0.01640625
4 0.340625 0.40390625 0.01640625 0.01953125
4 0.30078125 0.396875 0.01796875 0.02890625
5 0.20078125 0.4234375 0.01484375 0.05859375
5 0.009375 0.43359375 0.01796875 0.071875