4 0.4078125 0.45859375 0.0234375 0.028125
4 0.39140625 0.421875 0.00859375 0.01796875
4 0.38125 0.42734375 0.01015625 0.021875
4 0.3703125 0.43515625 0.0125 0.01796875
5 0.390625 0.4640625 0.00859375 0.03046875
5 0.3375 0.7140625 0.0015625 0.01796875
4 0.3484375 0.45859375 0.02109375 0.0234375
4 0.3296875 0.46171875 0.01875 0.04296875
4 0.30625 0.46953125 0.03515625 0.05
4 0.2859375 0.475 0.02578125 0.053125
4 0.26015625 0.47890625 0.03828125 0.0609375
4 0.21875 0.4921875 0.06875 0.09140625
4 0.1375 0.51171875 0.140625 0.121875
4 0.03515625 0.55390625 0.06953125 0.15859375
4 0.43984375 0.428125 0.01953125 0.01953125
4 0.44765625 0.4546875 0.03828125 0.05703125
5 0.484375 0.46015625 0.00859375 0.03359375
4 0.50390625 0.46953125 0.03515625 0.04140625
4 0.571875 0.4828125 0.06875 0.0765625
4 0.70625 0.51796875 0.146875 0.13046875
5 0.890625 0.50078125 0.034375 0.153125
5 0.85546875 0.4984375 0.03828125 0.1609375