4 0.5734375 0.4453125 0.01328125 0.02890625
4 0.5875 0.44765625 0.0203125 0.046875
4 0.60625 0.44453125 0.0359375 0.0625
4 0.6125 0.459375 0.021875 0.06640625
4 0.6421875 0.4515625 0.05859375 0.121875
4 0.70546875 0.46484375 0.1234375 0.1484375
6 0.4484375 0.43515625 0.01953125 0.059375
6 0.41875 0.43515625 0.03984375 0.06796875
4 0.4 0.45 0.0375 0.046875
4 0.3671875 0.453125 0.02734375 0.0625
4 0.315625 0.45546875 0.0875 0.10859375
4 0.5171875 0.48828125 0.13046875 0.18359375
4 0.92578125 0.496875 0.1484375 0.35390625