4 0.54140625 0.421875 0.04375 0.0609375
4 0.6390625 0.42109375 0.01015625 0.03046875
4 0.646875 0.425 0.01484375 0.03359375
4 0.77421875 0.4421875 0.0765625 0.109375
4 0.8390625 0.45625 0.1109375 0.14296875
6 0.6375 0.40703125 0.02265625 0.0484375
6 0.58671875 0.3859375 0.0234375 0.03046875
4 0.61875 0.4203125 0.01953125 0.03359375
4 0.66015625 0.425 0.02265625 0.03359375
4 0.584375 0.43984375 0.05234375 0.08203125
4 0.93359375 0.434375 0.13203125 0.33359375
6 0.33984375 0.371875 0.0328125 0.0265625
5 0.7234375 0.4140625 0.01484375 0.053125