4 0.3765625 0.3375 0.0109375 0.01953125
4 0.36875 0.34140625 0.00703125 0.01953125
4 0.359375 0.33828125 0.01171875 0.01640625
4 0.3484375 0.34375 0.015625 0.0234375
4 0.30390625 0.3515625 0.03359375 0.0515625
4 0.2859375 0.35546875 0.0421875 0.0765625
4 0.228125 0.31953125 0.046875 0.0125
4 0.2453125 0.3796875 0.07734375 0.10859375
4 0.4203125 0.34140625 0.0296875 0.0484375
4 0.72421875 0.29296875 0.07734375 0.07890625
4 0.734375 0.2953125 0.06328125 0.0609375
4 0.80546875 0.290625 0.03984375 0.04453125
4 0.85390625 0.26875 0.06484375 0.0765625
4 0.871875 0.265625 0.04921875 0.075
4 0.15625 0.38671875 0.15390625 0.184375
4 0.4984375 0.35 0.14609375 0.2109375
4 0.3953125 0.34921875 0.04296875 0.059375
4 0.071875 0.46640625 0.14375 0.3265625
5 0.778125 0.28828125 0.040625 0.22890625
5 0.771875 0.2921875 0.0296875 0.23203125