4 0.5078125 0.53515625 0.009375 0.01640625
4 0.484375 0.54453125 0.009375 0.0125
4 0.49375 0.540625 0.009375 0.01640625
4 0.478125 0.540625 0.00546875 0.01640625
4 0.4671875 0.5375 0.0109375 0.0125
4 0.465625 0.54453125 0.009375 0.0125
4 0.478125 0.55 0.00859375 0.01640625
4 0.46875 0.55234375 0.015625 0.0234375
4 0.465625 0.5578125 0.01953125 0.028125
4 0.515625 0.54453125 0.0109375 0.01640625
4 0.525 0.5578125 0.0109375 0.03046875
4 0.53125 0.56171875 0.0171875 0.0359375
4 0.5359375 0.5640625 0.0125 0.03359375
4 0.54921875 0.56484375 0.02734375 0.053125
4 0.45703125 0.56171875 0.0171875 0.02890625
4 0.5765625 0.57109375 0.03984375 0.0734375
6 0.4375 0.54375 0.0265625 0.04453125
6 0.4234375 0.540625 0.01640625 0.0234375
4 0.43125 0.5625 0.0140625 0.0234375
4 0.41171875 0.57109375 0.0359375 0.05859375
4 0.38203125 0.57734375 0.03828125 0.07109375
4 0.35625 0.58828125 0.06953125 0.075
4 0.85 0.64296875 0.296875 0.41796875
4 0.5 0.55 0.0125 0.01953125