4 0.31796875 0.52265625 0.02578125 0.05546875
4 0.19609375 0.5109375 0.0484375 0.0984375
4 0.3421875 0.534375 0.0140625 0.0375
4 0.4015625 0.52890625 0.028125 0.03046875
4 0.2640625 0.50703125 0.0953125 0.14453125
4 0.3671875 0.515625 0.04609375 0.06953125
4 0.1109375 0.6453125 0.221875 0.471875
4 0.76875 0.46171875 0.03828125 0.02890625
4 0.70859375 0.4703125 0.09765625 0.05
4 0.63984375 0.49765625 0.053125 0.0640625
4 0.5953125 0.503125 0.0890625 0.06640625
5 0.78046875 0.465625 0.0140625 0.03359375
5 0.7625 0.465625 0.01484375 0.02890625
5 0.934375 0.47734375 0.04765625 0.14609375
5 0.96875 0.521875 0.04296875 0.08203125
4 0.78828125 0.6609375 0.41484375 0.390625
4 0.921875 0.8046875 0.153125 0.38203125