4 0.36328125 0.55625 0.01640625 0.028125
4 0.38359375 0.56328125 0.01328125 0.03046875
4 0.33828125 0.55703125 0.015625 0.021875
4 0.2828125 0.5578125 0.021875 0.034375
4 0.26640625 0.54765625 0.0125 0.04453125
4 0.3171875 0.56953125 0.03203125 0.05546875
4 0.4046875 0.56015625 0.03671875 0.046875
4 0.465625 0.59921875 0.06328125 0.06953125
5 0.8765625 0.64609375 0.034375 0.196875
5 0.771875 0.59453125 0.0203125 0.1125
5 0.7828125 0.61796875 0.0375 0.14453125
5 0.7265625 0.61875 0.03125 0.1375
5 0.69609375 0.5875 0.025 0.10859375
5 0.64765625 0.57890625 0.02265625 0.10703125
5 0.6125 0.57890625 0.0125 0.078125
5 0.6 0.57109375 0.0125 0.06796875
5 0.5796875 0.57109375 0.01640625 0.06796875
5 0.5296875 0.57421875 0.01015625 0.06796875
5 0.5453125 0.57890625 0.015625 0.0625
5 0.47109375 0.54765625 0.009375 0.040625
5 0.44453125 0.559375 0.0125 0.04453125
5 0.4328125 0.5625 0.0125 0.0515625
5 0.4984375 0.57578125 0.01484375 0.0625
5 0.046875 0.5734375 0.015625 0.05546875
5 0.1125 0.565625 0.01484375 0.0890625
5 0.978125 0.66015625 0.0375 0.2375
5 0.009375 0.56875 0.01171875 0.04140625
5 0.159375 0.5625 0.009375 0.02890625