6 0.13046875 0.5421875 0.01171875 0.0234375
4 0.2171875 0.57734375 0.025 0.0375
4 0.253125 0.5796875 0.07421875 0.05703125
4 0.346875 0.57578125 0.075 0.071875
4 0.375 0.58828125 0.0515625 0.07109375
4 0.4171875 0.5890625 0.065625 0.090625
4 0.64140625 0.56875 0.025 0.0484375
4 0.66328125 0.5734375 0.028125 0.0484375
4 0.76875 0.57578125 0.0421875 0.05546875
4 0.79921875 0.55859375 0.05078125 0.05546875
6 0.1625 0.565625 0.05546875 0.06953125
4 0.18125 0.57578125 0.05859375 0.0484375
4 0.078125 0.57578125 0.0578125 0.0484375
4 0.4625 0.61484375 0.078125 0.1234375
4 0.6 0.58203125 0.0796875 0.10390625
4 0.8390625 0.5703125 0.06796875 0.0515625