4 0.63359375 0.35078125 0.021875 0.04296875
4 0.65546875 0.34609375 0.02890625 0.0609375
4 0.68125 0.346875 0.0296875 0.059375
4 0.7109375 0.34375 0.0484375 0.05703125
4 0.4484375 0.36640625 0.01953125 0.03046875
4 0.50859375 0.3984375 0.09765625 0.134375
4 0.5921875 0.36875 0.08046875 0.1
4 0.31875 0.4140625 0.08828125 0.10390625
4 0.4328125 0.3828125 0.01484375 0.0359375
4 0.2484375 0.409375 0.02734375 0.0265625
4 0.15078125 0.428125 0.03203125 0.02890625
4 0.1078125 0.43515625 0.0359375 0.02890625
4 0.065625 0.45 0.05078125 0.0484375
4 0.03984375 0.45625 0.03984375 0.0359375
4 0.18671875 0.42421875 0.05390625 0.0515625
4 0.3796875 0.39140625 0.04140625 0.05546875
6 0.38828125 0.378125 0.0734375 0.078125
4 0.0140625 0.56796875 0.028125 0.2078125
6 0.8765625 0.421875 0.2421875 0.65