4 0.33671875 0.48671875 0.0234375 0.0625
4 0.246875 0.471875 0.040625 0.0375
4 0.2765625 0.471875 0.0140625 0.025
4 0.29453125 0.47109375 0.01640625 0.021875
4 0.3046875 0.471875 0.01640625 0.02109375
4 0.215625 0.4703125 0.01875 0.025
4 0.053125 0.45390625 0.021875 0.0515625
4 0.0234375 0.46875 0.04609375 0.109375
4 0.1546875 0.47265625 0.0640625 0.071875
4 0.421875 0.54140625 0.19921875 0.2515625
4 0.203125 0.47109375 0.01875 0.0265625
5 0.115625 0.46484375 0.00703125 0.04296875
5 0.10859375 0.459375 0.00703125 0.0375
5 0.103125 0.4640625 0.009375 0.04140625
5 0.0953125 0.4578125 0.0078125 0.04140625
5 0.0953125 0.4578125 0.00546875 0.05