4 0.3140625 0.54765625 0.0328125 0.04609375
4 0.1453125 0.546875 0.0734375 0.0625
4 0.05625 0.54453125 0.06640625 0.065625
4 0.04375 0.5546875 0.08671875 0.09140625
4 0.4390625 0.534375 0.015625 0.03046875
4 0.44375 0.53984375 0.01640625 0.0234375
4 0.4546875 0.540625 0.01796875 0.028125
4 0.465625 0.546875 0.01875 0.02890625
4 0.5359375 0.546875 0.03359375 0.07109375
4 0.7671875 0.540625 0.01875 0.028125
5 0.58828125 0.540625 0.00703125 0.03359375
5 0.60234375 0.5421875 0.009375 0.01640625
5 0.575 0.5375 0.009375 0.028125
4 0.3484375 0.54296875 0.0421875 0.059375
4 0.20625 0.565625 0.09765625 0.0890625
4 0.4109375 0.5375 0.0140625 0.02109375
4 0.496875 0.56171875 0.06015625 0.10859375
4 0.85078125 0.67890625 0.29453125 0.41796875