5 0.1796875 0.3859375 0.015625 0.05859375
5 0.159375 0.3859375 0.01328125 0.05859375
5 0.134375 0.38125 0.0203125 0.071875
5 0.08046875 0.39140625 0.0203125 0.06953125
5 0.0453125 0.38671875 0.01640625 0.096875
6 0.0265625 0.353125 0.053125 0.146875
5 0.6828125 0.38828125 0.0125 0.06796875
5 0.6171875 0.38046875 0.01171875 0.053125
5 0.6015625 0.39140625 0.01875 0.0640625
4 0.79375 0.3984375 0.11953125 0.0734375
5 0.9875 0.3875 0.0203125 0.09453125
5 0.64453125 0.39921875 0.02265625 0.0734375
4 0.3078125 0.36484375 0.02578125 0.05546875
4 0.2984375 0.3703125 0.0265625 0.0359375
4 0.2828125 0.3796875 0.040625 0.040625
4 0.24609375 0.390625 0.078125 0.05546875
4 0.4109375 0.3984375 0.1921875 0.34609375