5 0.56875 0.465625 0.01171875 0.046875
5 0.553125 0.4640625 0.01171875 0.0609375
5 0.5390625 0.46875 0.00859375 0.05
4 0.2328125 0.5015625 0.0640625 0.0640625
4 0.325 0.496875 0.06015625 0.06796875
4 0.275 0.4921875 0.0390625 0.0515625
4 0.29921875 0.4625 0.03671875 0.04453125
4 0.32265625 0.45390625 0.01328125 0.0140625
4 0.340625 0.4515625 0.025 0.021875
4 0.3640625 0.478125 0.02734375 0.0484375
6 0.5015625 0.45859375 0.04453125 0.0984375
4 0.47734375 0.46171875 0.0046875 0.02890625
4 0.4734375 0.45078125 0.01171875 0.034375
4 0.44375 0.44765625 0.01328125 0.015625
4 0.465625 0.446875 0.01171875 0.0140625
4 0.3984375 0.44453125 0.01328125 0.015625
4 0.41171875 0.44765625 0.00703125 0.015625
4 0.421875 0.45078125 0.01171875 0.01640625