4 0.225 0.68515625 0.03359375 0.046875
4 0.425 0.6640625 0.01796875 0.03203125
4 0.44375 0.6703125 0.02578125 0.034375
4 0.38984375 0.66484375 0.03359375 0.04609375
4 0.3359375 0.67578125 0.02890625 0.03359375
4 0.26953125 0.6859375 0.05390625 0.05390625
4 0.540625 0.684375 0.071875 0.10546875
4 0.0328125 0.70390625 0.06171875 0.0625
4 0.6296875 0.6796875 0.153125 0.178125
5 0.9046875 0.65078125 0.05234375 0.18203125
4 0.31015625 0.67265625 0.0203125 0.034375
4 0.3640625 0.66875 0.02109375 0.03046875
5 0.1515625 0.6890625 0.01328125 0.04609375
5 0.1421875 0.690625 0.01171875 0.0515625