5 0.6703125 0.55078125 0.0109375 0.08046875
5 0.63125 0.56328125 0.0234375 0.090625
5 0.22109375 0.553125 0.0203125 0.09453125
5 0.28203125 0.5453125 0.01640625 0.09140625
5 0.29609375 0.540625 0.0125 0.090625
5 0.8109375 0.553125 0.02890625 0.10390625
5 0.865625 0.53046875 0.01875 0.053125
5 0.14453125 0.54609375 0.0203125 0.09453125
4 0.4859375 0.534375 0.01328125 0.021875
4 0.4796875 0.540625 0.01796875 0.03203125
4 0.4671875 0.5421875 0.01796875 0.03359375
4 0.459375 0.540625 0.01640625 0.0359375
4 0.4453125 0.54609375 0.03125 0.065625
4 0.4265625 0.5484375 0.0328125 0.07109375
4 0.5328125 0.528125 0.01328125 0.0234375
4 0.90390625 0.5484375 0.034375 0.021875
4 0.55703125 0.534375 0.01796875 0.028125
4 0.396875 0.5546875 0.06953125 0.0875
4 0.5078125 0.553125 0.0546875 0.075
4 0.5421875 0.5484375 0.02890625 0.0359375
4 0.9359375 0.56953125 0.12265625 0.11640625
4 0.5703125 0.559375 0.02109375 0.04609375