4 0.01875 0.56328125 0.03671875 0.078125
4 0.184375 0.54609375 0.0671875 0.04453125
4 0.38984375 0.54296875 0.02578125 0.0375
4 0.440625 0.5375 0.0203125 0.028125
4 0.425 0.5421875 0.02578125 0.03046875
4 0.0859375 0.55546875 0.11015625 0.0875
6 0.33515625 0.509375 0.10390625 0.14140625
4 0.46484375 0.53671875 0.03515625 0.0375
4 0.5234375 0.5375 0.0203125 0.034375
4 0.54375 0.5375 0.01953125 0.02109375
4 0.559375 0.5359375 0.01015625 0.015625
4 0.575 0.53515625 0.0125 0.01640625
4 0.584375 0.53125 0.009375 0.015625
4 0.609375 0.53125 0.00859375 0.015625
4 0.61875 0.534375 0.0109375 0.02109375
4 0.625 0.540625 0.0171875 0.025
4 0.640625 0.5453125 0.0171875 0.02890625
4 0.66015625 0.54375 0.0125 0.025
4 0.6875 0.546875 0.02421875 0.04453125
4 0.70703125 0.56171875 0.0296875 0.04453125
4 0.9046875 0.56953125 0.046875 0.0875
4 0.9234375 0.62109375 0.078125 0.14609375
4 0.96953125 0.7296875 0.059375 0.39140625
4 0.596875 0.54921875 0.0265625 0.0375
5 0.509375 0.5484375 0.021875 0.0875
5 0.50625 0.5578125 0.0171875 0.0734375
6 0.8015625 0.5765625 0.17265625 0.20859375