4 0.5046875 0.521875 0.0265625 0.04453125
4 0.584375 0.534375 0.0140625 0.028125
4 0.60390625 0.528125 0.034375 0.0609375
4 0.5875 0.53671875 0.01015625 0.03359375
4 0.48125 0.534375 0.04296875 0.07890625
4 0.61484375 0.54765625 0.0390625 0.0640625
4 0.634375 0.56640625 0.0421875 0.075
4 0.8625 0.559375 0.0890625 0.08203125
4 0.878125 0.5671875 0.1 0.0875
4 0.9390625 0.565625 0.121875 0.10703125
4 0.9546875 0.5828125 0.0875 0.09609375
4 0.7125 0.57109375 0.1546875 0.1875
5 0.13671875 0.52421875 0.04609375 0.15
6 0.546875 0.50234375 0.06875 0.15546875
4 0.4765625 0.54296875 0.01875 0.05859375
4 0.4671875 0.54765625 0.02421875 0.075