5 0.9265625 0.67421875 0.04453125 0.2359375
5 0.9453125 0.6296875 0.02890625 0.1390625
5 0.978125 0.63359375 0.034375 0.15
5 0.8921875 0.671875 0.05 0.221875
5 0.8765625 0.62265625 0.034375 0.13359375
4 0.37734375 0.5875 0.0421875 0.05859375
4 0.4109375 0.56328125 0.0171875 0.028125
4 0.4296875 0.56015625 0.01328125 0.028125
4 0.4625 0.559375 0.01171875 0.02109375
4 0.48125 0.56640625 0.01484375 0.0265625
4 0.50703125 0.578125 0.0359375 0.03046875
6 0.25625 0.55859375 0.209375 0.3515625
4 0.059375 0.63671875 0.11875 0.21796875
5 0.1421875 0.5671875 0.01484375 0.0609375