4 0.053125 0.52578125 0.0265625 0.04140625
4 0.2375 0.49375 0.01875 0.0265625
4 0.6546875 0.49609375 0.03046875 0.034375
4 0.7203125 0.5 0.0484375 0.0609375
4 0.746875 0.50078125 0.0609375 0.078125
4 0.76875 0.5 0.0609375 0.075
4 0.7953125 0.50234375 0.04609375 0.075
4 0.8265625 0.50703125 0.07890625 0.084375
4 0.8703125 0.5125 0.1109375 0.08203125
4 0.709375 0.49375 0.10546875 0.05859375
4 0.934375 0.5125 0.12421875 0.1015625
4 0.9640625 0.521875 0.06953125 0.10546875
6 0.6203125 0.48359375 0.02890625 0.0375
6 0.51171875 0.50234375 0.06328125 0.0375
6 0.4171875 0.53828125 0.0828125 0.146875
4 0.3625 0.4984375 0.02109375 0.0265625
4 0.2578125 0.50234375 0.015625 0.03359375
4 0.175 0.534375 0.0515625 0.05546875