4 0.221875 0.3390625 0.0390625 0.08359375
4 0.465625 0.353125 0.04375 0.075
4 0.33125 0.34453125 0.01015625 0.01796875
4 0.3421875 0.34375 0.0125 0.028125
4 0.359375 0.328125 0.0078125 0.009375
4 0.3546875 0.3515625 0.0171875 0.04296875
4 0.3734375 0.32109375 0.02109375 0.0125
4 0.8 0.5328125 0.396875 0.57109375
4 0.321875 0.63203125 0.009375 0.003125
4 0.0515625 0.425 0.10234375 0.32890625
4 0.17109375 0.365625 0.06875 0.0734375
4 0.2796875 0.36796875 0.1046875 0.14296875
4 0.40625 0.42421875 0.1484375 0.2125
4 0.55625 0.37734375 0.10859375 0.15546875
4 0.5 0.34140625 0.02578125 0.059375
5 0.62734375 0.32578125 0.0109375 0.04609375
5 0.5875 0.32890625 0.009375 0.025