4 0.14375 0.51640625 0.0890625 0.084375
5 0.13046875 0.52265625 0.01640625 0.0859375
4 0.0109375 0.5109375 0.01328125 0.0625
4 0.009375 0.540625 0.01640625 0.115625
4 0.3765625 0.54453125 0.09921875 0.0765625
4 0.4453125 0.5546875 0.0984375 0.084375
4 0.5 0.56328125 0.11171875 0.09296875
4 0.58828125 0.53125 0.06796875 0.04609375
4 0.58359375 0.571875 0.040625 0.04609375
4 0.62734375 0.528125 0.0359375 0.03203125
4 0.6640625 0.5265625 0.02109375 0.01953125
5 0.375 0.5796875 0.0421875 0.14140625
5 0.7890625 0.55703125 0.0109375 0.0484375
5 0.796875 0.5609375 0.009375 0.0609375
4 0.99375 0.55390625 0.009375 0.01640625
4 0.984375 0.55703125 0.0171875 0.021875
4 0.965625 0.55625 0.0421875 0.03203125
4 0.91875 0.5625 0.0375 0.053125
4 0.890625 0.56640625 0.0484375 0.05546875
4 0.68515625 0.684375 0.290625 0.3140625