4 0.89375 0.559375 0.0203125 0.05703125
4 0.8640625 0.546875 0.07265625 0.05703125
4 0.8421875 0.5734375 0.05390625 0.0640625
4 0.803125 0.546875 0.07109375 0.05
4 0.7296875 0.565625 0.10546875 0.0765625
4 0.6640625 0.56875 0.04765625 0.0484375
4 0.6859375 0.5703125 0.059375 0.05390625
4 0.64375 0.5609375 0.06640625 0.05546875
4 0.6078125 0.56328125 0.040625 0.0375
4 0.603125 0.55703125 0.05703125 0.040625
4 0.584375 0.5484375 0.05234375 0.028125
4 0.559375 0.54921875 0.03203125 0.02109375
4 0.38515625 0.553125 0.00625 0.00859375
4 0.371875 0.55 0.009375 0.01640625
4 0.3796875 0.54609375 0.0078125 0.00859375
4 0.44375 0.5515625 0.009375 0.01640625
4 0.446875 0.55 0.00859375 0.01953125
4 0.4484375 0.5515625 0.00625 0.01953125
4 0.45234375 0.553125 0.009375 0.021875
4 0.4609375 0.55625 0.01171875 0.0265625
4 0.471875 0.55546875 0.01171875 0.034375
4 0.4796875 0.5578125 0.0203125 0.03359375
4 0.484375 0.56171875 0.0203125 0.03359375
4 0.49609375 0.5640625 0.02265625 0.04140625
4 0.5140625 0.56328125 0.03515625 0.0515625
4 0.5171875 0.57265625 0.025 0.04609375
4 0.5296875 0.578125 0.03125 0.0484375
5 0.48359375 0.5625 0.0109375 0.04140625
5 0.55234375 0.54765625 0.01171875 0.02109375
4 0.309375 0.56953125 0.0328125 0.05859375
4 0.3046875 0.54296875 0.0375 0.03359375
4 0.2796875 0.571875 0.04609375 0.08046875
4 0.23125 0.58046875 0.08203125 0.10390625
4 0.0171875 0.59609375 0.034375 0.109375
4 0.4328125 0.553125 0.0125 0.015625
4 0.421875 0.5484375 0.0109375 0.01640625
4 0.390625 0.55 0.0109375 0.0140625
4 0.378125 0.553125 0.0125 0.0140625