4 0.525 0.471875 0.0171875 0.040625
4 0.5296875 0.47578125 0.0125 0.03046875
4 0.5375 0.47109375 0.0109375 0.04296875
4 0.5515625 0.4671875 0.03125 0.040625
4 0.5640625 0.47734375 0.025 0.034375
4 0.4984375 0.47421875 0.03515625 0.0484375
4 0.4671875 0.45703125 0.01796875 0.01640625
4 0.47265625 0.471875 0.02265625 0.034375
4 0.4296875 0.46796875 0.009375 0.01796875
4 0.4453125 0.4734375 0.0359375 0.05
4 0.4234375 0.46015625 0.0078125 0.0125
4 0.41875 0.4671875 0.0078125 0.01796875
4 0.39375 0.4671875 0.04609375 0.06640625
4 0.36328125 0.46171875 0.01875 0.01796875
4 0.3546875 0.46171875 0.02734375 0.021875
4 0.34921875 0.46171875 0.02109375 0.021875
4 0.32734375 0.453125 0.03828125 0.028125
4 0.31640625 0.45703125 0.02890625 0.0265625
4 0.29375 0.465625 0.025 0.04140625
4 0.25625 0.45859375 0.08671875 0.07890625
4 0.11484375 0.6546875 0.2296875 0.453125
6 0.6484375 0.409375 0.146875 0.18203125
4 0.690625 0.50546875 0.190625 0.215625
5 0.90234375 0.4640625 0.02578125 0.1