4 0.459375 0.3265625 0.01953125 0.05859375
4 0.4390625 0.3359375 0.0359375 0.0640625
4 0.38203125 0.34453125 0.01953125 0.0625
4 0.35078125 0.35078125 0.03125 0.06640625
4 0.3234375 0.3484375 0.05 0.103125
4 0.16875 0.48125 0.33671875 0.4390625
4 0.41171875 0.359375 0.071875 0.090625
5 0.03203125 0.33359375 0.01484375 0.0515625
5 0.0140625 0.33984375 0.0171875 0.0765625
4 0.5375 0.35703125 0.121875 0.2015625
4 0.8890625 0.4140625 0.21953125 0.2859375
5 0.596875 0.325 0.009375 0.02109375
5 0.6046875 0.32578125 0.0078125 0.0265625
5 0.6125 0.325 0.00546875 0.02890625
5 0.62109375 0.32578125 0.0078125 0.021875
5 0.63671875 0.328125 0.01171875 0.0265625
5 0.65625 0.32734375 0.01015625 0.02890625
5 0.665625 0.3234375 0.0078125 0.021875
5 0.675 0.32578125 0.01015625 0.03046875
5 0.6890625 0.33203125 0.01171875 0.03046875
5 0.7015625 0.3484375 0.01640625 0.08046875
5 0.7171875 0.33359375 0.01640625 0.0734375
5 0.7296875 0.3296875 0.0078125 0.04296875
5 0.73515625 0.33125 0.009375 0.04609375
5 0.7515625 0.33359375 0.0140625 0.06640625