5 0.6671875 0.44765625 0.0140625 0.04453125
5 0.5953125 0.44765625 0.00859375 0.0359375
5 0.13828125 0.44375 0.00859375 0.0359375
5 0.125 0.4421875 0.009375 0.03359375
4 0.16171875 0.45078125 0.0203125 0.03046875
4 0.27734375 0.44609375 0.00625 0.01640625
4 0.3 0.440625 0.00859375 0.01796875
4 0.26796875 0.44609375 0.0125 0.02109375
4 0.4734375 0.44375 0.0296875 0.05
4 0.57109375 0.44609375 0.01796875 0.02109375
4 0.5859375 0.4375 0.0171875 0.015625
4 0.2453125 0.4484375 0.00859375 0.015625
4 0.36328125 0.4875 0.10234375 0.1390625
4 0.52578125 0.49609375 0.10625 0.1625
4 0.63125 0.46328125 0.059375 0.07109375
4 0.86640625 0.51640625 0.26484375 0.2640625
4 0.2546875 0.45 0.0125 0.01796875