6 0.41796875 0.32109375 0.02109375 0.04609375
4 0.95 0.30390625 0.0953125 0.11953125
4 0.890625 0.30703125 0.0546875 0.05
4 0.81640625 0.3140625 0.0546875 0.059375
4 0.72890625 0.33828125 0.10546875 0.084375
4 0.6640625 0.33125 0.0359375 0.0515625
4 0.275 0.35546875 0.01328125 0.02109375
4 0.290625 0.35234375 0.01875 0.0234375
4 0.3078125 0.34765625 0.01875 0.025
4 0.32421875 0.34375 0.015625 0.01640625
4 0.3421875 0.34140625 0.0171875 0.01796875
4 0.365625 0.3359375 0.01328125 0.0125
4 0.3796875 0.33515625 0.01015625 0.009375
4 0.39375 0.33203125 0.015625 0.009375
4 0.453125 0.328125 0.02109375 0.015625
4 0.5015625 0.35546875 0.03828125 0.046875
6 0.21796875 0.34296875 0.08828125 0.08046875