4 0.3234375 0.38828125 0.00703125 0.01640625
4 0.315625 0.384375 0.01015625 0.025
4 0.309375 0.3875 0.0125 0.0265625
4 0.296875 0.38515625 0.01796875 0.03359375
4 0.2875 0.3890625 0.01875 0.03359375
4 0.271875 0.38515625 0.01796875 0.053125
4 0.3671875 0.396875 0.01015625 0.03046875
4 0.375 0.4015625 0.02109375 0.028125
4 0.3828125 0.409375 0.0171875 0.025
4 0.396875 0.415625 0.0296875 0.053125
6 0.43671875 0.4203125 0.078125 0.121875
4 0.4671875 0.4546875 0.09921875 0.134375
6 0.21015625 0.359375 0.1078125 0.11796875
6 0.1640625 0.36796875 0.1625 0.128125
4 0.084375 0.37578125 0.10546875 0.1390625
4 0.334375 0.38984375 0.01484375 0.02109375
4 0.0296875 0.37265625 0.059375 0.19140625
6 0.74765625 0.46640625 0.50234375 0.796875
4 0.3609375 0.396875 0.009375 0.0109375