5 0.7109375 0.484375 0.01328125 0.05546875
5 0.6921875 0.47890625 0.01171875 0.0515625
5 0.921875 0.4640625 0.02421875 0.0640625
5 0.95546875 0.4625 0.01796875 0.04296875
6 0.41171875 0.42890625 0.04921875 0.1
4 0.32578125 0.45390625 0.02734375 0.03046875
4 0.253125 0.45625 0.0421875 0.065625
4 0.221875 0.4546875 0.0453125 0.075
4 0.16875 0.4578125 0.07421875 0.084375
4 0.084375 0.46015625 0.1234375 0.10703125
4 0.609375 0.48359375 0.025 0.0640625
4 0.025 0.47109375 0.05 0.1015625
4 0.3828125 0.459375 0.06640625 0.0984375
4 0.51640625 0.4890625 0.1734375 0.28046875
4 0.6484375 0.490625 0.06640625 0.1359375
4 0.8046875 0.53671875 0.16640625 0.1515625
4 0.2953125 0.459375 0.0390625 0.0515625