5 0.4203125 0.596875 0.0234375 0.1
5 0.9453125 0.6140625 0.05625 0.27109375
5 0.984375 0.62734375 0.02890625 0.234375
4 0.2703125 0.6078125 0.05625 0.05859375
4 0.3625 0.5875 0.046875 0.071875
4 0.484375 0.56796875 0.0265625 0.0375
5 0.234375 0.58671875 0.01171875 0.04140625
4 0.234375 0.57734375 0.03515625 0.04296875
4 0.30390625 0.59375 0.04453125 0.059375
4 0.33671875 0.58671875 0.01875 0.04140625
4 0.3875 0.57734375 0.0125 0.0390625
4 0.43828125 0.55859375 0.01171875 0.009375
4 0.46875 0.5578125 0.009375 0.02109375
4 0.90234375 0.575 0.19296875 0.1515625