4 0.40859375 0.54453125 0.009375 0.03359375
4 0.3953125 0.54140625 0.015625 0.028125
4 0.5703125 0.5484375 0.053125 0.075
4 0.47890625 0.53828125 0.01015625 0.034375
6 0.509375 0.51796875 0.05546875 0.11953125
4 0.45 0.56328125 0.07890625 0.1515625
4 0.3640625 0.559375 0.04765625 0.06796875
4 0.625 0.54296875 0.084375 0.11640625
4 0.425 0.52890625 0.02421875 0.0359375
4 0.125 0.5578125 0.03671875 0.05703125
5 0.8390625 0.51015625 0.0296875 0.09296875
5 0.8140625 0.51953125 0.01953125 0.08359375
5 0.8015625 0.51484375 0.01484375 0.09296875
5 0.7765625 0.5078125 0.01640625 0.0765625
5 0.746875 0.52109375 0.01171875 0.08359375
5 0.7359375 0.5203125 0.01484375 0.0875
5 0.721875 0.503125 0.0109375 0.0359375
5 0.7109375 0.5 0.01328125 0.04609375