4 0.29375 0.4953125 0.05703125 0.05546875
4 0.6453125 0.48671875 0.0140625 0.01953125
4 0.66640625 0.5109375 0.03984375 0.046875
4 0.68671875 0.490625 0.0203125 0.0234375
4 0.76796875 0.490625 0.04921875 0.040625
4 0.7796875 0.52109375 0.0296875 0.053125
4 0.79375 0.52890625 0.04765625 0.07109375
4 0.7140625 0.49296875 0.03203125 0.01953125
6 0.53125 0.434375 0.0515625 0.0515625
6 0.4328125 0.48671875 0.1421875 0.24453125
4 0.72890625 0.546875 0.103125 0.11640625
4 0.56328125 0.5984375 0.209375 0.3125
4 0.8828125 0.6203125 0.23046875 0.31640625
6 0.134375 0.5515625 0.26796875 0.253125