5 0.77734375 0.478125 0.0359375 0.140625
5 0.690625 0.471875 0.015625 0.0890625
5 0.66875 0.4703125 0.0171875 0.078125
5 0.6796875 0.46484375 0.01328125 0.065625
5 0.703125 0.46484375 0.01484375 0.075
5 0.6484375 0.4625 0.01328125 0.0609375
5 0.59296875 0.4546875 0.00625 0.01796875
5 0.4984375 0.45859375 0.01015625 0.034375
4 0.6234375 0.459375 0.0171875 0.0234375
4 0.48125 0.45625 0.0234375 0.0265625
4 0.084375 0.425 0.1015625 0.065625
4 0.221875 0.43203125 0.1359375 0.084375
4 0.1390625 0.421875 0.02265625 0.046875
4 0.1984375 0.45390625 0.128125 0.09140625
4 0.5609375 0.46484375 0.0234375 0.0375
6 0.546875 0.41328125 0.0078125 0.01796875
4 0.571875 0.421875 0.01015625 0.0140625
4 0.01640625 0.42578125 0.0328125 0.05390625
4 0.02265625 0.5484375 0.0453125 0.225