4 0.1171875 0.5796875 0.18515625 0.165625
4 0.296875 0.55546875 0.05859375 0.0640625
4 0.51875 0.5796875 0.115625 0.14609375
4 0.3671875 0.55703125 0.03203125 0.046875
4 0.33984375 0.54921875 0.025 0.034375
4 0.39453125 0.5484375 0.0171875 0.01953125
4 0.4671875 0.559375 0.02265625 0.03046875
4 0.4515625 0.55546875 0.02421875 0.03046875
4 0.4328125 0.54609375 0.02734375 0.03046875
4 0.946875 0.59765625 0.1046875 0.084375
5 0.9671875 0.60859375 0.03125 0.15859375
4 0.20390625 0.5546875 0.02734375 0.0515625
4 0.2296875 0.55078125 0.028125 0.034375
5 0.2328125 0.546875 0.01015625 0.0515625