4 0.46484375 0.621875 0.015625 0.03046875
4 0.4125 0.615625 0.04453125 0.04453125
4 0.43671875 0.63515625 0.03125 0.04609375
4 0.2625 0.5953125 0.04921875 0.0265625
4 0.2421875 0.62265625 0.075 0.071875
4 0.215625 0.628125 0.07421875 0.06640625
4 0.16953125 0.6296875 0.0625 0.084375
4 0.1546875 0.628125 0.06171875 0.08359375
4 0.146875 0.63203125 0.065625 0.09296875
4 0.0796875 0.6640625 0.159375 0.196875
4 0.0125 0.72109375 0.025 0.1546875
5 0.4921875 0.66640625 0.02265625 0.109375
5 0.521875 0.65703125 0.02109375 0.1265625
5 0.575 0.6890625 0.053125 0.23203125
5 0.66328125 0.6296875 0.02109375 0.05390625
5 0.70625 0.66875 0.04140625 0.14609375
5 0.78515625 0.70078125 0.04921875 0.2640625
4 0.328125 0.709375 0.16953125 0.26640625