4 0.4703125 0.375 0.01171875 0.021875
4 0.4421875 0.37578125 0.01640625 0.025
4 0.4546875 0.378125 0.025 0.0390625
4 0.4265625 0.378125 0.021875 0.03203125
5 0.39375 0.3671875 0.0078125 0.01640625
4 0.40703125 0.3796875 0.02890625 0.040625
4 0.37265625 0.3859375 0.0171875 0.03203125
4 0.29453125 0.38984375 0.02890625 0.05546875
5 0.3 0.390625 0.01484375 0.053125
5 0.28359375 0.39140625 0.01171875 0.059375
5 0.1390625 0.4015625 0.025 0.09140625
5 0.215625 0.39453125 0.021875 0.090625
5 0.246875 0.3703125 0.0140625 0.03046875
5 0.45546875 0.38203125 0.01171875 0.021875
5 0.63359375 0.38203125 0.01484375 0.059375
5 0.659375 0.384375 0.01171875 0.053125
5 0.790625 0.353125 0.01015625 0.021875
4 0.56484375 0.3609375 0.0171875 0.0125
4 0.56171875 0.384375 0.0296875 0.046875
4 0.58359375 0.37734375 0.02265625 0.04453125
4 0.609375 0.378125 0.04921875 0.05546875
4 0.74921875 0.40546875 0.090625 0.1015625
4 0.87734375 0.403125 0.21328125 0.19609375
4 0.98515625 0.4625 0.0296875 0.175
4 0.0703125 0.39296875 0.1390625 0.153125
4 0.3375 0.38984375 0.06796875 0.09140625
4 0.5109375 0.403125 0.08515625 0.12109375