4 0.628125 0.346875 0.04296875 0.10703125
4 0.671875 0.346875 0.0625 0.196875
4 0.5734375 0.35078125 0.065625 0.13203125
4 0.11875 0.29609375 0.121875 0.0890625
4 0.28828125 0.36328125 0.22265625 0.196875
4 0.48984375 0.40078125 0.15390625 0.20390625
5 0.0265625 0.2734375 0.02578125 0.15546875
5 0.1453125 0.29296875 0.0140625 0.1109375
5 0.3828125 0.32265625 0.01171875 0.059375
5 0.39296875 0.325 0.00625 0.059375
5 0.403125 0.32265625 0.00859375 0.05546875
5 0.41328125 0.32109375 0.00859375 0.046875
6 0.8421875 0.346875 0.31171875 0.690625