4 0.13671875 0.440625 0.03515625 0.0375
4 0.2953125 0.4375 0.01171875 0.0140625
4 0.309375 0.4421875 0.02265625 0.03203125
4 0.3578125 0.428125 0.01015625 0.01640625
4 0.3453125 0.43046875 0.01328125 0.01796875
4 0.3359375 0.43046875 0.01015625 0.01953125
4 0.3265625 0.428125 0.01015625 0.0109375
4 0.359375 0.446875 0.01328125 0.0265625
4 0.3765625 0.46875 0.0328125 0.05390625
6 0.146875 0.42578125 0.0453125 0.046875
6 0.22734375 0.4078125 0.121875 0.1984375
6 0.35 0.4171875 0.0203125 0.021875
4 0.365625 0.421875 0.00703125 0.0109375
4 0.371875 0.42265625 0.00546875 0.009375
4 0.2734375 0.49609375 0.08671875 0.10859375
4 0.4234375 0.52578125 0.1140625 0.15390625
4 0.346875 0.45234375 0.021875 0.03359375
4 0.0703125 0.49609375 0.140625 0.16953125
4 0.29921875 0.42578125 0.01328125 0.0125
4 0.315625 0.421875 0.0125 0.0140625