5 0.7890625 0.36640625 0.11484375 0.29609375
5 0.8875 0.3359375 0.1171875 0.3640625
5 0.99375 0.40859375 0.0109375 0.165625
5 0.97734375 0.40625 0.03984375 0.2375
5 0.4203125 0.35546875 0.0234375 0.128125
5 0.5828125 0.37109375 0.03515625 0.153125
5 0.45 0.3453125 0.0234375 0.1
5 0.534375 0.359375 0.01875 0.1
5 0.6078125 0.359375 0.021875 0.0890625
4 0.0203125 0.31953125 0.0390625 0.15859375
4 0.0609375 0.32890625 0.05625 0.1
4 0.10625 0.33203125 0.05078125 0.078125
6 0.146875 0.31875 0.05625 0.090625
6 0.1 0.27890625 0.046875 0.028125
6 0.175 0.2953125 0.0578125 0.11953125
6 0.209375 0.31875 0.01328125 0.0515625
4 0.24609375 0.3453125 0.07734375 0.1140625
4 0.309375 0.346875 0.0328125 0.05
4 0.2859375 0.3328125 0.0125 0.028125
4 0.95625 0.39921875 0.0265625 0.15390625
6 0.9484375 0.27578125 0.09765625 0.128125