5 0.7875 0.59375 0.01953125 0.0875
5 0.775 0.5890625 0.01328125 0.084375
5 0.675 0.5828125 0.009375 0.065625
5 0.66171875 0.58203125 0.0140625 0.06640625
5 0.6375 0.584375 0.01171875 0.05546875
5 0.625 0.58828125 0.00859375 0.0515625
5 0.6125 0.58046875 0.0078125 0.0484375
5 0.6046875 0.58359375 0.00859375 0.0484375
5 0.39921875 0.5796875 0.00546875 0.05859375
4 0.44140625 0.60703125 0.0421875 0.078125
4 0.775 0.57578125 0.071875 0.0890625
4 0.7078125 0.58828125 0.06328125 0.053125
4 0.51875 0.628125 0.13671875 0.22109375
4 0.296875 0.63984375 0.15859375 0.16953125
5 0.00703125 0.6203125 0.0125 0.21796875