4 0.496875 0.5265625 0.0203125 0.03203125
4 0.475 0.50859375 0.01328125 0.01640625
4 0.46015625 0.52578125 0.01171875 0.02890625
4 0.44375 0.52578125 0.02734375 0.04296875
4 0.41953125 0.53828125 0.01953125 0.034375
4 0.3890625 0.52109375 0.04921875 0.084375
4 0.47421875 0.53828125 0.02734375 0.04296875
4 0.53515625 0.53671875 0.04453125 0.08359375
4 0.6203125 0.540625 0.02109375 0.059375
4 0.6515625 0.5390625 0.05 0.07890625
4 0.6671875 0.55625 0.03828125 0.07109375
4 0.70625 0.553125 0.0734375 0.115625
4 0.7796875 0.58046875 0.13046875 0.15390625
4 0.90625 0.64765625 0.18671875 0.275
4 0.2921875 0.5578125 0.0625 0.084375
4 0.228125 0.57578125 0.11875 0.0875
5 0.171875 0.52265625 0.0140625 0.05546875
5 0.153125 0.51796875 0.015625 0.053125
6 0.08359375 0.58515625 0.1671875 0.175