4 0.8984375 0.6796875 0.2 0.21640625
4 0.2828125 0.403125 0.03984375 0.05390625
4 0.35078125 0.4046875 0.04453125 0.05546875
4 0.65703125 0.4828125 0.17578125 0.15859375
4 0.2375 0.38828125 0.01640625 0.0390625
4 0.18671875 0.3828125 0.01875 0.025
4 0.0265625 0.390625 0.0234375 0.025
4 0.209375 0.38671875 0.01953125 0.03359375
4 0.2234375 0.3890625 0.01015625 0.02890625
4 0.325 0.39921875 0.01484375 0.03359375
4 0.31875 0.39921875 0.0125 0.04140625
4 0.30625 0.39921875 0.009375 0.03359375
4 0.54140625 0.446875 0.084375 0.0875
4 0.490625 0.43828125 0.04765625 0.0765625
5 0.4375 0.3984375 0.0140625 0.04296875
5 0.47421875 0.3953125 0.0125 0.04140625
5 0.5921875 0.4015625 0.01484375 0.04453125
4 0.26015625 0.39609375 0.015625 0.021875