5 0.73046875 0.4546875 0.040625 0.1734375
5 0.646875 0.434375 0.01484375 0.08359375
5 0.628125 0.4171875 0.0140625 0.0375
5 0.5859375 0.44140625 0.015625 0.0875
5 0.575 0.43203125 0.0109375 0.07890625
5 0.5109375 0.41953125 0.00859375 0.03046875
5 0.37421875 0.41171875 0.00703125 0.015625
5 0.471875 0.428125 0.00859375 0.02890625
4 0.4390625 0.40703125 0.0078125 0.009375
4 0.4328125 0.4125 0.00859375 0.0140625
4 0.4296875 0.41640625 0.00703125 0.009375
4 0.421875 0.4234375 0.01015625 0.0140625
4 0.41796875 0.43125 0.01015625 0.0140625
4 0.41015625 0.4328125 0.01015625 0.01640625
4 0.396875 0.434375 0.0171875 0.0140625
4 0.375 0.43203125 0.025 0.025
4 0.35546875 0.4265625 0.01640625 0.03203125
4 0.3359375 0.44765625 0.05546875 0.08046875
4 0.29921875 0.48125 0.0609375 0.090625
4 0.4640625 0.40390625 0.0078125 0.009375
4 0.4546875 0.40390625 0.009375 0.009375
4 0.453125 0.41484375 0.009375 0.009375
4 0.45 0.425 0.01640625 0.0140625
4 0.4875 0.403125 0.0109375 0.009375
4 0.4890625 0.41171875 0.0140625 0.009375
4 0.48984375 0.42109375 0.01171875 0.0125
4 0.471875 0.40234375 0.009375 0.0109375
4 0.403125 0.55703125 0.1640625 0.234375