5 0.8359375 0.53671875 0.02578125 0.084375
5 0.8140625 0.56328125 0.02421875 0.109375
5 0.784375 0.59296875 0.04375 0.19140625
5 0.7453125 0.596875 0.04296875 0.165625
5 0.8984375 0.50234375 0.0375 0.04609375
4 0.47109375 0.55625 0.01015625 0.01796875
4 0.46484375 0.55859375 0.0078125 0.0140625
4 0.4375 0.55859375 0.0109375 0.015625
4 0.428125 0.565625 0.0078125 0.0265625
4 0.42265625 0.56640625 0.0078125 0.03359375
4 0.4171875 0.565625 0.00625 0.03046875
4 0.409375 0.56953125 0.015625 0.04453125
4 0.3953125 0.56953125 0.02265625 0.04296875
4 0.3875 0.5765625 0.02109375 0.04140625
4 0.37265625 0.578125 0.02890625 0.04140625
4 0.359375 0.58125 0.025 0.04296875
4 0.3390625 0.5859375 0.03515625 0.05546875
4 0.29375 0.58515625 0.071875 0.08046875
4 0.2296875 0.60625 0.08046875 0.09296875
4 0.1390625 0.62578125 0.1203125 0.1234375
4 0.53359375 0.55625 0.009375 0.01953125
4 0.54296875 0.55625 0.0125 0.0265625
4 0.559375 0.55625 0.02265625 0.040625
4 0.56875 0.5640625 0.01953125 0.04296875
4 0.590625 0.565625 0.028125 0.05546875
4 0.6 0.575 0.00859375 0.04296875
6 0.63359375 0.56328125 0.06875 0.10703125
4 0.6578125 0.5828125 0.053125 0.10390625
4 0.7390625 0.565625 0.146875 0.2
4 0.0515625 0.65078125 0.1015625 0.15703125
4 0.45 0.5703125 0.034375 0.04609375
4 0.5015625 0.5765625 0.0515625 0.075
4 0.896875 0.646875 0.203125 0.26640625