5 0.3734375 0.40390625 0.10546875 0.125
4 0.51484375 0.41796875 0.0859375 0.125
4 0.58125 0.3984375 0.04765625 0.0625
4 0.66875 0.39375 0.0421875 0.0484375
4 0.2703125 0.38515625 0.06328125 0.065625
4 0.7671875 0.40859375 0.059375 0.0515625
4 0.20859375 0.38203125 0.06015625 0.053125
4 0.309375 0.36953125 0.0296875 0.0390625
4 0.42734375 0.3921875 0.03828125 0.08203125
4 0.45078125 0.3828125 0.0359375 0.059375
4 0.4765625 0.37734375 0.01953125 0.034375
4 0.55546875 0.3953125 0.0140625 0.05390625
4 0.615625 0.3859375 0.02421875 0.0265625
4 0.10625 0.5015625 0.21171875 0.559375
4 0.8828125 0.51328125 0.23125 0.55859375
6 0.7703125 0.37109375 0.06484375 0.046875