4 0.2171875 0.40390625 0.0296875 0.0375
6 0.1828125 0.415625 0.03359375 0.04609375
4 0.134375 0.44375 0.04296875 0.0390625
4 0.0640625 0.459375 0.03125 0.03359375
4 0.0296875 0.48671875 0.05859375 0.07109375
4 0.4390625 0.4 0.02421875 0.028125
4 0.45625 0.41796875 0.02734375 0.0375
4 0.47890625 0.44140625 0.046875 0.05859375
4 0.5078125 0.4765625 0.04609375 0.0640625
4 0.09453125 0.48125 0.06796875 0.08203125
4 0.371875 0.54453125 0.18515625 0.2859375
4 0.803125 0.63359375 0.39375 0.459375
6 0.5484375 0.515625 0.08671875 0.1140625
6 0.640625 0.49453125 0.09609375 0.10390625
4 0.3734375 0.38359375 0.009375 0.015625