5 0.9421875 0.51328125 0.04453125 0.19609375
5 0.7859375 0.4640625 0.0328125 0.07109375
5 0.3265625 0.41640625 0.00546875 0.0390625
5 0.340625 0.4140625 0.00703125 0.028125
4 0.4265625 0.421875 0.021875 0.028125
4 0.4828125 0.41875 0.01171875 0.01796875
4 0.47421875 0.4140625 0.01171875 0.0125
4 0.4609375 0.41796875 0.01171875 0.015625
4 0.453125 0.41640625 0.01328125 0.01796875
4 0.4421875 0.41796875 0.01171875 0.015625
4 0.4125 0.415625 0.01875 0.03046875
4 0.403125 0.41796875 0.01171875 0.025
4 0.390625 0.41796875 0.0140625 0.025
4 0.37734375 0.41796875 0.01328125 0.025
4 0.3609375 0.41875 0.02578125 0.0390625
4 0.3 0.42890625 0.04140625 0.05859375
4 0.27421875 0.42890625 0.0359375 0.0640625
4 0.2359375 0.43046875 0.06484375 0.0765625
4 0.20078125 0.44453125 0.06328125 0.0734375
4 0.11953125 0.43984375 0.121875 0.125
4 0.034375 0.446875 0.06875 0.15
4 0.503125 0.42265625 0.0140625 0.025
4 0.5234375 0.45234375 0.02890625 0.04296875
4 0.5328125 0.45625 0.02578125 0.05546875
4 0.559375 0.4625 0.04140625 0.084375
4 0.5734375 0.4703125 0.04765625 0.084375
4 0.61328125 0.4828125 0.0859375 0.11953125
4 0.70546875 0.528125 0.1875 0.2015625
4 0.86953125 0.48671875 0.153125 0.128125
4 0.9875 0.778125 0.021875 0.2984375