4 0.4 0.46484375 0.0171875 0.0234375
4 0.3828125 0.47734375 0.0265625 0.04453125
4 0.4578125 0.47734375 0.009375 0.03046875
4 0.4640625 0.48203125 0.015625 0.05390625
4 0.47421875 0.48515625 0.02265625 0.065625
4 0.5015625 0.490625 0.0515625 0.075
4 0.509375 0.50390625 0.03671875 0.07109375
4 0.315625 0.46640625 0.025 0.028125
4 0.2984375 0.4625 0.02109375 0.0234375
4 0.2734375 0.46640625 0.03125 0.03359375
6 0.24375 0.45078125 0.05 0.065625
6 0.1015625 0.44921875 0.07109375 0.06796875
4 0.3546875 0.48125 0.0484375 0.07109375
4 0.42421875 0.48203125 0.040625 0.071875
4 0.546875 0.52265625 0.0828125 0.0984375