5 0.16875 0.54453125 0.0265625 0.07109375
5 0.0375 0.53125 0.01875 0.04453125
5 0.8890625 0.45546875 0.01875 0.04296875
5 0.85625 0.521875 0.025 0.175
5 0.8203125 0.54453125 0.03125 0.178125
5 0.88125 0.54140625 0.059375 0.22890625
4 0.3328125 0.50078125 0.0265625 0.02109375
4 0.2890625 0.5140625 0.0359375 0.03359375
4 0.2421875 0.5140625 0.02734375 0.028125
4 0.434375 0.5 0.04375 0.0375
6 0.303125 0.49375 0.0328125 0.05390625
4 0.36015625 0.52890625 0.04765625 0.078125
4 0.4796875 0.50390625 0.0328125 0.0515625
4 0.41796875 0.55703125 0.09765625 0.15703125