4 0.24375 0.5625 0.1390625 0.17890625
4 0.4296875 0.50546875 0.0328125 0.05390625
4 0.3734375 0.50859375 0.03828125 0.0640625
4 0.39921875 0.5 0.0171875 0.0390625
4 0.465625 0.4984375 0.02421875 0.034375
4 0.1078125 0.53984375 0.0796875 0.06796875
6 0.1109375 0.5 0.1203125 0.08359375
6 0.2078125 0.47890625 0.0640625 0.02890625
6 0.26875 0.4703125 0.03984375 0.021875
6 0.43125 0.465625 0.03359375 0.0265625
4 0.028125 0.78828125 0.05390625 0.2640625
4 0.18046875 0.5203125 0.02890625 0.046875
4 0.30078125 0.5015625 0.0125 0.0265625
4 0.321875 0.4875 0.0078125 0.025
4 0.3421875 0.4875 0.01171875 0.02109375
6 0.45234375 0.46796875 0.0140625 0.009375
6 0.02578125 0.51328125 0.05 0.09609375
4 0.09765625 0.5109375 0.0578125 0.034375