5 0.68359375 0.42109375 0.0171875 0.0875
5 0.7859375 0.434375 0.03203125 0.115625
5 0.9203125 0.45078125 0.03828125 0.128125
5 0.6359375 0.4078125 0.01015625 0.05
5 0.62421875 0.41015625 0.00859375 0.053125
5 0.60859375 0.39375 0.00546875 0.03046875
5 0.9625 0.44609375 0.0296875 0.140625
5 0.98203125 0.46015625 0.03515625 0.209375
5 0.02265625 0.48046875 0.0109375 0.04296875
5 0.1296875 0.44453125 0.01875 0.0484375
5 0.10703125 0.4375 0.00859375 0.02109375
5 0.13984375 0.44609375 0.01015625 0.0375
5 0.15 0.434375 0.01171875 0.03046875
5 0.009375 0.475 0.01484375 0.0984375
4 0.071875 0.5015625 0.12578125 0.109375
4 0.17421875 0.48828125 0.11328125 0.11953125
4 0.37890625 0.43046875 0.025 0.0484375
4 0.396875 0.425 0.01953125 0.040625
4 0.41015625 0.415625 0.0171875 0.03203125
4 0.4328125 0.428125 0.03671875 0.08359375
5 0.5859375 0.415625 0.009375 0.05
5 0.5953125 0.421875 0.009375 0.046875
5 0.6015625 0.415625 0.0109375 0.040625
4 0.3109375 0.4953125 0.1703125 0.2140625
4 0.515625 0.47578125 0.15234375 0.25
4 0.92578125 0.40625 0.08359375 0.0890625
4 0.9578125 0.41328125 0.08359375 0.08046875