6 0.275 0.4953125 0.29609375 0.6015625
4 0.4890625 0.61640625 0.09921875 0.15859375
4 0.6125 0.6578125 0.0796875 0.084375
4 0.6921875 0.684375 0.12890625 0.11796875
4 0.8359375 0.73203125 0.190625 0.1515625
4 0.9609375 0.78125 0.07578125 0.13359375
4 0.06796875 0.68984375 0.134375 0.28359375
4 0.0171875 0.8140625 0.034375 0.253125
5 0.0078125 0.53125 0.015625 0.04609375
5 0.0171875 0.53515625 0.01953125 0.03359375
5 0.0515625 0.534375 0.0234375 0.04296875
5 0.6390625 0.60703125 0.01484375 0.034375
5 0.8484375 0.646875 0.01953125 0.034375
5 0.5546875 0.63125 0.01640625 0.05859375