4 0.403125 0.4796875 0.01015625 0.02109375
4 0.41875 0.4828125 0.01484375 0.0265625
4 0.375 0.51328125 0.02734375 0.03359375
6 0.35234375 0.47578125 0.01015625 0.05546875
6 0.3328125 0.484375 0.0359375 0.084375
6 0.2828125 0.4734375 0.0546875 0.06640625
6 0.228125 0.48203125 0.0453125 0.0890625
6 0.10078125 0.42265625 0.2 0.609375
4 0.315625 0.515625 0.034375 0.0640625
4 0.29140625 0.534375 0.05546875 0.084375
4 0.26015625 0.57578125 0.09765625 0.13046875
6 0.6015625 0.509375 0.05234375 0.0265625