5 0.8796875 0.365625 0.0125 0.05546875
4 0.36953125 0.375 0.0171875 0.03046875
4 0.3875 0.37890625 0.0234375 0.0515625
4 0.3421875 0.36640625 0.01640625 0.03046875
4 0.309375 0.35546875 0.0140625 0.02109375
4 0.29375 0.3546875 0.01015625 0.01796875
4 0.2828125 0.36328125 0.01484375 0.0140625
4 0.284375 0.38046875 0.0125 0.03359375
4 0.2546875 0.359375 0.01171875 0.0140625
4 0.24296875 0.359375 0.0125 0.01796875
4 0.23203125 0.365625 0.01171875 0.0125
4 0.240625 0.3765625 0.0171875 0.025
4 0.3203125 0.39921875 0.04765625 0.05859375
4 0.175 0.37890625 0.02421875 0.0390625
4 0.2203125 0.37421875 0.0171875 0.025
4 0.26484375 0.39609375 0.03828125 0.0515625
4 0.1953125 0.396875 0.03828125 0.05
4 0.6640625 0.38203125 0.09375 0.0765625
4 0.81953125 0.44609375 0.1296875 0.14140625
4 0.7046875 0.46171875 0.184375 0.18203125
4 0.9421875 0.371875 0.06875 0.046875
4 0.9734375 0.38203125 0.02421875 0.03046875
6 0.12578125 0.38828125 0.07421875 0.08046875
4 0.496875 0.49140625 0.25078125 0.390625
4 0.953125 0.515625 0.09140625 0.53359375