4 0.1234375 0.53359375 0.246875 0.4984375
4 0.284375 0.390625 0.20703125 0.2140625
4 0.3828125 0.32109375 0.1421875 0.1875
4 0.45546875 0.296875 0.06171875 0.1234375
4 0.4859375 0.28359375 0.0484375 0.0984375
4 0.5078125 0.28125 0.03046875 0.065625
4 0.521875 0.265625 0.03828125 0.06796875
4 0.55 0.25390625 0.02734375 0.040625
4 0.56875 0.25078125 0.015625 0.0234375
4 0.5890625 0.2484375 0.0171875 0.028125
4 0.628125 0.25234375 0.0515625 0.0859375
4 0.6375 0.27578125 0.059375 0.09140625
5 0.6875 0.24375 0.01171875 0.0609375
5 0.815625 0.25546875 0.034375 0.15