4 0.5859375 0.471875 0.009375 0.025
4 0.5796875 0.471875 0.015625 0.025
4 0.5703125 0.47421875 0.0140625 0.03359375
4 0.56015625 0.47734375 0.02734375 0.0390625
4 0.5453125 0.48359375 0.02890625 0.0390625
6 0.51953125 0.446875 0.01796875 0.0390625
4 0.525 0.48984375 0.021875 0.04296875
4 0.48125 0.47734375 0.0921875 0.140625
4 0.43125 0.51796875 0.11328125 0.12890625
4 0.603125 0.4703125 0.0109375 0.02109375
4 0.61171875 0.47421875 0.015625 0.025
4 0.65234375 0.48359375 0.03671875 0.046875
5 0.715625 0.46953125 0.01328125 0.03203125
5 0.3625 0.528125 0.021875 0.15703125
5 0.30859375 0.325 0.0359375 0.0234375
5 0.24453125 0.540625 0.025 0.1484375
5 0.2640625 0.5390625 0.021875 0.16640625
5 0.284375 0.52890625 0.02421875 0.171875
5 0.31015625 0.53984375 0.02734375 0.1375
5 0.38125 0.5421875 0.025 0.165625