4 0.0328125 0.59296875 0.06484375 0.13046875
5 0.096875 0.578125 0.01796875 0.0859375
4 0.153125 0.578125 0.103125 0.10390625
4 0.2203125 0.5796875 0.04296875 0.059375
4 0.259375 0.571875 0.05078125 0.0609375
4 0.29609375 0.56953125 0.034375 0.05390625
4 0.32421875 0.56484375 0.02109375 0.053125
4 0.35 0.56484375 0.0328125 0.03359375
4 0.365625 0.5625 0.0171875 0.04140625
4 0.3828125 0.5625 0.02109375 0.03359375
4 0.3984375 0.56171875 0.01484375 0.025
4 0.40625 0.5609375 0.0140625 0.0265625
4 0.4171875 0.55703125 0.02109375 0.0265625
6 0.459375 0.55 0.0171875 0.03046875
4 0.465625 0.553125 0.01484375 0.025
4 0.51171875 0.578125 0.09375 0.15859375
4 0.571875 0.5671875 0.0328125 0.05
4 0.590625 0.559375 0.015625 0.0359375
4 0.6328125 0.57421875 0.025 0.05546875
4 0.66640625 0.575 0.06015625 0.08046875
4 0.69375 0.5890625 0.06484375 0.08203125
4 0.75625 0.60546875 0.115625 0.1125
4 0.4265625 0.55546875 0.01171875 0.0265625