4 0.5515625 0.565625 0.00859375 0.0359375
4 0.53671875 0.56875 0.028125 0.0515625
4 0.45234375 0.565625 0.01171875 0.03359375
4 0.38671875 0.5796875 0.03359375 0.05859375
4 0.4890625 0.60234375 0.0765625 0.1359375
4 0.4265625 0.5828125 0.03984375 0.05859375
4 0.34765625 0.59921875 0.06328125 0.07109375
4 0.121875 0.68984375 0.24375 0.2890625
4 0.9703125 0.6125 0.05625 0.078125
5 0.27578125 0.603125 0.0125 0.078125
5 0.26015625 0.5875 0.01171875 0.0640625
5 0.27109375 0.584375 0.00859375 0.07109375
5 0.7203125 0.5828125 0.01171875 0.07890625
5 0.7296875 0.584375 0.01015625 0.075
5 0.74375 0.58671875 0.0125 0.06796875