4 0.9046875 0.596875 0.1890625 0.45703125
4 0.7140625 0.45625 0.26875 0.3109375
4 0.24765625 0.43671875 0.11171875 0.1140625
4 0.37421875 0.4171875 0.0203125 0.03046875
4 0.5359375 0.4375 0.08203125 0.10703125
4 0.1984375 0.41953125 0.0359375 0.06796875
4 0.29765625 0.4234375 0.0234375 0.04609375
4 0.3171875 0.421875 0.01875 0.0375
4 0.325 0.42109375 0.009375 0.0265625
4 0.33203125 0.4234375 0.0109375 0.0265625
4 0.334375 0.41875 0.01796875 0.03046875
4 0.35234375 0.41328125 0.0140625 0.01640625
4 0.3609375 0.40859375 0.00859375 0.015625
4 0.4875 0.4125 0.046875 0.07109375
4 0.45625 0.4109375 0.021875 0.0484375
4 0.440625 0.415625 0.01484375 0.0359375
4 0.43125 0.4078125 0.0109375 0.021875
4 0.42578125 0.40390625 0.0109375 0.01796875
5 0.3859375 0.39140625 0.0109375 0.015625
5 0.3703125 0.396875 0.00859375 0.0125