4 0.08359375 0.60390625 0.1671875 0.29296875
6 0.284375 0.55546875 0.23671875 0.184375
6 0.4421875 0.56953125 0.2421875 0.203125
4 0.5265625 0.5328125 0.04140625 0.0390625
4 0.55234375 0.5265625 0.05703125 0.0484375
4 0.6109375 0.56484375 0.11015625 0.1140625
4 0.7 0.559375 0.0796875 0.09296875
4 0.753125 0.5453125 0.06328125 0.08203125
4 0.7921875 0.5515625 0.021875 0.05859375
4 0.815625 0.55 0.03203125 0.05859375
4 0.8390625 0.54609375 0.015625 0.0390625
4 0.8890625 0.5890625 0.10546875 0.115625
4 0.88359375 0.5015625 0.01796875 0.01796875
6 0.8984375 0.4875 0.01796875 0.0359375
6 0.9109375 0.4671875 0.01796875 0.03203125
4 0.95390625 0.49765625 0.01484375 0.01953125
4 0.953125 0.5 0.0140625 0.01796875
4 0.95625 0.471875 0.01171875 0.0125
4 0.9390625 0.48359375 0.009375 0.01796875
4 0.92421875 0.471875 0.00859375 0.021875
4 0.9421875 0.465625 0.0125 0.02109375
4 0.95625 0.46328125 0.015625 0.0140625
4 0.971875 0.46953125 0.0109375 0.0140625
4 0.8546875 0.52890625 0.015625 0.028125
4 0.93125 0.490625 0.01796875 0.0265625
4 0.9546875 0.4875 0.0109375 0.01640625