4 0.09140625 0.5578125 0.18203125 0.4234375
4 0.2640625 0.38984375 0.05625 0.05859375
4 0.3484375 0.390625 0.06328125 0.08046875
4 0.4390625 0.390625 0.0515625 0.07109375
4 0.2875 0.3796875 0.0234375 0.04296875
4 0.409375 0.3625 0.01953125 0.0375
4 0.421875 0.365625 0.00703125 0.01796875
4 0.4390625 0.35390625 0.03203125 0.009375
4 0.3796875 0.36328125 0.0421875 0.07890625
5 0.68671875 0.37109375 0.015625 0.071875
5 0.203125 0.371875 0.0078125 0.03359375
5 0.315625 0.36484375 0.00625 0.0390625
5 0.5296875 0.36875 0.01171875 0.034375
5 0.6046875 0.34296875 0.0046875 0.0125
4 0.2171875 0.3796875 0.0171875 0.025
5 0.740625 0.36328125 0.02109375 0.084375
5 0.8078125 0.371875 0.02578125 0.1234375
4 0.778125 0.35234375 0.0421875 0.053125
4 0.06640625 0.371875 0.028125 0.03203125