4 0.915625 0.5546875 0.16796875 0.4609375
4 0.19375 0.4515625 0.2078125 0.25546875
4 0.63515625 0.415625 0.10234375 0.1265625
4 0.48359375 0.403125 0.053125 0.08046875
5 0.9546875 0.42109375 0.02421875 0.1265625
5 0.77265625 0.39765625 0.021875 0.08046875
5 0.72734375 0.38203125 0.0109375 0.02890625
4 0.9796875 0.4125 0.03828125 0.08046875
6 0.38046875 0.3796875 0.10625 0.14609375
6 0.3078125 0.390625 0.04765625 0.09453125
4 0.5828125 0.40078125 0.034375 0.0515625
4 0.553125 0.40078125 0.03125 0.04140625
4 0.5125 0.390625 0.0234375 0.04609375
4 0.453125 0.390625 0.01640625 0.04140625
4 0.4375 0.39765625 0.021875 0.04140625