5 0.22578125 0.43046875 0.01796875 0.09609375
5 0.35625 0.48203125 0.01171875 0.05703125
5 0.37578125 0.484375 0.015625 0.06640625
5 0.4015625 0.4828125 0.01171875 0.06796875
5 0.4203125 0.47890625 0.01328125 0.06640625
5 0.446875 0.4859375 0.00625 0.053125
5 0.340625 0.47734375 0.009375 0.07109375
5 0.325 0.45703125 0.01171875 0.04296875
5 0.3078125 0.440625 0.009375 0.025
5 0.07265625 0.42890625 0.03125 0.0640625
5 0.4703125 0.47265625 0.01171875 0.01953125
4 0.4734375 0.5 0.03125 0.0515625
4 0.275 0.49296875 0.11640625 0.0890625
4 0.1296875 0.4890625 0.1875 0.13203125
4 0.02734375 0.609375 0.053125 0.4515625
4 0.51015625 0.50859375 0.07109375 0.0765625
4 0.684375 0.5 0.01171875 0.01640625
4 0.6609375 0.50234375 0.00859375 0.02109375
4 0.6484375 0.5046875 0.01640625 0.01953125
4 0.63046875 0.50078125 0.01640625 0.01953125
4 0.61328125 0.5 0.01328125 0.025
4 0.5984375 0.49765625 0.021875 0.02890625
6 0.7078125 0.490625 0.0421875 0.0984375
4 0.7375 0.50625 0.0140625 0.02890625
6 0.76015625 0.51015625 0.02890625 0.0640625
6 0.77265625 0.5 0.04453125 0.084375
4 0.81171875 0.5296875 0.01953125 0.046875
4 0.83984375 0.534375 0.0515625 0.06796875
4 0.853125 0.54765625 0.03515625 0.0625
4 0.8984375 0.55625 0.07890625 0.1
5 0.1328125 0.41171875 0.01171875 0.02890625
4 0.5625 0.490625 0.03515625 0.04140625