5 0.16875 0.56171875 0.0265625 0.0765625
5 0.70390625 0.56875 0.01015625 0.07109375
4 0.43203125 0.53984375 0.01875 0.0359375
4 0.4203125 0.5453125 0.01875 0.046875
4 0.39375 0.54921875 0.04609375 0.07109375
4 0.3890625 0.55859375 0.0484375 0.053125
4 0.49453125 0.534375 0.01171875 0.02109375
4 0.50625 0.53671875 0.01484375 0.034375
4 0.515625 0.54296875 0.02265625 0.040625
4 0.5328125 0.55234375 0.0359375 0.05703125
4 0.54375 0.55703125 0.046875 0.0625
4 0.85625 0.578125 0.06171875 0.053125
4 0.7734375 0.659375 0.190625 0.17109375
4 0.89921875 0.77578125 0.2015625 0.3734375
4 0.09375 0.7140625 0.1875 0.3515625
4 0.3765625 0.56953125 0.04765625 0.0609375
4 0.5609375 0.571875 0.0546875 0.0609375