5 0.0765625 0.46171875 0.025 0.11796875
5 0.0984375 0.46171875 0.02734375 0.11796875
4 0.6515625 0.4578125 0.025 0.0484375
4 0.52421875 0.43359375 0.0140625 0.03203125
5 0.790625 0.4734375 0.015625 0.075
4 0.4234375 0.44765625 0.01484375 0.03046875
4 0.4171875 0.4515625 0.01953125 0.03046875
4 0.4046875 0.45234375 0.0203125 0.04609375
4 0.3796875 0.453125 0.040625 0.05
4 0.53984375 0.46015625 0.03671875 0.05546875
4 0.3203125 0.48359375 0.10078125 0.1265625
4 0.47421875 0.47265625 0.10078125 0.18359375
4 0.5984375 0.48125 0.090625 0.13046875