5 0.1671875 0.67109375 0.028125 0.09453125
5 0.046875 0.675 0.02265625 0.084375
5 0.2078125 0.68046875 0.0140625 0.0640625
5 0.225 0.69296875 0.01328125 0.0640625
5 0.3046875 0.66953125 0.02421875 0.19140625
5 0.2515625 0.73828125 0.12265625 0.39609375
5 0.34140625 0.7375 0.0703125 0.4375
5 0.384375 0.7421875 0.1109375 0.5109375
4 0.4359375 0.646875 0.0390625 0.0640625
4 0.478125 0.65 0.0671875 0.084375
4 0.6953125 0.6203125 0.02421875 0.03203125
4 0.753125 0.6078125 0.0796875 0.04296875
5 0.853125 0.5484375 0.06328125 0.14609375
5 0.9140625 0.546875 0.06015625 0.1484375
4 0.80625 0.5984375 0.021875 0.0390625