4 0.39296875 0.625 0.04609375 0.04453125
4 0.4265625 0.6421875 0.01875 0.015625
4 0.93046875 0.675 0.13671875 0.0765625
4 0.053125 0.584375 0.08828125 0.0890625
4 0.0203125 0.57890625 0.040625 0.0828125
4 0.5609375 0.590625 0.16953125 0.265625
5 0.240625 0.60078125 0.01640625 0.078125
5 0.3296875 0.61875 0.0125 0.053125
5 0.3140625 0.62109375 0.0125 0.05
5 0.3046875 0.62265625 0.0078125 0.040625
5 0.34765625 0.61796875 0.01640625 0.05390625
5 0.16875 0.5984375 0.01875 0.0765625
5 0.13671875 0.56875 0.034375 0.12890625
5 0.25625 0.59921875 0.01796875 0.0890625