4 0.29609375 0.6375 0.01953125 0.0234375
4 0.2828125 0.6359375 0.0203125 0.01640625
4 0.2703125 0.6359375 0.02265625 0.025
4 0.2578125 0.64375 0.01640625 0.028125
4 0.2296875 0.65 0.04765625 0.04453125
6 0.096875 0.628125 0.11796875 0.1125
4 0.06328125 0.81953125 0.1265625 0.35390625
4 0.4390625 0.634375 0.01796875 0.02890625
4 0.521875 0.640625 0.021875 0.04296875
4 0.465625 0.640625 0.040625 0.05546875
4 0.54921875 0.6578125 0.06015625 0.09453125
4 0.36953125 0.66328125 0.1328125 0.203125
5 0.671875 0.6296875 0.02265625 0.09453125