5 0.3734375 0.52109375 0.01875 0.07890625
5 0.6234375 0.521875 0.02265625 0.071875
5 0.6640625 0.5 0.01484375 0.04140625
5 0.65 0.5140625 0.01328125 0.0515625
5 0.6109375 0.52265625 0.01484375 0.07890625
5 0.58359375 0.5140625 0.009375 0.028125
5 0.575 0.51484375 0.0078125 0.03046875
5 0.3375 0.5171875 0.01171875 0.0640625
5 0.06796875 0.55859375 0.03828125 0.178125
5 0.0203125 0.55625 0.03984375 0.215625
4 0.5625 0.521875 0.02734375 0.06796875
4 0.11484375 0.5171875 0.16640625 0.1234375
4 0.9890625 0.49375 0.02109375 0.10546875
4 0.81875 0.5828125 0.3609375 0.4984375
4 0.471875 0.603125 0.18984375 0.309375