4 0.38515625 0.33046875 0.0328125 0.01953125
4 0.4421875 0.33671875 0.03046875 0.0140625
4 0.4640625 0.34140625 0.0203125 0.02109375
4 0.50234375 0.34921875 0.03203125 0.0265625
4 0.5125 0.41484375 0.04609375 0.0515625
4 0.346875 0.415625 0.01953125 0.0265625
4 0.14375 0.4046875 0.0671875 0.08203125
4 0.0921875 0.421875 0.08203125 0.090625
4 0.31875 0.41171875 0.04609375 0.05390625
4 0.5671875 0.46484375 0.08984375 0.13203125
4 0.4125 0.47109375 0.1296875 0.2234375
6 0.253125 0.38671875 0.0734375 0.09296875
4 0.0296875 0.425 0.059375 0.109375
5 0.759375 0.46796875 0.03828125 0.1390625