4 0.39921875 0.3671875 0.01328125 0.02109375
4 0.3859375 0.365625 0.01328125 0.0234375
4 0.371875 0.36875 0.021875 0.0234375
4 0.41484375 0.3671875 0.01875 0.02109375
4 0.4359375 0.36875 0.01015625 0.0234375
4 0.33515625 0.3703125 0.02578125 0.02109375
4 0.55 0.36796875 0.01328125 0.01640625
4 0.534375 0.36796875 0.0171875 0.0234375
6 0.525 0.3625 0.00859375 0.025
6 0.5140625 0.3609375 0.015625 0.03359375
4 0.51484375 0.3671875 0.01171875 0.02109375
4 0.49765625 0.3765625 0.02890625 0.0484375
4 0.4640625 0.37890625 0.05 0.0734375
4 0.19296875 0.42890625 0.26484375 0.271875