5 0.271875 0.3875 0.015625 0.04609375
5 0.284375 0.3859375 0.01015625 0.02890625
5 0.2546875 0.3875 0.00859375 0.04609375
5 0.2484375 0.390625 0.00859375 0.0359375
4 0.2875 0.3859375 0.0203125 0.02890625
4 0.43671875 0.36015625 0.009375 0.02109375
4 0.42578125 0.371875 0.01640625 0.0265625
4 0.41875 0.38828125 0.025 0.05
4 0.3890625 0.39296875 0.046875 0.0734375
4 0.05 0.4578125 0.1 0.1140625
4 0.5140625 0.471875 0.20078125 0.278125
5 0.5734375 0.34765625 0.0109375 0.046875
5 0.57890625 0.346875 0.00859375 0.04609375
5 0.5984375 0.365625 0.0375 0.1109375
5 0.7765625 0.3609375 0.03515625 0.1390625
4 0.33984375 0.415625 0.0828125 0.1265625