4 0.0328125 0.41875 0.0625 0.165625
4 0.93125 0.54609375 0.13515625 0.3234375
4 0.353125 0.47578125 0.1953125 0.3234375
4 0.228125 0.43203125 0.12421875 0.19140625
4 0.4203125 0.40078125 0.075 0.16796875
4 0.4078125 0.3421875 0.04921875 0.0265625
4 0.32265625 0.371875 0.03671875 0.03203125
4 0.2734375 0.3703125 0.04609375 0.0484375
6 0.3171875 0.321875 0.0734375 0.0875
6 0.596875 0.36171875 0.0546875 0.1234375
6 0.89375 0.31015625 0.21015625 0.3609375
4 0.7203125 0.41015625 0.14375 0.20703125
5 0.5640625 0.39609375 0.02890625 0.15859375
5 0.5234375 0.39765625 0.02890625 0.1140625
5 0.47421875 0.3765625 0.01796875 0.0609375
5 0.575 0.38984375 0.01875 0.14609375
5 0.5421875 0.38125 0.01875 0.1484375
5 0.5109375 0.38984375 0.0203125 0.13046875