4 0.34375 0.63046875 0.04921875 0.0640625
4 0.48671875 0.5890625 0.021875 0.05703125
4 0.4234375 0.6046875 0.11328125 0.18359375
4 0.0875 0.61640625 0.175 0.2546875
4 0.0625 0.77265625 0.125 0.3484375
5 0.56875 0.60546875 0.01640625 0.09140625
5 0.64921875 0.5828125 0.009375 0.02890625
5 0.628125 0.5921875 0.0109375 0.028125
5 0.6171875 0.5921875 0.009375 0.0234375
5 0.5890625 0.59921875 0.009375 0.02890625
5 0.6015625 0.609375 0.01640625 0.0875
4 0.9515625 0.58125 0.0953125 0.10390625
5 0.8640625 0.58125 0.01796875 0.0875
5 0.77734375 0.57109375 0.0265625 0.12109375
5 0.7484375 0.57421875 0.0421875 0.17890625
5 0.70625 0.57265625 0.034375 0.18046875
5 0.834375 0.590625 0.0515625 0.22109375