4 0.3140625 0.775 0.0296875 0.0640625
4 0.36484375 0.7734375 0.015625 0.03046875
4 0.38046875 0.771875 0.025 0.0484375
4 0.4171875 0.775 0.05546875 0.0890625
5 0.5375 0.76875 0.0203125 0.0765625
5 0.5125 0.775 0.0203125 0.08046875
5 0.47578125 0.77265625 0.01171875 0.0515625
5 0.45859375 0.75078125 0.00859375 0.0484375
5 0.571875 0.76328125 0.01640625 0.07890625
5 0.60078125 0.7296875 0.03125 0.09453125
4 0.01875 0.78203125 0.03671875 0.11796875
4 0.1609375 0.8390625 0.32109375 0.31953125
4 0.75390625 0.853125 0.40546875 0.290625