5 0.784375 0.54765625 0.03984375 0.10390625
5 0.74453125 0.5375 0.0265625 0.10390625
5 0.678125 0.546875 0.0234375 0.1015625
5 0.6515625 0.503125 0.0171875 0.05546875
5 0.9 0.51875 0.021875 0.1
5 0.8796875 0.51640625 0.028125 0.09140625
5 0.83984375 0.52109375 0.0328125 0.10859375
5 0.8109375 0.52734375 0.02421875 0.1
5 0.7640625 0.52265625 0.021875 0.0875
5 0.73125 0.54453125 0.01875 0.09296875
5 0.7171875 0.52109375 0.01953125 0.0875
5 0.70390625 0.5125 0.0140625 0.05859375
5 0.69296875 0.53515625 0.01953125 0.10390625
5 0.68515625 0.49765625 0.009375 0.02890625
5 0.66875 0.50390625 0.0125 0.05859375
5 0.63671875 0.51328125 0.01484375 0.0515625
5 0.61796875 0.5109375 0.0125 0.0640625
5 0.62265625 0.509375 0.0078125 0.046875
4 0.51171875 0.49140625 0.0265625 0.00859375
4 0.478125 0.5046875 0.01640625 0.021875
4 0.4546875 0.5046875 0.01171875 0.01796875
4 0.36953125 0.51328125 0.0234375 0.01796875
4 0.2234375 0.525 0.01953125 0.02109375
4 0.2421875 0.52109375 0.021875 0.01640625
4 0.25625 0.52109375 0.0125 0.01640625
4 0.13125 0.54140625 0.0375 0.03359375
4 0.10078125 0.5484375 0.02890625 0.0265625
4 0.3484375 0.5125 0.01953125 0.01640625
4 0.3234375 0.515625 0.02109375 0.021875
4 0.29609375 0.5296875 0.03359375 0.0390625
4 0.4640625 0.5125 0.0171875 0.025
4 0.5265625 0.57578125 0.12265625 0.1640625
4 0.1890625 0.56015625 0.08984375 0.09609375
4 0.0328125 0.559375 0.065625 0.084375