4 0.4453125 0.45546875 0.01953125 0.0359375
4 0.4265625 0.44765625 0.01953125 0.03046875
4 0.4609375 0.4828125 0.03671875 0.0640625
4 0.38359375 0.4765625 0.03125 0.04296875
4 0.50234375 0.50859375 0.08515625 0.1140625
4 0.375 0.4890625 0.03671875 0.0515625
4 0.36484375 0.5015625 0.02734375 0.0640625
4 0.3453125 0.515625 0.05625 0.10390625
4 0.390625 0.4578125 0.02734375 0.0359375
4 0.41875 0.45390625 0.021875 0.034375
4 0.31875 0.53046875 0.0859375 0.11796875
4 0.159375 0.62265625 0.2625 0.3
5 0.4125 0.484375 0.01953125 0.0640625
6 0.6140625 0.4609375 0.171875 0.415625
4 0.85546875 0.665625 0.2890625 0.571875