5 0.95625 0.5375 0.0234375 0.03046875
5 0.9578125 0.54921875 0.0125 0.06953125
5 0.85703125 0.53671875 0.01640625 0.05859375
5 0.81015625 0.540625 0.01015625 0.08203125
5 0.8 0.54609375 0.0125 0.1015625
5 0.81953125 0.5453125 0.01484375 0.09453125
5 0.771875 0.5171875 0.0140625 0.034375
5 0.78046875 0.55859375 0.02578125 0.10546875
5 0.7140625 0.5296875 0.0140625 0.071875
5 0.7234375 0.540625 0.0234375 0.09453125
5 0.6390625 0.5265625 0.028125 0.09453125
5 0.546875 0.521875 0.01640625 0.06796875
5 0.49453125 0.521875 0.0171875 0.0515625
5 0.475 0.51796875 0.01484375 0.05390625
4 0.5640625 0.5171875 0.06875 0.0625
5 0.590625 0.521875 0.01484375 0.04609375
4 0.259375 0.51796875 0.053125 0.05859375
4 0.378125 0.54765625 0.10234375 0.18359375
4 0.2140625 0.5625 0.08359375 0.1375
6 0.74375 0.503125 0.06953125 0.08203125
4 0.2984375 0.71171875 0.3203125 0.5265625
6 0.0984375 0.4984375 0.19453125 0.996875