4 0.5359375 0.55859375 0.01328125 0.0234375
4 0.521875 0.55859375 0.0140625 0.01953125
4 0.475 0.55546875 0.01953125 0.025
4 0.4640625 0.578125 0.03359375 0.046875
6 0.5015625 0.55 0.03515625 0.075
4 0.36875 0.57578125 0.053125 0.0625
4 0.40859375 0.609375 0.11015625 0.18203125
4 0.2921875 0.58828125 0.0921875 0.09140625
5 0.128125 0.6 0.0265625 0.1109375
5 0.146875 0.57578125 0.0203125 0.07109375
5 0.0078125 0.634375 0.015625 0.18125
5 0.034375 0.59609375 0.03125 0.115625
4 0.196875 0.61015625 0.10546875 0.11953125
5 0.69375 0.565625 0.01171875 0.02890625
5 0.6859375 0.56171875 0.01171875 0.02890625
4 0.6375 0.6078125 0.10546875 0.14296875
4 0.8546875 0.74921875 0.2890625 0.40546875