5 0.17734375 0.52421875 0.0125 0.0484375
5 0.2703125 0.553125 0.03125 0.14296875
5 0.2765625 0.5953125 0.0515625 0.16640625
5 0.24296875 0.57109375 0.02890625 0.15546875
5 0.378125 0.52109375 0.01484375 0.0640625
5 0.853125 0.553125 0.03125 0.08359375
5 0.8234375 0.56640625 0.021875 0.09453125
5 0.6421875 0.5609375 0.01484375 0.096875
5 0.390625 0.590625 0.06328125 0.209375
5 0.471875 0.6015625 0.04140625 0.20390625
5 0.4984375 0.59375 0.02734375 0.22109375
5 0.6203125 0.621875 0.0515625 0.2734375
5 0.68671875 0.5640625 0.01953125 0.09609375
5 0.70546875 0.56484375 0.0203125 0.09453125
5 0.728125 0.559375 0.02421875 0.109375
4 0.40703125 0.52421875 0.0140625 0.02890625
4 0.4234375 0.525 0.02421875 0.034375
4 0.4390625 0.534375 0.025 0.04453125
4 0.4796875 0.528125 0.02265625 0.03203125
4 0.50625 0.53515625 0.01640625 0.034375
4 0.5328125 0.553125 0.06171875 0.07109375
4 0.20078125 0.52734375 0.03671875 0.03046875
4 0.28125 0.52421875 0.02890625 0.0359375
4 0.03828125 0.5421875 0.0609375 0.0484375
4 0.1421875 0.70546875 0.28359375 0.53046875
4 0.86875 0.7484375 0.259375 0.35390625
4 0.94453125 0.5453125 0.1078125 0.08046875