4 0.5265625 0.63828125 0.0359375 0.05390625
4 0.85546875 0.6671875 0.1203125 0.1125
4 0.078125 0.64296875 0.07578125 0.084375
4 0.02734375 0.6484375 0.0546875 0.0984375
4 0.95078125 0.65859375 0.09609375 0.1
4 0.221875 0.63046875 0.0484375 0.05390625
4 0.3046875 0.6203125 0.03046875 0.0390625
4 0.3328125 0.625 0.0328125 0.04296875
4 0.38125 0.6171875 0.0171875 0.01796875
4 0.434375 0.6125 0.0140625 0.01796875
4 0.396875 0.6140625 0.01171875 0.02109375
6 0.578125 0.653125 0.090625 0.134375
4 0.46640625 0.609375 0.01015625 0.02109375
6 0.45390625 0.603125 0.0140625 0.0359375