6 0.4453125 0.471875 0.0109375 0.01796875
4 0.434375 0.48359375 0.0078125 0.00859375
4 0.4171875 0.49296875 0.009375 0.0140625
4 0.4640625 0.47734375 0.01015625 0.0140625
4 0.4046875 0.49375 0.01796875 0.0265625
4 0.4265625 0.49765625 0.01796875 0.0234375
4 0.4484375 0.49296875 0.01875 0.025
4 0.4734375 0.48828125 0.0109375 0.01796875
6 0.49296875 0.48046875 0.01796875 0.025
4 0.50859375 0.5015625 0.02265625 0.0375
4 0.53125 0.5015625 0.0203125 0.03359375
4 0.321875 0.5015625 0.02890625 0.0484375
4 0.30234375 0.5046875 0.04140625 0.0515625
4 0.2625 0.51484375 0.06484375 0.0609375
4 0.0171875 0.47421875 0.03359375 0.06953125
4 0.20234375 0.50078125 0.01875 0.04453125
4 0.21796875 0.49921875 0.0109375 0.028125
4 0.2375 0.49609375 0.01875 0.028125
4 0.39375 0.4890625 0.00859375 0.01640625
4 0.38359375 0.48203125 0.01484375 0.01640625
4 0.37734375 0.48984375 0.01328125 0.0265625