4 0.428125 0.50625 0.01796875 0.03203125
4 0.47890625 0.515625 0.01875 0.03046875
4 0.4984375 0.528125 0.028125 0.0390625
4 0.55 0.528125 0.01484375 0.040625
4 0.45625 0.53125 0.04296875 0.05
4 0.5265625 0.534375 0.046875 0.078125
5 0.125 0.51171875 0.03203125 0.134375
5 0.1609375 0.51328125 0.03203125 0.1390625
5 0.19765625 0.51171875 0.0359375 0.1484375
5 0.66171875 0.553125 0.00703125 0.0390625
5 0.66953125 0.553125 0.009375 0.0390625
5 0.634375 0.540625 0.0046875 0.0375
5 0.628125 0.53984375 0.0046875 0.03203125
4 0.74765625 0.56328125 0.0609375 0.040625
4 0.5953125 0.5453125 0.053125 0.0734375