5 0.1765625 0.58671875 0.0171875 0.06796875
5 0.2125 0.5875 0.0125 0.075
5 0.2 0.59375 0.01484375 0.075
5 0.2328125 0.5984375 0.01953125 0.06640625
5 0.27890625 0.58828125 0.0109375 0.05859375
5 0.4 0.57421875 0.00390625 0.0234375
5 0.415625 0.584375 0.0015625 0.02109375
5 0.409375 0.57890625 0.00390625 0.0234375
5 0.684375 0.61015625 0.01171875 0.053125
4 0.0796875 0.78046875 0.15625 0.31953125
4 0.475 0.6609375 0.09296875 0.1484375
6 0.8578125 0.49921875 0.28125 0.99296875
4 0.3765625 0.61640625 0.05859375 0.09140625
4 0.44140625 0.5875 0.02265625 0.04296875
4 0.62265625 0.6328125 0.02421875 0.07109375
4 0.46171875 0.57734375 0.00703125 0.021875
4 0.47890625 0.57265625 0.01171875 0.0140625
4 0.496875 0.57734375 0.01171875 0.0125
4 0.50859375 0.5890625 0.0078125 0.01640625
4 0.1953125 0.58984375 0.07109375 0.040625