4 0.49296875 0.440625 0.021875 0.01640625
4 0.4921875 0.4625 0.02421875 0.0359375
6 0.58671875 0.440625 0.0234375 0.05546875
4 0.5421875 0.48046875 0.09296875 0.1890625
4 0.45546875 0.48671875 0.04765625 0.065625
4 0.415625 0.4703125 0.04609375 0.0359375
4 0.36796875 0.48203125 0.05625 0.08046875
4 0.6640625 0.49296875 0.14453125 0.29140625
4 0.9015625 0.5390625 0.1953125 0.24609375
4 0.29296875 0.459375 0.0328125 0.071875
5 0.3484375 0.4625 0.00703125 0.0265625
5 0.3453125 0.4671875 0.009375 0.0359375
5 0.3390625 0.4734375 0.0078125 0.0390625
5 0.3328125 0.47109375 0.0078125 0.0390625
5 0.3265625 0.46875 0.00546875 0.03359375
5 0.315625 0.45625 0.0078125 0.0234375
5 0.321875 0.475 0.0125 0.05546875
5 0.290625 0.48046875 0.009375 0.05859375
5 0.28203125 0.484375 0.01796875 0.075
5 0.27109375 0.465625 0.009375 0.0265625
5 0.26640625 0.478125 0.01875 0.0625
5 0.259375 0.4796875 0.0109375 0.0515625
5 0.2421875 0.471875 0.0109375 0.05546875
5 0.2296875 0.4671875 0.0125 0.0359375
5 0.21171875 0.48046875 0.01328125 0.08203125
5 0.2203125 0.48984375 0.01796875 0.084375
5 0.2046875 0.49140625 0.01484375 0.075
5 0.1953125 0.490625 0.01640625 0.078125
5 0.17890625 0.490625 0.01640625 0.0875
5 0.1890625 0.49765625 0.02578125 0.1015625
5 0.1640625 0.5015625 0.02578125 0.1140625
5 0.11484375 0.4953125 0.02734375 0.1015625
5 0.0890625 0.5015625 0.01796875 0.109375
5 0.0875 0.50625 0.01640625 0.1234375
5 0.06875 0.5078125 0.01328125 0.096875
5 0.078125 0.51328125 0.01640625 0.1140625
5 0.0125 0.503125 0.02421875 0.1109375
5 0.728125 0.446875 0.009375 0.0484375
5 0.7375 0.44609375 0.01328125 0.0515625
5 0.771875 0.44453125 0.0125 0.053125
5 0.759375 0.44921875 0.0078125 0.0484375
5 0.765625 0.4640625 0.01484375 0.078125
5 0.79609375 0.4703125 0.01875 0.090625
5 0.8140625 0.4640625 0.0203125 0.0875
5 0.8421875 0.44453125 0.01796875 0.06796875
5 0.85625 0.425 0.0125 0.0484375
5 0.88828125 0.4140625 0.01640625 0.0265625
5 0.9765625 0.40390625 0.01875 0.0265625