4 0.221875 0.50390625 0.01171875 0.01015625
4 0.228125 0.5046875 0.01328125 0.0078125
4 0.290625 0.50625 0.00625 0.0078125
4 0.8375 0.503125 0.0125 0.02109375
6 0.5734375 0.4703125 0.45859375 0.4765625
6 0.24765625 0.50234375 0.01875 0.0125
6 0.10703125 0.5015625 0.0125 0.00859375
4 0.20625 0.5046875 0.01171875 0.0078125
4 0.3390625 0.50625 0.01171875 0.01015625
4 0.8390625 0.50859375 0.00390625 0.01484375
6 0.13984375 0.5015625 0.0125 0.0078125
4 0.2796875 0.50546875 0.01640625 0.00859375
4 0.828125 0.51171875 0.0234375 0.0234375
4 0.24375 0.77265625 0.4875 0.45234375
4 0.19921875 0.503125 0.0125 0.00859375
4 0.26875 0.50625 0.00625 0.0078125
6 0.88125 0.49296875 0.05234375 0.08359375
4 0.840625 0.50859375 0.00390625 0.0125
5 0.8515625 0.509375 0.00625 0.02109375