4 0.2359375 0.5109375 0.01328125 0.00859375
4 0.1859375 0.5078125 0.00859375 0.00625
4 0.2140625 0.5109375 0.01328125 0.00859375
4 0.30625 0.5140625 0.0078125 0.0078125
4 0.8390625 0.51953125 0.01171875 0.01875
6 0.5875 0.4578125 0.43828125 0.42265625
6 0.26171875 0.509375 0.01875 0.0140625
6 0.0953125 0.50546875 0.01171875 0.00859375
4 0.1953125 0.5109375 0.01015625 0.00625
4 0.8390625 0.525 0.00390625 0.01484375
6 0.13984375 0.5046875 0.0125 0.0078125
4 0.2609375 0.51171875 0.01484375 0.00859375
4 0.828125 0.528125 0.0234375 0.0234375
4 0.309375 0.76796875 0.61875 0.4609375
4 0.20859375 0.50859375 0.0125 0.01015625
4 0.284375 0.51328125 0.0078125 0.00859375
6 0.88125 0.5109375 0.05234375 0.08359375
4 0.8390625 0.51953125 0.01796875 0.00859375
4 0.840625 0.52421875 0.00390625 0.0140625
5 0.8140625 0.5265625 0.00625 0.0265625