4 0.240625 0.5140625 0.01328125 0.01015625
4 0.18828125 0.51171875 0.009375 0.00625
4 0.2109375 0.5140625 0.01328125 0.00859375
4 0.31328125 0.5171875 0.0078125 0.0078125
4 0.8390625 0.52265625 0.01171875 0.0203125
6 0.5875 0.4609375 0.43828125 0.41875
6 0.26640625 0.51328125 0.01875 0.0140625
6 0.090625 0.509375 0.01484375 0.00859375
4 0.8390625 0.528125 0.00546875 0.01640625
6 0.1421875 0.509375 0.01171875 0.00859375
4 0.25625 0.515625 0.01484375 0.00859375
4 0.828125 0.53046875 0.0234375 0.0234375
4 0.3109375 0.7703125 0.621875 0.45625
4 0.2109375 0.51171875 0.01484375 0.00859375
4 0.28984375 0.5171875 0.0078125 0.00859375
6 0.88125 0.5140625 0.05234375 0.08515625
4 0.821875 0.521875 0.00546875 0.00625
4 0.84140625 0.52734375 0.0046875 0.0125
5 0.8234375 0.5296875 0.00859375 0.02734375
5 0.9296875 0.528125 0.00546875 0.01875