4 0.22734375 0.5046875 0.0125 0.00859375
4 0.18046875 0.5015625 0.009375 0.00625
4 0.2234375 0.5046875 0.0140625 0.00859375
4 0.29609375 0.50625 0.0078125 0.0078125
4 0.8375 0.503125 0.01171875 0.02109375
6 0.5875 0.46796875 0.4390625 0.46875
6 0.25234375 0.5015625 0.01875 0.0140625
4 0.1640625 0.5015625 0.01015625 0.00625
6 0.103125 0.5015625 0.01171875 0.0078125
4 0.203125 0.5046875 0.01171875 0.0078125
4 0.3421875 0.50625 0.00859375 0.01015625
4 0.8390625 0.50859375 0.00390625 0.01484375
6 0.13984375 0.49921875 0.0125 0.00625
4 0.2734375 0.5046875 0.01640625 0.01015625
4 0.828125 0.51171875 0.0234375 0.0234375
4 0.29609375 0.7640625 0.5921875 0.46875
4 0.203125 0.503125 0.01484375 0.00859375
6 0.88125 0.49296875 0.05234375 0.08359375