4 0.1453125 0.534375 0.01640625 0.0109375
4 0.07578125 0.53359375 0.0125 0.01015625
4 0.0796875 0.534375 0.015625 0.00859375
4 0.2390625 0.5359375 0.01015625 0.01015625
4 0.7359375 0.5296875 0.00859375 0.0171875
6 0.5140625 0.46875 0.4 0.41484375
6 0.18125 0.53203125 0.02421875 0.01640625
4 0.053125 0.53203125 0.0140625 0.00625
4 0.7265625 0.53359375 0.02109375 0.0203125
4 0.30625 0.5359375 0.01484375 0.01015625
6 0.0125 0.53125 0.0171875 0.01015625
4 0.13046875 0.53515625 0.0171875 0.01015625
4 0.7265625 0.53828125 0.01953125 0.02109375
4 0.29296875 0.77734375 0.5859375 0.4421875
4 0.1078125 0.5328125 0.01796875 0.0109375
4 0.2109375 0.5359375 0.01015625 0.00859375
6 0.7703125 0.52109375 0.04375 0.075
4 0.025 0.5328125 0.00703125 0.00625
5 0.9921875 0.5640625 0.01328125 0.1234375
5 0.746875 0.54609375 0.00390625 0.0078125
5 0.746875 0.53828125 0.00703125 0.0265625