4 0.72890625 0.50234375 0.0125 0.0078125
4 0.8984375 0.5078125 0.03203125 0.01640625
4 0.903125 0.5078125 0.02890625 0.0140625
4 0.7890625 0.50703125 0.00859375 0.00859375
6 0.4984375 0.465625 0.15546875 0.30859375
4 0.1421875 0.6703125 0.28359375 0.31875
6 0.75078125 0.50234375 0.01875 0.01484375
4 0.6953125 0.503125 0.00703125 0.00625
6 0.70625 0.5015625 0.0140625 0.01015625
4 0.8421875 0.5078125 0.02265625 0.0109375
4 0.85703125 0.5078125 0.015625 0.0109375
4 0.796875 0.50703125 0.0171875 0.0109375
6 0.6828125 0.5015625 0.0109375 0.0078125
6 0.625 0.4984375 0.01484375 0.00625
4 0.715625 0.5015625 0.00546875 0.00625
4 0.7703125 0.50625 0.00703125 0.0078125
6 0.3796875 0.528125 0.0828125 0.0984375