4 0.75703125 0.503125 0.0140625 0.00859375
4 0.7328125 0.50234375 0.009375 0.0078125
4 0.98203125 0.5109375 0.034375 0.01640625
4 0.8234375 0.5078125 0.0109375 0.01015625
6 0.5 0.46953125 0.140625 0.28125
6 0.76875 0.50078125 0.00546875 0.0109375
4 0.290625 0.5765625 0.17265625 0.14375
4 0.72421875 0.50390625 0.0109375 0.0078125
6 0.784375 0.5015625 0.02421875 0.0125
4 0.93828125 0.509375 0.021875 0.0140625
4 0.91953125 0.51015625 0.03125 0.01484375
6 0.69921875 0.5015625 0.0125 0.0109375
6 0.5796875 0.4984375 0.01640625 0.00859375
4 0.74453125 0.503125 0.0140625 0.00859375
4 0.3875 0.5390625 0.07109375 0.0828125
5 0.33671875 0.5015625 0.0109375 0.02109375
5 0.57578125 0.52265625 0.0046875 0.025