4 0.840625 0.50546875 0.00546875 0.00859375
4 0.4984375 0.50703125 0.01171875 0.01640625
6 0.28125 0.54453125 0.22265625 0.22890625
4 0.1625 0.5296875 0.09375 0.0453125
4 0.7984375 0.50546875 0.01328125 0.00625
6 0.778125 0.50078125 0.009375 0.0140625
5 0.53515625 0.528125 0.0140625 0.06875
5 0.48515625 0.5421875 0.0109375 0.04609375
5 0.428125 0.5296875 0.01171875 0.0765625
5 0.5609375 0.528125 0.03046875 0.0859375
5 0.55 0.509375 0.00625 0.0265625
5 0.5734375 0.5140625 0.00546875 0.03984375
5 0.40859375 0.528125 0.025 0.07109375
5 0.5890625 0.5265625 0.01484375 0.0859375
5 0.53125 0.54453125 0.00703125 0.0390625