4 0.85625 0.5078125 0.0328125 0.0078125
4 0.15703125 0.6625 0.3140625 0.26484375
4 0.496875 0.5078125 0.00703125 0.0203125
6 0.33125 0.5328125 0.15390625 0.1765625
4 0.0984375 0.52734375 0.05078125 0.0375
4 0.79921875 0.50546875 0.0109375 0.00625
6 0.77890625 0.50078125 0.0109375 0.0140625
5 0.4390625 0.5265625 0.02265625 0.07109375
5 0.5625 0.54375 0.01640625 0.0578125
5 0.53125 0.528125 0.01015625 0.07109375
5 0.6375 0.5328125 0.0203125 0.10390625
5 0.5484375 0.5046875 0.00546875 0.0171875
5 0.58828125 0.515625 0.009375 0.04609375
5 0.5015625 0.52265625 0.0125 0.0671875
5 0.59609375 0.546875 0.0109375 0.05390625