4 0.44375 0.5078125 0.025 0.0125
4 0.16640625 0.63671875 0.3328125 0.21875
4 0.5 0.5078125 0.01328125 0.02109375
4 0.4140625 0.5265625 0.01171875 0.03125
6 0.33359375 0.5328125 0.15 0.1765625
4 0.840625 0.50390625 0.00546875 0.0125
4 0.48828125 0.5078125 0.0125 0.0109375
4 0.86875 0.5078125 0.00390625 0.0078125
6 0.78359375 0.50078125 0.0203125 0.01640625
5 0.14140625 0.5203125 0.021875 0.06875
5 0.64296875 0.553125 0.015625 0.07109375
5 0.55625 0.51875 0.01171875 0.0546875
5 0.8140625 0.56171875 0.06328125 0.19140625
5 0.5453125 0.5078125 0.00390625 0.0234375
5 0.6078125 0.51875 0.01484375 0.06015625
5 0.2578125 0.51015625 0.01484375 0.03515625
5 0.68125 0.559375 0.0203125 0.07109375