4 0.840625 0.50546875 0.00546875 0.00859375
4 0.4984375 0.5078125 0.0109375 0.01484375
6 0.30546875 0.5390625 0.1890625 0.20234375
4 0.1671875 0.5296875 0.12109375 0.0453125
4 0.79765625 0.50546875 0.0125 0.00625
6 0.77890625 0.50078125 0.0109375 0.0140625
5 0.515625 0.50625 0.0046875 0.02734375
5 0.4640625 0.50625 0.00390625 0.01015625
5 0.5 0.5375 0.0046875 0.0375
5 0.4515625 0.5296875 0.01171875 0.0765625
5 0.58203125 0.5296875 0.0265625 0.0859375
5 0.54921875 0.509375 0.00625 0.0265625
5 0.56953125 0.525 0.0140625 0.08515625
5 0.546875 0.5515625 0.0125 0.05234375
5 0.9015625 0.50390625 0.00390625 0.01484375