4 0.440625 0.50703125 0.0234375 0.0109375
4 0.16640625 0.6359375 0.3328125 0.21875
4 0.49921875 0.5078125 0.0125 0.01875
4 0.4140625 0.5265625 0.0125 0.0328125
6 0.33359375 0.5328125 0.15 0.1765625
4 0.48203125 0.5078125 0.0203125 0.0125
6 0.7875 0.50078125 0.02734375 0.01640625
5 0.1578125 0.5125 0.02265625 0.0546875
5 0.27890625 0.5 0.009375 0.02734375
5 0.653125 0.5546875 0.0171875 0.075
5 0.55859375 0.5171875 0.0109375 0.0546875
5 0.8625 0.56796875 0.05234375 0.2140625
5 0.54453125 0.5078125 0.0046875 0.02265625
5 0.6125 0.51953125 0.0125 0.0609375
5 0.25625 0.5109375 0.0140625 0.03359375
5 0.69921875 0.5625 0.015625 0.075