4 0.840625 0.50546875 0.00546875 0.00859375
4 0.48125 0.50625 0.02265625 0.01484375
6 0.078125 0.5515625 0.15546875 0.5640625
4 0.30078125 0.53125 0.1171875 0.04765625
4 0.15703125 0.52421875 0.0390625 0.05625
6 0.73359375 0.4984375 0.0234375 0.01015625
5 0.5578125 0.52109375 0.01484375 0.06484375
5 0.43125 0.5453125 0.015625 0.05390625
5 0.3453125 0.53125 0.0125 0.0828125
5 0.48671875 0.52890625 0.0140625 0.075
5 0.55 0.51015625 0.0046875 0.0296875
5 0.5703125 0.5125 0.00703125 0.0375
5 0.48125 0.5328125 0.0125 0.05859375
5 0.6328125 0.53359375 0.02109375 0.1046875
5 0.465625 0.55 0.00703125 0.05234375