3 0.50390625 0.49296875 0.1859375 0.34921875
3 0.0578125 0.10859375 0.03125 0.059375
3 0.28671875 0.09765625 0.02265625 0.0515625
3 0.45078125 0.090625 0.0203125 0.04453125
3 0.5734375 0.084375 0.01328125 0.04453125
3 0.67109375 0.07734375 0.01640625 0.0375
3 0.7484375 0.075 0.00703125 0.03359375
3 0.8125 0.0734375 0.0109375 0.02109375
3 0.86484375 0.06796875 0.01171875 0.025
3 0.91171875 0.0671875 0.01171875 0.021875
3 0.95078125 0.0640625 0.009375 0.021875
3 0.984375 0.06328125 0.0109375 0.01953125