3 0.49609375 0.49296875 0.1859375 0.34921875
3 0.9421875 0.10859375 0.03125 0.059375
3 0.71328125 0.09765625 0.02265625 0.0515625
3 0.54921875 0.090625 0.0203125 0.04453125
3 0.4265625 0.084375 0.01328125 0.04453125
3 0.32890625 0.07734375 0.01640625 0.0375
3 0.2515625 0.075 0.00703125 0.03359375
3 0.1875 0.0734375 0.0109375 0.02109375
3 0.13515625 0.06796875 0.01171875 0.025
3 0.08828125 0.0671875 0.01171875 0.021875
3 0.04921875 0.0640625 0.009375 0.021875
3 0.015625 0.06328125 0.0109375 0.01953125