4 0.7015625 0.546875 0.14609375 0.13125
6 0.31484375 0.46875 0.6296875 0.52734375
4 0.9109375 0.55625 0.17109375 0.1
4 0.9671875 0.53125 0.06484375 0.06015625
4 0.9875 0.52265625 0.0234375 0.03515625
6 0.9265625 0.49765625 0.06640625 0.0171875
4 0.95078125 0.5109375 0.05 0.01484375
4 0.653125 0.50625 0.02421875 0.01015625
5 0.8078125 0.5609375 0.03828125 0.1703125
5 0.7828125 0.5015625 0.00390625 0.01640625
5 0.8375 0.5046875 0.0046875 0.01640625
5 0.81484375 0.49765625 0.00625 0.01015625
5 0.86015625 0.50234375 0.00625 0.0125