4 0.7 0.546875 0.15078125 0.13125
6 0.3125 0.46953125 0.625 0.5234375
4 0.91640625 0.55625 0.159375 0.1
4 0.9671875 0.53046875 0.06484375 0.05859375
4 0.9875 0.52265625 0.0234375 0.03515625
6 0.95625 0.5015625 0.05546875 0.0265625
4 0.95078125 0.5109375 0.05 0.01484375
5 0.8375 0.5015625 0.00625 0.0140625
5 0.821875 0.56484375 0.0453125 0.17734375
5 0.8 0.5015625 0.00390625 0.01640625
5 0.9734375 0.5046875 0.0078125 0.02265625
5 0.8609375 0.50234375 0.00390625 0.0125
5 0.81328125 0.4984375 0.00625 0.0109375
5 0.890625 0.5015625 0.0046875 0.0109375