4 0.784375 0.5046875 0.01484375 0.00859375
4 0.5125 0.5203125 0.01484375 0.0359375
4 0.7734375 0.5015625 0.01015625 0.00625
4 0.4296875 0.5296875 0.02109375 0.0546875
6 0.35078125 0.5296875 0.1375 0.15859375
4 0.509375 0.503125 0.0125 0.00859375
4 0.85 0.50546875 0.02890625 0.0109375
5 0.5953125 0.51796875 0.01015625 0.05390625
5 0.99609375 0.50625 0.00625 0.0203125
5 0.496875 0.59296875 0.06953125 0.2265625
5 0.959375 0.51015625 0.00625 0.025
5 0.3 0.5046875 0.01015625 0.02890625
5 0.44375 0.5078125 0.00390625 0.02265625
5 0.953125 0.5109375 0.00390625 0.0234375
5 0.4484375 0.5078125 0.00390625 0.0234375
5 0.9671875 0.5109375 0.00546875 0.03125
5 0.28671875 0.52578125 0.015625 0.07890625
5 0.5453125 0.5078125 0.0046875 0.02265625
5 0.5390625 0.50703125 0.00390625 0.01875