6 0.5 0.5515625 0.1171875 0.15234375
4 0.30234375 0.51171875 0.028125 0.0109375
6 0.0578125 0.4984375 0.115625 0.0984375
4 0.3484375 0.56328125 0.1328125 0.11875
4 0.0078125 0.53515625 0.01484375 0.0296875
6 0.39375 0.49609375 0.12421875 0.08984375
5 0.24375 0.51875 0.00859375 0.03515625
5 0.6703125 0.521875 0.01171875 0.05625
5 0.70625 0.515625 0.01875 0.04375
5 0.2953125 0.51875 0.00390625 0.0171875
5 0.56875 0.5109375 0.00390625 0.0203125
5 0.6046875 0.5140625 0.00390625 0.03359375
5 0.675 0.5359375 0.00703125 0.03359375
5 0.2328125 0.51953125 0.00859375 0.0390625