6 0.5 0.5453125 0.11796875 0.1546875
4 0.35625 0.51015625 0.01953125 0.0203125
4 0.26015625 0.56171875 0.1140625 0.13125
6 0.49609375 0.4546875 0.046875 0.0234375
4 0.3734375 0.5140625 0.02734375 0.02890625
5 0.76328125 0.51796875 0.01875 0.07890625
5 0.9125 0.54140625 0.05234375 0.1375
5 0.5828125 0.509375 0.0046875 0.03359375
5 0.16484375 0.5203125 0.009375 0.0296875
5 0.578125 0.509375 0.00703125 0.0359375
5 0.6125 0.50703125 0.00859375 0.03359375
5 0.3859375 0.5140625 0.01328125 0.03984375
5 0.58671875 0.50703125 0.0046875 0.0234375