4 0.5 0.6015625 0.14375 0.18515625
4 0.4984375 0.5078125 0.04453125 0.00625
4 0.66875 0.56875 0.13828125 0.125
4 0.47421875 0.50625 0.00625 0.0078125
6 0.14375 0.5484375 0.28359375 0.2453125
4 0.865625 0.56875 0.2671875 0.67265625
4 0.53515625 0.51953125 0.059375 0.0390625
4 0.465625 0.5109375 0.01953125 0.0171875
4 0.45625 0.50546875 0.00625 0.0140625
6 0.4375 0.50625 0.02578125 0.03515625
6 0.49921875 0.50078125 0.0140625 0.00859375
4 0.30078125 0.52578125 0.0359375 0.0390625
4 0.44375 0.50859375 0.01953125 0.025
5 0.73203125 0.5171875 0.015625 0.05390625
5 0.5671875 0.50703125 0.00390625 0.02109375
5 0.5515625 0.5203125 0.01640625 0.05234375