4 0.00859375 0.51953125 0.0171875 0.0359375
4 0.3140625 0.5078125 0.078125 0.0453125
6 0.5 0.52265625 0.16953125 0.25234375
5 0.61328125 0.50390625 0.0078125 0.0328125
5 0.2140625 0.503125 0.0078125 0.0265625
5 0.875 0.546875 0.01875 0.0640625
5 0.0234375 0.5015625 0.00859375 0.0234375
5 0.2 0.50390625 0.00703125 0.0296875
5 0.1828125 0.503125 0.00625 0.02890625
5 0.4 0.5046875 0.00703125 0.02734375
5 0.4140625 0.5046875 0.00703125 0.025
5 0.2375 0.50859375 0.00703125 0.0375
5 0.39375 0.5 0.00390625 0.0203125
5 0.06875 0.50234375 0.00625 0.02734375
5 0.28359375 0.4953125 0.0046875 0.00859375
5 0.275 0.50703125 0.00625 0.03125
5 0.23203125 0.50390625 0.00625 0.0296875
5 0.6234375 0.5 0.0046875 0.025
5 0.684375 0.48984375 0.0046875 0.0078125
5 0.1546875 0.5140625 0.01328125 0.0484375
5 0.596875 0.5265625 0.015625 0.0828125
5 0.8328125 0.5296875 0.01328125 0.0265625
5 0.15 0.5234375 0.00546875 0.02890625
5 0.1921875 0.50078125 0.00390625 0.02109375
5 0.61875 0.50390625 0.00546875 0.0328125
5 0.5921875 0.5015625 0.00703125 0.0265625
5 0.6296875 0.49921875 0.009375 0.0234375
5 0.6015625 0.5328125 0.0265625 0.0953125
5 0.178125 0.503125 0.00390625 0.02890625