4 0.1421875 0.5515625 0.08203125 0.0828125
4 0.17734375 0.5140625 0.0265625 0.0265625
6 0.36875 0.4859375 0.2984375 0.225
4 0.06875 0.5109375 0.01484375 0.00859375
6 0.02578125 0.4984375 0.0046875 0.00859375
4 0.021875 0.51484375 0.03203125 0.0171875
4 0.79375 0.5484375 0.16015625 0.0828125
4 0.1234375 0.5171875 0.03203125 0.03359375
4 0.0484375 0.51640625 0.0234375 0.01484375
4 0.0328125 0.5109375 0.0140625 0.00859375
5 0.8890625 0.51328125 0.00390625 0.02109375
5 0.8125 0.5046875 0.00390625 0.00625