4 0.8578125 0.5296875 0.059375 0.0578125
4 0.940625 0.5140625 0.05859375 0.0484375
6 0.71640625 0.45703125 0.225 0.40625
4 0.0703125 0.51796875 0.01328125 0.0140625
6 0.871875 0.4953125 0.0234375 0.02734375
4 0.05625 0.5203125 0.01796875 0.0140625
4 0.071875 0.51796875 0.0109375 0.0109375
4 0.9125 0.5171875 0.0578125 0.0578125
4 0.0453125 0.5171875 0.0125 0.01484375
6 0.0375 0.51484375 0.0234375 0.02265625
4 0.11875 0.5140625 0.01328125 0.00625
5 0.88046875 0.5546875 0.01875 0.07109375
5 0.1171875 0.525 0.01015625 0.05