4 0.390625 0.50859375 0.02265625 0.0125
4 0.03046875 0.5328125 0.0046875 0.0171875
6 0.5 0.5234375 0.10703125 0.16875
4 0.56796875 0.5078125 0.0296875 0.0140625
4 0.215625 0.509375 0.01484375 0.0109375
4 0.65625 0.5078125 0.01875 0.0140625
5 0.003125 0.5015625 0.00546875 0.0125
5 0.6484375 0.49765625 0.01484375 0.03984375
5 0.2484375 0.51328125 0.00703125 0.0390625
5 0.3671875 0.51484375 0.01171875 0.03984375
5 0.33515625 0.51796875 0.009375 0.04609375
5 0.0890625 0.52265625 0.01015625 0.06015625
5 0.03125 0.5140625 0.00390625 0.01640625
5 0.0796875 0.52109375 0.03984375 0.08515625
5 0.6484375 0.515625 0.009375 0.04140625