4 0.853125 0.5078125 0.02421875 0.01484375
4 0.53671875 0.5078125 0.0125 0.01484375
6 0.6375 0.51796875 0.19765625 0.1515625
4 0.01484375 0.5078125 0.0296875 0.025
4 0.828125 0.50703125 0.03515625 0.0140625
4 0.025 0.5109375 0.01484375 0.01640625
5 0.7953125 0.5140625 0.02265625 0.05859375
5 0.21953125 0.5078125 0.015625 0.05859375
5 0.39375 0.51640625 0.01953125 0.06015625
5 0.3375 0.5203125 0.01796875 0.0671875
5 0.35078125 0.5046875 0.0046875 0.0171875
5 0.8015625 0.51953125 0.0140625 0.0640625
5 0.78203125 0.5046875 0.0046875 0.01640625