4 0.4140625 0.5046875 0.02265625 0.0125
6 0.5 0.51875 0.10625 0.16484375
4 0.5875 0.5046875 0.03046875 0.01484375
4 0.1859375 0.50625 0.015625 0.0125
4 0.65 0.5046875 0.02734375 0.0140625
5 0.66953125 0.4921875 0.0109375 0.0375
5 0.2453125 0.50859375 0.01328125 0.0421875
5 0.37109375 0.5125 0.0109375 0.0421875
5 0.33125 0.515625 0.01171875 0.0484375
5 0.3859375 0.50234375 0.00390625 0.01484375
5 0.0140625 0.521875 0.01015625 0.06875
5 0.025 0.55 0.03046875 0.16484375
5 0.671875 0.5125 0.00625 0.0453125