6 0.1140625 0.47421875 0.22734375 0.2515625
4 0.5 0.5359375 0.05390625 0.07109375
4 0.2890625 0.53828125 0.0828125 0.0640625
4 0.5171875 0.50625 0.00546875 0.01015625
4 0.45 0.50546875 0.00625 0.00859375
4 0.35078125 0.51875 0.040625 0.0328125
4 0.44375 0.51015625 0.01015625 0.01484375
4 0.5578125 0.5171875 0.0359375 0.05
4 0.43046875 0.5078125 0.015625 0.0109375
6 0.44921875 0.4984375 0.0171875 0.01640625
4 0.46796875 0.5046875 0.0046875 0.01015625
4 0.46171875 0.50703125 0.009375 0.0109375
4 0.53359375 0.5125 0.021875 0.025
4 0.828125 0.63671875 0.34140625 0.25390625
5 0.8484375 0.4984375 0.02421875 0.0359375
5 0.678125 0.5265625 0.00703125 0.03515625
5 0.33671875 0.503125 0.0046875 0.01640625
5 0.6015625 0.509375 0.00546875 0.03125
5 0.6609375 0.51484375 0.01171875 0.05