4 0.53125 0.53046875 0.03828125 0.04609375
6 0.1078125 0.60078125 0.215625 0.79609375
4 0.3578125 0.51328125 0.08828125 0.10390625
4 0.5609375 0.51328125 0.0171875 0.0234375
4 0.5515625 0.5109375 0.01015625 0.01640625
4 0.578125 0.5203125 0.02890625 0.0328125
4 0.590625 0.5046875 0.00859375 0.01015625
4 0.42734375 0.51953125 0.0359375 0.0359375
6 0.471875 0.4921875 0.06015625 0.1015625
4 0.5296875 0.4984375 0.01328125 0.01484375
4 0.546875 0.5078125 0.00625 0.0109375
5 0.72265625 0.5125 0.0078125 0.0328125
5 0.78828125 0.5234375 0.0140625 0.05625
5 0.6875 0.51953125 0.00390625 0.01875
5 0.653125 0.5078125 0.00546875 0.0203125
5 0.61953125 0.509375 0.0046875 0.02109375
5 0.628125 0.50859375 0.00390625 0.0203125