4 0.084375 0.5109375 0.06875 0.02734375
6 0.30546875 0.5390625 0.2109375 0.23125
6 0.5 0.51015625 0.10078125 0.1578125
5 0.4265625 0.5015625 0.00546875 0.0265625
5 0.0390625 0.5015625 0.00703125 0.025
5 0.0671875 0.5640625 0.0328125 0.09765625
5 0.2359375 0.4984375 0.0171875 0.04609375
5 0.13828125 0.5328125 0.0421875 0.12734375
5 0.43359375 0.5015625 0.0046875 0.025
5 0.4390625 0.5015625 0.00390625 0.02265625
5 0.4171875 0.503125 0.00546875 0.0265625
5 0.096875 0.49296875 0.00546875 0.00859375
5 0.2125 0.5265625 0.01171875 0.0234375
5 0.4453125 0.5015625 0.00390625 0.0203125