4 0.290625 0.521875 0.06484375 0.0359375
4 0.2421875 0.52890625 0.015625 0.0296875
6 0.50078125 0.52265625 0.121875 0.17734375
5 0.3515625 0.5109375 0.00859375 0.0359375
5 0.08984375 0.53203125 0.025 0.1109375
5 0.084375 0.55390625 0.01171875 0.0375
5 0.39921875 0.509375 0.0078125 0.0359375
5 0.41953125 0.5078125 0.00625 0.03125
5 0.0265625 0.540625 0.01328125 0.0515625
5 0.315625 0.5015625 0.00625 0.01875
5 0.425 0.5078125 0.00390625 0.02734375
5 0.0046875 0.5109375 0.009375 0.03984375
5 0.43125 0.50625 0.00546875 0.025