4 0.496875 0.5203125 0.0328125 0.03984375
4 0.775 0.6078125 0.28515625 0.2015625
4 0.25546875 0.5515625 0.2609375 0.2859375
6 0.078125 0.56015625 0.15625 0.2203125
4 0.65390625 0.51328125 0.0203125 0.01875
4 0.528125 0.50859375 0.01640625 0.01484375
4 0.59453125 0.50859375 0.0265625 0.01484375
4 0.9734375 0.5421875 0.0515625 0.0703125
4 0.56875 0.5296875 0.0453125 0.0484375
4 0.515625 0.51171875 0.02265625 0.0234375
5 0.5875 0.5109375 0.00625 0.02734375
5 0.5875 0.5109375 0.00703125 0.02890625
5 0.6046875 0.509375 0.00625 0.03125
5 0.646875 0.5171875 0.0046875 0.02109375
5 0.65546875 0.509375 0.0078125 0.03125
5 0.5515625 0.50703125 0.00390625 0.01875