4 0.7640625 0.521875 0.07265625 0.0359375
6 0.18984375 0.47109375 0.3796875 0.9421875
4 0.825 0.5171875 0.05625 0.03515625
6 0.53984375 0.484375 0.046875 0.0140625
4 0.646875 0.5171875 0.06484375 0.03515625
4 0.4828125 0.6890625 0.37265625 0.46484375
5 0.81796875 0.546875 0.0140625 0.05625
5 0.9953125 0.5125 0.00859375 0.0625
5 0.38125 0.50703125 0.00390625 0.02109375
5 0.7421875 0.52109375 0.01328125 0.05234375
5 0.715625 0.521875 0.0078125 0.0515625
5 0.671875 0.5171875 0.00703125 0.04765625
5 0.7078125 0.51875 0.00703125 0.04765625
5 0.6984375 0.52109375 0.015625 0.05234375