4 0.7765625 0.52109375 0.0765625 0.03515625
6 0.18984375 0.47109375 0.3796875 0.9421875
4 0.85546875 0.5171875 0.065625 0.03515625
6 0.6015625 0.4953125 0.04296875 0.0296875
4 0.7359375 0.5171875 0.06484375 0.0359375
4 0.4828125 0.6890625 0.37265625 0.46484375
5 0.865625 0.5515625 0.01796875 0.06484375
5 0.71484375 0.51953125 0.0109375 0.04609375
5 0.6953125 0.51953125 0.0046875 0.04609375
5 0.653125 0.51640625 0.0078125 0.0421875
5 0.9953125 0.5171875 0.0078125 0.05390625
5 0.37734375 0.5078125 0.0046875 0.02265625
5 0.6859375 0.51640625 0.00703125 0.0421875
5 0.675 0.51796875 0.01328125 0.0484375
5 0.37265625 0.5078125 0.0046875 0.02265625