4 0.459375 0.51640625 0.01875 0.025
6 0.24375 0.4390625 0.37421875 0.4796875
4 0.86640625 0.5203125 0.0703125 0.04140625
6 0.4296875 0.49296875 0.02109375 0.07890625
4 0.5765625 0.509375 0.02734375 0.01875
4 0.503125 0.5671875 0.121875 0.15859375
4 0.903125 0.52421875 0.08984375 0.04375
5 0.8140625 0.54375 0.01171875 0.0546875
5 0.91953125 0.53515625 0.0296875 0.1078125
5 0.8453125 0.52890625 0.02109375 0.0796875
5 0.8828125 0.525 0.03359375 0.08515625
5 0.9734375 0.5265625 0.03828125 0.08984375