4 0.7671875 0.521875 0.06796875 0.0359375
4 0.58125 0.50078125 0.00546875 0.01875
6 0.18984375 0.47109375 0.3796875 0.9421875
4 0.8265625 0.5171875 0.05390625 0.03515625
6 0.55625 0.48671875 0.046875 0.01875
4 0.68359375 0.5171875 0.0671875 0.03515625
4 0.4828125 0.6890625 0.37265625 0.46484375
5 0.828125 0.54765625 0.01640625 0.0578125
5 0.9875 0.5140625 0.0234375 0.06484375
5 0.7359375 0.5203125 0.0171875 0.0515625
5 0.7125 0.52109375 0.01171875 0.05
5 0.6671875 0.51796875 0.0109375 0.04609375
5 0.996875 0.5140625 0.0046875 0.06015625
5 0.3703125 0.5078125 0.00390625 0.02265625
5 0.7015625 0.5109375 0.01171875 0.01640625
5 0.690625 0.5203125 0.0125 0.05234375