4 0.3796875 0.5171875 0.01640625 0.025
4 0.6625 0.52109375 0.0703125 0.03515625
6 0.18984375 0.47109375 0.3796875 0.9421875
4 0.81640625 0.5171875 0.05625 0.03515625
6 0.465625 0.478125 0.0484375 0.0140625
4 0.4828125 0.6890625 0.37265625 0.46484375
4 0.85859375 0.5203125 0.0734375 0.0359375
5 0.7859375 0.53984375 0.0109375 0.04765625
5 0.99140625 0.5171875 0.00625 0.01875
5 0.778125 0.52421875 0.01796875 0.05625
5 0.75390625 0.52421875 0.015625 0.05859375
5 0.71171875 0.5203125 0.0140625 0.0546875
5 0.74609375 0.521875 0.0109375 0.05390625
5 0.7453125 0.5234375 0.0125 0.0609375