6 0.209375 0.41171875 0.41796875 0.74609375
4 0.81875 0.52109375 0.06015625 0.03515625
6 0.4375 0.4984375 0.0484375 0.06015625
4 0.4953125 0.5890625 0.1609375 0.21015625
4 0.84609375 0.52421875 0.075 0.0359375
5 0.765625 0.53984375 0.0125 0.0453125
5 0.97421875 0.5203125 0.0046875 0.01875
5 0.8328125 0.52421875 0.0140625 0.06640625
5 0.7765625 0.52578125 0.0125 0.06875
5 0.996875 0.5484375 0.0046875 0.02109375
5 0.7453125 0.52578125 0.01640625 0.05859375
5 0.775 0.5265625 0.01640625 0.06015625
5 0.8015625 0.5234375 0.0140625 0.0671875