4 0.4984375 0.5046875 0.01796875 0.01015625
6 0.3203125 0.48671875 0.12265625 0.1734375
6 0.421875 0.50859375 0.04453125 0.0546875
4 0.884375 0.56328125 0.1921875 0.11875
6 0.5203125 0.490625 0.03046875 0.04609375
4 0.46484375 0.50625 0.025 0.01015625
4 0.6171875 0.50625 0.02734375 0.0078125
5 0.5 0.51484375 0.00859375 0.04765625
5 0.4859375 0.51171875 0.00703125 0.0390625
5 0.571875 0.5421875 0.02265625 0.10859375
5 0.9796875 0.51875 0.021875 0.0671875
5 0.571875 0.55 0.01953125 0.125
5 0.5578125 0.5421875 0.01171875 0.05859375
5 0.8734375 0.4984375 0.00546875 0.00859375
5 0.96875 0.50390625 0.00625 0.02265625
5 0.6609375 0.5015625 0.00390625 0.01484375
5 0.590625 0.553125 0.028125 0.1390625