4 0.490625 0.5046875 0.01171875 0.01015625
6 0.3203125 0.48671875 0.12265625 0.1734375
6 0.4265625 0.509375 0.040625 0.05859375
4 0.884375 0.56328125 0.1921875 0.11875
6 0.5171875 0.49140625 0.03515625 0.0453125
4 0.46484375 0.50625 0.025 0.01015625
4 0.621875 0.50625 0.0171875 0.0078125
5 0.5 0.51484375 0.01015625 0.04765625
5 0.4875 0.51171875 0.00703125 0.0390625
5 0.5875 0.5453125 0.02265625 0.1109375
5 0.9953125 0.51875 0.00703125 0.0671875
5 0.5875 0.55546875 0.02578125 0.1390625
5 0.553125 0.54140625 0.01328125 0.0578125
5 0.86171875 0.4984375 0.0046875 0.0109375
5 0.98515625 0.50234375 0.0078125 0.0203125
5 0.653125 0.5015625 0.00390625 0.0125
5 0.60625 0.559375 0.03203125 0.15390625