4 0.496875 0.5046875 0.02265625 0.01015625
6 0.30625 0.4859375 0.140625 0.19375
6 0.3890625 0.50625 0.02265625 0.0453125
4 0.86953125 0.56328125 0.1921875 0.11875
6 0.5734375 0.48828125 0.0828125 0.04375
4 0.46484375 0.50625 0.025 0.01015625
4 0.62265625 0.50625 0.015625 0.0078125
5 0.5015625 0.5171875 0.01015625 0.05390625
5 0.4875 0.51328125 0.0078125 0.04140625
5 0.55 0.5265625 0.00703125 0.0890625
5 0.928125 0.49921875 0.0109375 0.0265625
5 0.53984375 0.540625 0.0203125 0.10625
5 0.57734375 0.54453125 0.0140625 0.0640625
5 0.90703125 0.4984375 0.0046875 0.0125
5 0.93203125 0.503125 0.0046875 0.01875
5 0.68515625 0.503125 0.00625 0.01640625
5 0.5546875 0.54296875 0.028125 0.11875