6 0.15703125 0.43359375 0.3140625 0.7625
4 0.84765625 0.5640625 0.190625 0.1203125
6 0.63515625 0.4890625 0.0796875 0.0421875
6 0.43671875 0.496875 0.0171875 0.02890625
4 0.3390625 0.5171875 0.0484375 0.0296875
4 0.46953125 0.50625 0.025 0.01015625
5 0.50703125 0.51796875 0.0125 0.0640625
5 0.4921875 0.5140625 0.00859375 0.04765625
5 0.5296875 0.528125 0.0109375 0.0640625
5 0.878125 0.49375 0.01484375 0.02265625
5 0.51875 0.5265625 0.0125 0.0796875
5 0.6046875 0.5640625 0.01953125 0.07734375
5 0.9796875 0.50390625 0.01015625 0.025
5 0.8671875 0.4984375 0.00546875 0.01015625
5 0.7140625 0.5015625 0.0046875 0.01484375
5 0.5296875 0.52734375 0.01640625 0.0875