4 0.49921875 0.5046875 0.0171875 0.01015625
6 0.3171875 0.48671875 0.12734375 0.17890625
6 0.4015625 0.5078125 0.04140625 0.0484375
4 0.86953125 0.56328125 0.1921875 0.11875
6 0.5484375 0.4890625 0.0703125 0.0453125
4 0.46484375 0.50625 0.025 0.01015625
4 0.6140625 0.50625 0.03359375 0.0078125
5 0.50078125 0.5171875 0.009375 0.0515625
5 0.4859375 0.51171875 0.00703125 0.04140625
5 0.5609375 0.5296875 0.01015625 0.09765625
5 0.9453125 0.5046875 0.0203125 0.0390625
5 0.55078125 0.54296875 0.0171875 0.1109375
5 0.571875 0.5640625 0.01171875 0.0203125
5 0.896875 0.4984375 0.0046875 0.0109375
5 0.5671875 0.54609375 0.02265625 0.12265625