6 0.0625 0.55078125 0.125 0.3515625
4 0.9921875 0.5234375 0.01484375 0.02890625
4 0.559375 0.53125 0.05 0.05
4 0.9671875 0.51796875 0.0515625 0.02890625
4 0.6859375 0.51875 0.053125 0.03515625
4 0.5828125 0.56015625 0.09765625 0.0953125
4 0.47421875 0.53203125 0.0859375 0.05859375
4 0.734375 0.5265625 0.0578125 0.04140625
4 0.921875 0.521875 0.06171875 0.02890625
5 0.4390625 0.50859375 0.00625 0.0328125
5 0.45234375 0.5046875 0.0046875 0.025
5 0.64375 0.5109375 0.00546875 0.02890625
5 0.2796875 0.51484375 0.0109375 0.0546875
5 0.74609375 0.5046875 0.00625 0.0140625
5 0.3359375 0.51171875 0.00703125 0.04609375
5 0.4765625 0.4984375 0.0046875 0.0125
5 0.9578125 0.5390625 0.01328125 0.0421875
5 0.6234375 0.51015625 0.0078125 0.0296875
5 0.6140625 0.5078125 0.00546875 0.0265625
5 0.33125 0.5203125 0.00546875 0.03125