6 0.3140625 0.5328125 0.2015625 0.2875
4 0.1796875 0.51953125 0.01640625 0.0265625
6 0.0296875 0.496875 0.05234375 0.0140625
6 0.22109375 0.51484375 0.00625 0.0453125
4 0.1984375 0.50859375 0.01484375 0.01484375
4 0.2015625 0.50546875 0.0140625 0.01640625
4 0.15 0.5234375 0.053125 0.0625
4 0.0640625 0.57578125 0.128125 0.1140625
4 0.209375 0.50546875 0.00390625 0.00859375
5 0.1046875 0.50859375 0.00625 0.02265625
5 0.05 0.50546875 0.01328125 0.0234375
5 0.4671875 0.53671875 0.02265625 0.10859375
5 0.00859375 0.5265625 0.009375 0.025
5 0.5109375 0.54140625 0.025 0.12734375
5 0.13359375 0.5046875 0.0046875 0.01875
5 0.1 0.50859375 0.00546875 0.02265625