4 0.0140625 0.81328125 0.02734375 0.21640625
4 0.5296875 0.50703125 0.0234375 0.01640625
4 0.425 0.50625 0.03359375 0.0171875
6 0.2734375 0.52421875 0.146875 0.13125
4 0.6984375 0.51171875 0.04765625 0.02109375
4 0.18125 0.540625 0.08671875 0.07109375
4 0.6765625 0.52578125 0.09921875 0.0484375
6 0.4109375 0.50390625 0.03046875 0.0203125
5 0.5640625 0.5078125 0.00390625 0.02890625
5 0.975 0.54921875 0.04296875 0.1890625
5 0.084375 0.51015625 0.00546875 0.03515625
5 0.571875 0.5078125 0.00390625 0.02890625
5 0.6734375 0.49609375 0.00390625 0.0078125
5 0.81171875 0.5390625 0.03125 0.1453125
5 0.07421875 0.51015625 0.00625 0.0375
5 0.56875 0.50859375 0.00546875 0.0296875