6 0.9140625 0.52109375 0.16953125 0.1078125
4 0.9765625 0.55546875 0.04453125 0.05390625
5 0.0625 0.52265625 0.01328125 0.06015625
5 0.71171875 0.53984375 0.0171875 0.0953125
5 0.3171875 0.52890625 0.01640625 0.0578125
5 0.41875 0.509375 0.0046875 0.01875
5 0.1890625 0.521875 0.01953125 0.05390625
5 0.4625 0.52578125 0.01640625 0.05859375
5 0.2265625 0.525 0.01640625 0.05234375
5 0.565625 0.51171875 0.0046875 0.01875
5 0.22890625 0.5171875 0.00625 0.04375
5 0.1828125 0.5171875 0.01015625 0.0421875
5 0.2984375 0.51171875 0.00546875 0.0265625
5 0.3359375 0.5265625 0.01484375 0.06015625
5 0.4828125 0.5140625 0.00390625 0.0265625