6 0.3734375 0.51953125 0.12109375 0.14375
6 0.1140625 0.5078125 0.0984375 0.0515625
4 0.028125 0.51640625 0.04140625 0.0296875
4 0.009375 0.5234375 0.01875 0.0265625
4 0.496875 0.5125 0.015625 0.025
4 0.43828125 0.5109375 0.0171875 0.02109375
4 0.071875 0.52265625 0.07890625 0.0296875
6 0.2703125 0.5078125 0.07265625 0.04765625
5 0.0515625 0.515625 0.021875 0.0484375
5 0.10625 0.5171875 0.01015625 0.0546875
5 0.471875 0.509375 0.00390625 0.0234375
5 0.528125 0.50546875 0.00390625 0.01640625
5 0.18671875 0.51875 0.0109375 0.0296875
5 0.45625 0.51015625 0.00625 0.025
5 0.5109375 0.521875 0.01328125 0.05625
5 0.4484375 0.51015625 0.0046875 0.025
5 0.22265625 0.51484375 0.0078125 0.0375
5 0.115625 0.51796875 0.01796875 0.05390625
5 0.1890625 0.5234375 0.00546875 0.0265625
5 0.02421875 0.5203125 0.01875 0.0640625
5 0.5828125 0.5078125 0.0046875 0.02265625