6 0.121875 0.56015625 0.24296875 0.6578125
4 0.390625 0.5109375 0.0203125 0.0171875
4 0.4734375 0.509375 0.02421875 0.01875
4 0.42265625 0.5140625 0.025 0.02890625
5 0.6390625 0.5203125 0.00625 0.0265625
5 0.621875 0.5109375 0.00625 0.03984375
5 0.38359375 0.51328125 0.00625 0.03359375
5 0.553125 0.50390625 0.00390625 0.0171875
5 0.3640625 0.51328125 0.00546875 0.03359375
5 0.346875 0.5140625 0.00625 0.0328125
5 0.62421875 0.52109375 0.0046875 0.02265625
5 0.30234375 0.5078125 0.0046875 0.02265625
5 0.315625 0.5078125 0.00546875 0.025
5 0.6171875 0.5109375 0.00546875 0.0390625