6 0.321875 0.521875 0.1859375 0.20390625
6 0.0703125 0.5046875 0.11171875 0.0578125
4 0.5015625 0.5078125 0.01796875 0.0234375
4 0.434375 0.5078125 0.01953125 0.02265625
4 0.034375 0.52109375 0.06875 0.0328125
6 0.2046875 0.5046875 0.06015625 0.05390625
5 0.6046875 0.50390625 0.00546875 0.0296875
5 0.0546875 0.51484375 0.015625 0.06484375
5 0.46328125 0.50546875 0.00625 0.0265625
5 0.14375 0.5140625 0.01015625 0.04765625
5 0.4484375 0.50703125 0.00546875 0.0265625
5 0.4875 0.52109375 0.01171875 0.06484375
5 0.4375 0.50703125 0.00390625 0.0265625
5 0.1890625 0.51171875 0.00859375 0.04375
5 0.03125 0.5171875 0.01484375 0.0703125
5 0.15546875 0.521875 0.0078125 0.03125
5 0.590625 0.5046875 0.0046875 0.02734375