6 0.140625 0.571875 0.28125 0.6734375
4 0.3 0.50859375 0.02421875 0.0125
4 0.30859375 0.5078125 0.0265625 0.0140625
4 0.5 0.51484375 0.02421875 0.0296875
4 0.4234375 0.5140625 0.02421875 0.02734375
5 0.646875 0.5203125 0.00546875 0.025
5 0.621875 0.5125 0.00703125 0.03984375
5 0.43125 0.5125 0.0109375 0.0328125
5 0.5390625 0.5078125 0.00390625 0.0203125
5 0.41171875 0.51328125 0.0109375 0.03125
5 0.3609375 0.540625 0.03125 0.10859375
5 0.390625 0.51328125 0.009375 0.03359375
5 0.6234375 0.52265625 0.0046875 0.025
5 0.30625 0.5078125 0.00546875 0.0234375
5 0.6125 0.5109375 0.00703125 0.0359375