4 0.503125 0.5296875 0.04140625 0.0484375
4 0.446875 0.52265625 0.03515625 0.0375
6 0.8078125 0.49375 0.38203125 0.9875
4 0.5984375 0.5390625 0.06640625 0.06875
5 0.2203125 0.509375 0.00625 0.0359375
5 0.23125 0.51015625 0.00546875 0.0375
5 0.60703125 0.50078125 0.0046875 0.00859375
5 0.2890625 0.5109375 0.0078125 0.0375
5 0.084375 0.525 0.02734375 0.1
5 0.25546875 0.5140625 0.0109375 0.05234375
5 0.184375 0.51328125 0.0046875 0.0109375
5 0.0234375 0.4984375 0.00546875 0.01015625
5 0.59765625 0.5 0.0046875 0.0078125