4 0.01875 0.515625 0.0375 0.03125
4 0.4125 0.53515625 0.0609375 0.06015625
4 0.33828125 0.53125 0.0703125 0.0578125
6 0.903125 0.68828125 0.1921875 0.4140625
4 0.53671875 0.5140625 0.0234375 0.0265625
4 0.0515625 0.7890625 0.10234375 0.3609375
4 0.3109375 0.5171875 0.05234375 0.03125
5 0.08125 0.53203125 0.03203125 0.1234375
5 0.58046875 0.5078125 0.0046875 0.0234375
5 0.74765625 0.52421875 0.0125 0.0859375
5 0.0171875 0.5625 0.01484375 0.0796875
5 0.56328125 0.50859375 0.0046875 0.02734375
5 0.20625 0.5390625 0.00703125 0.04765625
5 0.125 0.515625 0.01015625 0.05625
5 0.2375 0.52890625 0.00546875 0.0328125