4 0.025 0.50859375 0.04609375 0.0171875
4 0.109375 0.5015625 0.04296875 0.02734375
4 0.42109375 0.5203125 0.075 0.03984375
6 0.859375 0.57109375 0.2796875 0.6796875
4 0.0625 0.5078125 0.03359375 0.01640625
4 0.15625 0.50546875 0.02578125 0.0140625
4 0.0890625 0.5078125 0.01953125 0.01484375
4 0.08125 0.5046875 0.02109375 0.0203125
4 0.04765625 0.5078125 0.0203125 0.0171875
5 0.6921875 0.51015625 0.00703125 0.0328125
5 0.6375 0.50546875 0.00703125 0.0265625
5 0.7078125 0.51953125 0.00390625 0.0109375
5 0.55625 0.509375 0.00546875 0.0265625
5 0.671875 0.5015625 0.00390625 0.0171875
5 0.6671875 0.50546875 0.00390625 0.0265625
5 0.140625 0.50546875 0.00859375 0.0265625
5 0.715625 0.51015625 0.00546875 0.0328125
5 0.0671875 0.5046875 0.009375 0.025
5 0.6859375 0.509375 0.0046875 0.02890625
5 0.71015625 0.51015625 0.00625 0.0328125
5 0.715625 0.5171875 0.00390625 0.02109375
5 0.5953125 0.5078125 0.009375 0.0265625
5 0.721875 0.52265625 0.00390625 0.01015625
5 0.6671875 0.5078125 0.00390625 0.02265625
5 0.5296875 0.5078125 0.0046875 0.025
5 0.684375 0.50546875 0.0078125 0.02890625
5 0.7421875 0.5109375 0.00625 0.0375
5 0.7203125 0.5140625 0.00390625 0.02890625
5 0.61484375 0.50859375 0.00625 0.02734375
5 0.7078125 0.51015625 0.0046875 0.0328125
5 0.059375 0.50546875 0.00859375 0.0234375