4 0.36875 0.49921875 0.00546875 0.00625
4 0.053125 0.5078125 0.04140625 0.0171875
4 0.1296875 0.50078125 0.03984375 0.0265625
4 0.39453125 0.5171875 0.0671875 0.03515625
6 0.8125 0.53515625 0.37265625 0.38984375
4 0.08671875 0.5078125 0.0296875 0.01484375
4 0.17421875 0.5046875 0.0234375 0.0125
4 0.1078125 0.50625 0.0125 0.01484375
4 0.1015625 0.5046875 0.01953125 0.01875
4 0.0703125 0.50703125 0.01484375 0.01640625
5 0.6359375 0.51328125 0.0046875 0.00625
5 0.54453125 0.5078125 0.00625 0.0234375
5 0.01796875 0.5015625 0.0046875 0.0140625
5 0.08828125 0.50390625 0.00625 0.02265625
5 0.59609375 0.50703125 0.00625 0.0234375
5 0.534375 0.50703125 0.00625 0.0234375
5 0.59921875 0.5078125 0.0046875 0.025
5 0.08125 0.5046875 0.0078125 0.0234375