4 0.38203125 0.5046875 0.01875 0.02109375
6 0.903125 0.5203125 0.19296875 0.09609375
4 0.4296875 0.50234375 0.0265625 0.01484375
4 0.31015625 0.5015625 0.0265625 0.01484375
4 0.23046875 0.5 0.015625 0.0125
4 0.0515625 0.53125 0.10234375 0.08984375
5 0.1046875 0.6078125 0.06796875 0.2734375
5 0.584375 0.50390625 0.00625 0.03515625
5 0.8203125 0.4890625 0.00625 0.0109375
5 0.4203125 0.51484375 0.01171875 0.0578125
5 0.2203125 0.51484375 0.0125 0.0546875
5 0.265625 0.50234375 0.00703125 0.0328125
5 0.803125 0.5765625 0.05546875 0.2