4 0.3359375 0.51953125 0.04296875 0.04140625
6 0.91875 0.5296875 0.1609375 0.1140625
4 0.28359375 0.5203125 0.053125 0.0375
4 0.2203125 0.50546875 0.01171875 0.01640625
5 0.875 0.49140625 0.00625 0.0078125
5 0.6265625 0.51328125 0.009375 0.0515625
5 0.65859375 0.5171875 0.0171875 0.06015625
5 0.19453125 0.5234375 0.01875 0.06875
5 0.365625 0.52109375 0.01484375 0.06015625
5 0.7796875 0.51640625 0.01484375 0.0625
5 0.17109375 0.5109375 0.0125 0.04609375
5 0.028125 0.6171875 0.05546875 0.30625
5 0.81171875 0.52890625 0.0078125 0.03515625