4 0.50703125 0.509375 0.0109375 0.01640625
4 0.45078125 0.5171875 0.0328125 0.0359375
4 0.4875 0.50625 0.00859375 0.01015625
4 0.48671875 0.50546875 0.009375 0.0140625
4 0.4703125 0.5140625 0.01328125 0.02109375
4 0.38203125 0.53046875 0.0859375 0.0640625
6 0.1046875 0.565625 0.209375 0.6015625
4 0.50625 0.5109375 0.01640625 0.01875
5 0.60625 0.5234375 0.0140625 0.07109375
5 0.553125 0.50859375 0.0046875 0.02734375
5 0.5421875 0.50625 0.00390625 0.0171875
5 0.5984375 0.52890625 0.0046875 0.0296875
5 0.98828125 0.58671875 0.021875 0.2640625
5 0.440625 0.50234375 0.00390625 0.01015625