6 0.3484375 0.52578125 0.13515625 0.13125
4 0.4515625 0.50703125 0.015625 0.03125
6 0.5 0.46875 0.02734375 0.02734375
4 0.915625 0.49765625 0.03828125 0.01484375
4 0.58125 0.4953125 0.02421875 0.01875
4 0.50078125 0.54296875 0.103125 0.1359375
4 0.4203125 0.5015625 0.04765625 0.0875
4 0.96875 0.5015625 0.02109375 0.0078125
5 0.990625 0.50078125 0.00390625 0.00859375
5 0.5046875 0.47890625 0.00703125 0.0078125
5 0.54609375 0.49609375 0.0046875 0.025
5 0.1359375 0.53125 0.03203125 0.13984375
5 0.640625 0.5265625 0.009375 0.05
5 0.5625 0.5125 0.01796875 0.075
5 0.590625 0.51875 0.00625 0.0328125