6 0.1015625 0.640625 0.203125 0.4234375
4 0.4015625 0.5453125 0.02578125 0.0734375
6 0.6109375 0.5 0.0671875 0.04765625
4 0.4453125 0.51953125 0.025 0.04140625
4 0.49921875 0.56171875 0.109375 0.14375
4 0.3 0.5390625 0.1796875 0.20859375
5 0.5625 0.5171875 0.009375 0.0375
5 0.178125 0.5828125 0.0265625 0.2140625
5 0.54453125 0.5125 0.00625 0.025
5 0.59375 0.53359375 0.00546875 0.0328125
5 0.6734375 0.55078125 0.01328125 0.0640625
5 0.6109375 0.5296875 0.01640625 0.07734375
5 0.59453125 0.540625 0.0078125 0.0390625