6 0.453125 0.52734375 0.23203125 0.17734375
4 0.353125 0.50625 0.01953125 0.0125
4 0.00625 0.50390625 0.0125 0.0078125
4 0.07578125 0.5125 0.0609375 0.0203125
4 0.3578125 0.5265625 0.0484375 0.0609375
5 0.0390625 0.6875 0.06015625 0.1828125
5 0.18125 0.52265625 0.01796875 0.07734375
5 0.1234375 0.5953125 0.08203125 0.26484375
5 0.1140625 0.615625 0.10234375 0.3234375
5 0.31015625 0.5765625 0.040625 0.1953125
5 0.0984375 0.50234375 0.0109375 0.0328125
5 0.5890625 0.61796875 0.1078125 0.31640625
5 0.97421875 0.54765625 0.05 0.2171875
5 0.1671875 0.5265625 0.0234375 0.0984375
5 0.85078125 0.55859375 0.0640625 0.2328125