4 0.4140625 0.5078125 0.01640625 0.0171875
6 0.11875 0.54140625 0.2375 0.3109375
4 0.37890625 0.5125 0.034375 0.02734375
5 0.625 0.5578125 0.01328125 0.06484375
5 0.2984375 0.515625 0.01171875 0.05859375
5 0.671875 0.54609375 0.03828125 0.1546875
5 0.2859375 0.5109375 0.00390625 0.04765625
5 0.3328125 0.5125 0.01171875 0.06015625
5 0.40390625 0.53125 0.015625 0.08515625
5 0.98125 0.671875 0.03671875 0.23125
5 0.7796875 0.55859375 0.05859375 0.2
5 0.2796875 0.51875 0.01328125 0.0671875
5 0.2296875 0.5234375 0.01796875 0.08515625
5 0.3515625 0.53203125 0.01796875 0.0859375
5 0.290625 0.521875 0.01796875 0.07890625