6 0.453125 0.52890625 0.23203125 0.17734375
4 0.353125 0.5078125 0.01953125 0.0125
4 0.003125 0.50546875 0.00625 0.00625
4 0.1359375 0.5265625 0.07109375 0.04609375
4 0.3578125 0.528125 0.04765625 0.0609375
5 0.0078125 0.69765625 0.015625 0.1421875
5 0.175 0.5234375 0.0234375 0.0796875
5 0.0453125 0.6 0.07109375 0.2671875
5 0.0703125 0.6171875 0.096875 0.3140625
5 0.25625 0.575 0.04921875 0.2
5 0.0828125 0.496875 0.00859375 0.01640625
5 0.5109375 0.61484375 0.10078125 0.28984375
5 0.94765625 0.54921875 0.0421875 0.21875
5 0.1796875 0.5265625 0.01953125 0.09375
5 0.9078125 0.559375 0.0625 0.2359375