6 0.378125 0.52890625 0.1234375 0.13515625
4 0.121875 0.5109375 0.06015625 0.0109375
4 0.1484375 0.50703125 0.01640625 0.00625
5 0.596875 0.54765625 0.01015625 0.05
5 0.32734375 0.5078125 0.0125 0.02890625
5 0.628125 0.5390625 0.02578125 0.11640625
5 0.2703125 0.52578125 0.02109375 0.0765625
5 0.478125 0.52890625 0.01953125 0.06015625
5 0.7796875 0.56953125 0.04453125 0.21875
5 0.63359375 0.53203125 0.0234375 0.09375
5 0.18828125 0.528125 0.03125 0.0859375
5 0.2625 0.5265625 0.0125 0.07734375
5 0.3359375 0.5015625 0.00546875 0.01484375
5 0.2828125 0.50625 0.00390625 0.0171875
5 0.30625 0.5203125 0.0125 0.05625
5 0.2734375 0.525 0.01640625 0.07265625
5 0.4453125 0.52734375 0.0140625 0.0625
5 0.2515625 0.5453125 0.01171875 0.04609375