4 0.496875 0.5015625 0.02265625 0.0109375
4 0.478125 0.5046875 0.009375 0.0109375
4 0.465625 0.49921875 0.01171875 0.00625
6 0.89375 0.478125 0.21171875 0.2484375
4 0.4578125 0.5109375 0.01640625 0.0265625
6 0.4140625 0.5109375 0.075 0.09609375
6 0.4859375 0.4984375 0.00859375 0.0140625
4 0.49765625 0.49609375 0.0171875 0.01015625
4 0.4734375 0.50703125 0.01484375 0.0140625
6 0.5375 0.49296875 0.01953125 0.0140625
4 0.53515625 0.56484375 0.2171875 0.1296875
5 0.5296875 0.49921875 0.00390625 0.0140625
5 0.7046875 0.4984375 0.00546875 0.0140625
5 0.6078125 0.5171875 0.0171875 0.0609375
5 0.72421875 0.49765625 0.00625 0.01484375
5 0.5484375 0.5015625 0.0046875 0.01640625
5 0.7375 0.534375 0.00859375 0.05625
5 0.5359375 0.5 0.00390625 0.0125
5 0.6265625 0.5203125 0.01484375 0.0796875