4 0.4984375 0.52109375 0.03203125 0.0421875
4 0.4703125 0.51171875 0.015625 0.01640625
6 0.9390625 0.47265625 0.1203125 0.2953125
4 0.3921875 0.54140625 0.0765625 0.0796875
6 0.0484375 0.5734375 0.096875 0.65625
6 0.48515625 0.50234375 0.009375 0.01484375
4 0.49921875 0.50078125 0.0234375 0.0109375
4 0.4421875 0.52578125 0.0359375 0.03359375
6 0.48984375 0.49765625 0.01875 0.01484375
5 0.534375 0.51015625 0.00390625 0.025
5 0.85 0.6046875 0.07734375 0.25234375
5 0.540625 0.5109375 0.00546875 0.02734375
5 0.59140625 0.51875 0.0125 0.0625
5 0.55 0.5109375 0.00546875 0.02734375
5 0.85859375 0.503125 0.009375 0.01875
5 0.775 0.5484375 0.01328125 0.06875
5 0.5296875 0.5078125 0.00390625 0.0234375
5 0.8265625 0.5015625 0.0046875 0.0140625
5 0.8046875 0.571875 0.0453125 0.20390625