4 0.49921875 0.50625 0.021875 0.0296875
4 0.4796875 0.49921875 0.00859375 0.0109375
6 0.7875 0.4703125 0.209375 0.13125
4 0.53359375 0.5015625 0.0328125 0.0171875
6 0.4375 0.5015625 0.0484375 0.06875
6 0.48671875 0.4921875 0.0078125 0.0125
4 0.4984375 0.4921875 0.01796875 0.00859375
4 0.4765625 0.49921875 0.0109375 0.00859375
6 0.534375 0.48828125 0.01796875 0.0109375
4 0.4640625 0.52421875 0.08203125 0.0609375
5 0.61875 0.4921875 0.00390625 0.01015625
5 0.8078125 0.5703125 0.06328125 0.25390625
5 0.5953125 0.5171875 0.01328125 0.0703125
5 0.653125 0.51640625 0.0046875 0.0375
5 0.759375 0.58125 0.025 0.1078125
5 0.89609375 0.5765625 0.06875 0.275
5 0.5359375 0.4984375 0.0046875 0.025
5 0.7046875 0.5203125 0.0203125 0.09765625
5 0.565625 0.5046875 0.00859375 0.04609375