4 0.49921875 0.51953125 0.0234375 0.03125
6 0.8203125 0.4875 0.23359375 0.1578125
4 0.48046875 0.5140625 0.01875 0.01875
6 0.4328125 0.515625 0.053125 0.0734375
6 0.48671875 0.50390625 0.0078125 0.0078125
4 0.49921875 0.5046875 0.01875 0.00859375
6 0.53515625 0.5015625 0.01875 0.0125
4 0.46015625 0.5421875 0.090625 0.0703125
5 0.8 0.5734375 0.0625 0.23515625
5 0.58984375 0.53125 0.015625 0.0703125
5 0.678125 0.50546875 0.00390625 0.0140625
5 0.546875 0.5125 0.00390625 0.025
5 0.67265625 0.5328125 0.0078125 0.03984375
5 0.7734375 0.6171875 0.00859375 0.0828125
5 0.88515625 0.5859375 0.059375 0.2640625
5 0.534375 0.51328125 0.0046875 0.0234375
5 0.5828125 0.5203125 0.009375 0.0546875