4 0.4984375 0.5125 0.03203125 0.0421875
4 0.475 0.50234375 0.01015625 0.01484375
6 0.94296875 0.46171875 0.1125 0.28359375
4 0.4484375 0.5140625 0.01796875 0.0421875
6 0.39375 0.5109375 0.09609375 0.11875
6 0.48515625 0.49453125 0.009375 0.0140625
4 0.49921875 0.4921875 0.0234375 0.0125
4 0.46953125 0.5046875 0.015625 0.01640625
6 0.534375 0.4890625 0.02265625 0.0109375
4 0.7859375 0.6203125 0.4265625 0.24375
5 0.53359375 0.4921875 0.0046875 0.01015625
5 0.5515625 0.49921875 0.00625 0.0234375
5 0.5671875 0.503125 0.00625 0.0234375
5 0.8875 0.4921875 0.00703125 0.01484375
5 0.5265625 0.4984375 0.00390625 0.01875
5 0.61796875 0.509375 0.0171875 0.0734375
5 0.553125 0.49921875 0.00546875 0.0234375
5 0.76953125 0.49296875 0.0078125 0.01640625
5 0.7453125 0.4921875 0.00546875 0.01015625
5 0.546875 0.50234375 0.00546875 0.02734375
5 0.82890625 0.49375 0.0078125 0.0125
5 0.80625 0.509375 0.0078125 0.0109375
5 0.5328125 0.503125 0.00546875 0.0265625
5 0.740625 0.4921875 0.00390625 0.0109375
5 0.69453125 0.4953125 0.01875 0.0390625