4 0.5 0.5203125 0.02890625 0.0390625
4 0.4765625 0.5109375 0.01015625 0.01484375
6 0.91015625 0.48125 0.178125 0.2828125
4 0.4546875 0.5203125 0.015625 0.0359375
6 0.4078125 0.51796875 0.08203125 0.10390625
6 0.4859375 0.503125 0.00859375 0.0140625
4 0.5 0.5015625 0.02265625 0.0109375
4 0.471875 0.5140625 0.01484375 0.01484375
6 0.5375 0.5 0.0203125 0.0125
4 0.61328125 0.58828125 0.29375 0.1640625
5 0.5609375 0.50625 0.0046875 0.01484375
5 0.7171875 0.5046875 0.0046875 0.0171875
5 0.6140625 0.5 0.015625 0.0328125
5 0.7390625 0.50390625 0.00546875 0.01484375
5 0.74921875 0.5046875 0.0046875 0.0140625
5 0.5484375 0.5078125 0.0046875 0.0171875
5 0.8015625 0.50078125 0.00390625 0.00625
5 0.7609375 0.54375 0.009375 0.0625
5 0.534375 0.509375 0.00546875 0.02109375
5 0.709375 0.50390625 0.00390625 0.01484375
5 0.64609375 0.5109375 0.01875 0.0515625