4 0.4984375 0.52109375 0.03203125 0.0421875
4 0.471875 0.51171875 0.01328125 0.01640625
6 0.9390625 0.4578125 0.1203125 0.26484375
4 0.421875 0.534375 0.03671875 0.06640625
6 0.3 0.53828125 0.2125 0.2265625
6 0.48515625 0.50234375 0.009375 0.01484375
4 0.49921875 0.50078125 0.0234375 0.0109375
4 0.4578125 0.51875 0.02421875 0.025
6 0.4984375 0.496875 0.0234375 0.0140625
4 0.94140625 0.609375 0.115625 0.15859375
5 0.5484375 0.5078125 0.00625 0.0234375
5 0.5375 0.51015625 0.00390625 0.025
5 0.78671875 0.503125 0.00625 0.01640625
5 0.54765625 0.5109375 0.0046875 0.02734375
5 0.834375 0.50078125 0.00546875 0.01640625
5 0.5953125 0.52265625 0.0140625 0.0703125
5 0.54765625 0.5109375 0.0046875 0.025
5 0.828125 0.5015625 0.00546875 0.01484375
5 0.5390625 0.51015625 0.00390625 0.025
5 0.8703125 0.5046875 0.00703125 0.0171875
5 0.80546875 0.5484375 0.0109375 0.07265625
5 0.528125 0.5109375 0.00390625 0.0234375
5 0.79921875 0.5015625 0.00625 0.01640625
5 0.71796875 0.5609375 0.0328125 0.1609375