6 0.5 0.4421875 0.2421875 0.4625
4 0.36640625 0.515625 0.0203125 0.0234375
5 0.33125 0.50703125 0.0109375 0.01875
5 0.33125 0.5203125 0.01015625 0.06640625
5 0.3234375 0.5125 0.00390625 0.0453125
5 0.640625 0.49921875 0.00390625 0.01640625
5 0.21640625 0.5265625 0.0171875 0.08984375
5 0.31875 0.515625 0.0109375 0.0515625
5 0.9578125 0.60859375 0.08203125 0.35234375
5 0.2921875 0.51953125 0.0125 0.06640625
5 0.2125 0.5015625 0.00390625 0.01640625
5 0.25546875 0.52265625 0.0203125 0.075
5 0.2578125 0.52734375 0.02265625 0.0828125
5 0.3234375 0.51875 0.0046875 0.0296875
5 0.3734375 0.5265625 0.00859375 0.06875