6 0.4984375 0.425 0.31015625 0.57734375
4 0.3078125 0.5234375 0.05234375 0.04375
4 0.309375 0.56953125 0.0703125 0.10625
4 0.25390625 0.51171875 0.0859375 0.0484375
6 0.103125 0.496875 0.02265625 0.0140625
4 0.146875 0.4984375 0.02578125 0.01015625
4 0.0125 0.50859375 0.025 0.01484375
5 0.13046875 0.49609375 0.0078125 0.0171875
5 0.1203125 0.53203125 0.02734375 0.11875
5 0.003125 0.6234375 0.00546875 0.0171875
5 0.2390625 0.515625 0.01328125 0.06640625
5 0.01171875 0.5015625 0.009375 0.02890625
5 0.1671875 0.50078125 0.01484375 0.0265625