4 0.128125 0.503125 0.0234375 0.00625
6 0.5015625 0.4171875 0.36171875 0.6640625
5 0.3 0.5140625 0.00859375 0.0484375
5 0.290625 0.521875 0.01640625 0.07109375
5 0.315625 0.54609375 0.009375 0.06484375
5 0.2828125 0.51328125 0.00859375 0.04609375
5 0.15859375 0.53125 0.0203125 0.11015625
5 0.309375 0.5140625 0.01171875 0.0546875
5 0.2015625 0.52734375 0.02109375 0.0953125
5 0.1296875 0.50234375 0.01171875 0.02265625
5 0.15625 0.5328125 0.03515625 0.11015625
5 0.06640625 0.5421875 0.0484375 0.1296875
5 0.271875 0.5015625 0.009375 0.0234375