4 0.1984375 0.50078125 0.02109375 0.00625
4 0.3171875 0.51171875 0.04609375 0.0265625
6 0.5 0.4515625 0.19609375 0.38125
4 0.38515625 0.5109375 0.0296875 0.02109375
4 0.396875 0.50546875 0.0078125 0.0265625
5 0.35859375 0.5015625 0.0078125 0.01640625
5 0.2515625 0.51875 0.01953125 0.07265625
5 0.3390625 0.515625 0.0078125 0.04140625
5 0.71875 0.54375 0.03515625 0.16484375
5 0.10859375 0.521875 0.0234375 0.08359375
5 0.35 0.5109375 0.00859375 0.04765625
5 0.28125 0.49921875 0.00390625 0.01875
5 0.3265625 0.5140625 0.01171875 0.0546875
5 0.1765625 0.5203125 0.015625 0.0765625
5 0.3421875 0.515625 0.01640625 0.05625
5 0.0046875 0.5015625 0.0078125 0.0125
5 0.3546875 0.5078125 0.00546875 0.0390625
5 0.359375 0.5140625 0.0109375 0.05390625