4 0.47421875 0.51171875 0.0109375 0.02109375
4 0.14609375 0.5140625 0.0328125 0.02265625
6 0.3421875 0.5390625 0.159375 0.1859375
6 0.465625 0.5078125 0.03359375 0.01484375
4 0.1390625 0.5265625 0.00703125 0.0171875
4 0.4375 0.51171875 0.02578125 0.0140625
4 0.19921875 0.5125 0.009375 0.0125
4 0.52578125 0.509375 0.021875 0.0140625
6 0.43515625 0.5078125 0.0265625 0.0203125
4 0.4609375 0.5171875 0.02578125 0.02734375
4 0.4734375 0.515625 0.00859375 0.0234375
4 0.4984375 0.5140625 0.01640625 0.0203125
5 0.60546875 0.50546875 0.0046875 0.01640625
5 0.684375 0.503125 0.01015625 0.0265625
5 0.1671875 0.5140625 0.009375 0.0296875
5 0.184375 0.5125 0.00546875 0.025
5 0.1203125 0.53046875 0.03046875 0.0859375
5 0.71953125 0.50546875 0.0109375 0.03125
5 0.7890625 0.5046875 0.01484375 0.04140625
5 0.14453125 0.5140625 0.00625 0.03125