4 0.2921875 0.51015625 0.05859375 0.0578125
6 0.11796875 0.571875 0.2359375 0.6609375
4 0.3609375 0.540625 0.075 0.0609375
4 0.4328125 0.51328125 0.08359375 0.0984375
5 0.6984375 0.521875 0.01328125 0.07890625
5 0.7875 0.52578125 0.028125 0.0984375
5 0.6375 0.5296875 0.00625 0.0359375
5 0.26484375 0.5046875 0.0046875 0.0140625
5 0.5609375 0.51640625 0.01015625 0.0546875
5 0.6 0.51953125 0.01484375 0.0640625
5 0.53828125 0.51484375 0.0078125 0.05
5 0.8625 0.528125 0.02578125 0.1109375
5 0.571875 0.52890625 0.009375 0.03984375
5 0.58046875 0.5171875 0.015625 0.0640625