4 0.465625 0.503125 0.00625 0.00859375
6 0.12890625 0.53515625 0.2171875 0.11484375
4 0.4703125 0.5046875 0.00390625 0.01015625
4 0.459375 0.5046875 0.00859375 0.01015625
4 0.49921875 0.55703125 0.0734375 0.0984375
6 0.4109375 0.5078125 0.03984375 0.04609375
4 0.3640625 0.5265625 0.046875 0.04765625
4 0.45 0.50546875 0.0109375 0.0109375
4 0.3234375 0.51484375 0.0375 0.0328125
6 0.37265625 0.490625 0.059375 0.06875
4 0.05 0.83515625 0.1 0.2984375
4 0.48828125 0.5046875 0.00625 0.00625
6 0.43125 0.4984375 0.00703125 0.02265625