4 0.2171875 0.5125 0.04765625 0.01015625
6 0.5 0.5359375 0.25390625 0.3515625
4 0.3625 0.50625 0.00546875 0.01015625
4 0.0265625 0.5265625 0.04140625 0.0484375
4 0.16484375 0.646875 0.3296875 0.25859375
4 0.040625 0.5171875 0.04765625 0.03984375
4 0.3359375 0.5078125 0.01953125 0.0078125
6 0.3234375 0.50390625 0.03125 0.01484375
5 0.7265625 0.5328125 0.03359375 0.1109375
5 0.3296875 0.51484375 0.0125 0.0375
5 0.0703125 0.51953125 0.01953125 0.0609375
5 0.05 0.53828125 0.01796875 0.05625
5 0.1578125 0.50390625 0.00625 0.02734375