4 0.7125 0.515625 0.0078125 0.0109375
6 0.1515625 0.5609375 0.303125 0.2515625
6 0.5640625 0.5140625 0.06015625 0.09140625
4 0.309375 0.54921875 0.04140625 0.0859375
4 0.6046875 0.50390625 0.00703125 0.0125
4 0.4796875 0.50234375 0.0140625 0.0078125
4 0.459375 0.5390625 0.0703125 0.0734375
4 0.53125 0.51015625 0.01328125 0.01484375
6 0.3640625 0.47265625 0.0640625 0.0125
4 0.634375 0.5125 0.0328125 0.0203125
4 0.5234375 0.50703125 0.01171875 0.0140625
6 0.440625 0.4984375 0.0203125 0.00859375
5 0.42734375 0.50390625 0.0046875 0.025
5 0.51640625 0.509375 0.0046875 0.0265625
5 0.4171875 0.50859375 0.00390625 0.0171875