4 0.62890625 0.51171875 0.034375 0.01640625
6 0.03671875 0.5921875 0.0734375 0.2375
6 0.5046875 0.5125 0.059375 0.08984375
4 0.0953125 0.590625 0.1296875 0.14140625
4 0.53515625 0.5 0.0078125 0.01015625
4 0.415625 0.5046875 0.01484375 0.00625
4 0.47265625 0.5046875 0.009375 0.00625
4 0.3984375 0.54296875 0.07265625 0.0734375
4 0.4484375 0.509375 0.03671875 0.01875
6 0.2484375 0.4734375 0.04140625 0.00859375
4 0.56171875 0.509375 0.040625 0.01875
6 0.3734375 0.5015625 0.02265625 0.0078125
4 0.4671875 0.5078125 0.00390625 0.0125
5 0.3515625 0.5078125 0.00703125 0.02890625
5 0.6890625 0.52421875 0.0078125 0.04609375
5 0.471875 0.5078125 0.00390625 0.0203125
5 0.44453125 0.5109375 0.0046875 0.02890625
5 0.3765625 0.5046875 0.0046875 0.01875