6 0.3671875 0.53046875 0.14296875 0.1640625
4 0.9 0.534375 0.059375 0.04375
4 0.4984375 0.5109375 0.00859375 0.0109375
4 0.465625 0.51328125 0.00859375 0.01640625
4 0.4765625 0.52109375 0.02421875 0.025
4 0.44375 0.51875 0.01484375 0.0296875
4 0.48125 0.509375 0.02265625 0.0390625
4 0.53125 0.50859375 0.0078125 0.0078125
5 0.98359375 0.54296875 0.03125 0.10390625
5 0.4921875 0.51953125 0.009375 0.0390625
5 0.86171875 0.525 0.0078125 0.025
5 0.471875 0.51953125 0.0109375 0.0390625
5 0.5890625 0.50546875 0.00390625 0.00859375
5 0.8453125 0.53359375 0.01953125 0.075
5 0.1453125 0.525 0.02109375 0.0671875
5 0.6890625 0.51640625 0.009375 0.03984375
5 0.5984375 0.5109375 0.00390625 0.02265625
5 0.9453125 0.53984375 0.03671875 0.08984375
5 0.8 0.51796875 0.01015625 0.04609375
5 0.6828125 0.5140625 0.00546875 0.03359375
5 0.69375 0.5234375 0.00390625 0.02109375
5 0.8359375 0.5296875 0.01328125 0.0625
5 0.45625 0.5203125 0.00859375 0.0375
5 0.7625 0.52578125 0.01015625 0.05390625
5 0.66953125 0.5171875 0.00625 0.04140625
5 0.8296875 0.51796875 0.01015625 0.04609375
5 0.6609375 0.5140625 0.00625 0.0296875