6 0.71171875 0.52734375 0.2046875 0.1453125
4 0.56015625 0.5125 0.00625 0.01015625
4 0.534375 0.51171875 0.0234375 0.0109375
4 0.4375 0.52578125 0.02890625 0.0359375
5 0.325 0.54140625 0.00859375 0.0375
5 0.828125 0.575 0.05390625 0.21015625
5 0.53125 0.51328125 0.0046875 0.0234375
5 0.871875 0.5734375 0.04140625 0.17890625
5 0.584375 0.5125 0.00625 0.0296875
5 0.3296875 0.525 0.01484375 0.06015625
5 0.35 0.52109375 0.01015625 0.04765625
5 0.3359375 0.53125 0.00546875 0.02734375
5 0.57421875 0.5234375 0.0140625 0.06015625
5 0.25 0.53359375 0.02265625 0.0875
5 0.83125 0.5828125 0.0609375 0.2421875