6 0.884375 0.521875 0.21484375 0.1359375
4 0.578125 0.5078125 0.01953125 0.01015625
4 0.54140625 0.5078125 0.01875 0.01015625
4 0.43984375 0.5203125 0.028125 0.03515625
5 0.340625 0.5328125 0.00859375 0.03515625
5 0.78125 0.5765625 0.03984375 0.2359375
5 0.5296875 0.5078125 0.0046875 0.02265625
5 0.57734375 0.50859375 0.00625 0.02734375
5 0.35234375 0.5171875 0.0109375 0.05234375
5 0.3453125 0.51640625 0.00859375 0.05
5 0.64609375 0.528125 0.0078125 0.03125
5 0.4796875 0.5078125 0.00390625 0.0171875
5 0.5734375 0.509375 0.00390625 0.0265625
5 0.5609375 0.5171875 0.01171875 0.05234375
5 0.890625 0.5546875 0.03828125 0.14375
5 0.2828125 0.5234375 0.01953125 0.0734375
5 0.759375 0.5890625 0.06640625 0.2671875