6 0.45 0.20546875 0.30546875 0.4109375
4 0.471875 0.5140625 0.01171875 0.01640625
4 0.4734375 0.5140625 0.01015625 0.01484375
5 0.525 0.5109375 0.00390625 0.0171875
5 0.6578125 0.54453125 0.02890625 0.12109375
5 0.63671875 0.5421875 0.0203125 0.10625
5 0.5453125 0.51953125 0.009375 0.04140625
5 0.409375 0.521875 0.00390625 0.02109375
5 0.7421875 0.58515625 0.05703125 0.2296875
5 0.4328125 0.5125 0.00390625 0.025
5 0.4375 0.51328125 0.0046875 0.0234375
5 0.5203125 0.51328125 0.00390625 0.01640625