6 0.4125 0.2953125 0.1859375 0.3015625
4 0.471875 0.51328125 0.01171875 0.01640625
4 0.4734375 0.5125 0.01015625 0.01484375
5 0.525 0.51015625 0.00390625 0.0171875
5 0.6484375 0.54140625 0.03203125 0.1203125
5 0.634375 0.54140625 0.01484375 0.1046875
5 0.97734375 0.69453125 0.04375 0.21640625
5 0.5421875 0.5171875 0.00703125 0.03984375
5 0.425 0.5125 0.00546875 0.02734375
5 0.409375 0.5203125 0.0046875 0.0203125
5 0.7375 0.58515625 0.03828125 0.22734375
5 0.43671875 0.51171875 0.00625 0.0234375
5 0.45234375 0.51015625 0.0046875 0.0203125
5 0.5171875 0.5109375 0.00390625 0.01875