4 0.21875 0.5296875 0.13046875 0.06015625
4 0.371875 0.5171875 0.0234375 0.02265625
6 0.553125 0.5484375 0.1921875 0.1578125
4 0.353125 0.5109375 0.03515625 0.04375
5 0.6671875 0.50546875 0.0046875 0.0109375
5 0.0234375 0.50234375 0.00390625 0.0078125
5 0.0078125 0.509375 0.00703125 0.0234375
5 0.3453125 0.52890625 0.009375 0.0296875
5 0.69921875 0.50546875 0.0046875 0.0140625
5 0.0234375 0.503125 0.00390625 0.0109375
5 0.409375 0.51015625 0.00390625 0.0125
5 0.203125 0.4984375 0.00703125 0.0109375
5 0.671875 0.5046875 0.0046875 0.01015625
5 0.28828125 0.51484375 0.0078125 0.0375
5 0.0421875 0.51171875 0.00703125 0.0265625
5 0.23125 0.50078125 0.00546875 0.0140625
5 0.0359375 0.509375 0.0078125 0.02890625
5 0.028125 0.50859375 0.00546875 0.02734375
5 0.7578125 0.50859375 0.00390625 0.01484375
5 0.30078125 0.5296875 0.0046875 0.0296875
5 0.28515625 0.52109375 0.0046875 0.02265625
5 0.65625 0.5296875 0.015625 0.0890625
5 0.096875 0.5140625 0.0109375 0.0421875
5 0.43046875 0.51875 0.0109375 0.04765625
5 0.0328125 0.509375 0.00546875 0.0265625
5 0.046875 0.5046875 0.00390625 0.00625
5 0.01015625 0.5140625 0.0046875 0.0171875
5 0.440625 0.5171875 0.009375 0.0421875
5 0.015625 0.5140625 0.00546875 0.01640625
5 0.2953125 0.5140625 0.00546875 0.03359375
5 0.7421875 0.53046875 0.02109375 0.0859375
5 0.72265625 0.50625 0.00625 0.01484375
5 0.38125 0.521875 0.01484375 0.04609375
5 0.70625 0.5078125 0.00625 0.0125