4 0.4578125 0.5109375 0.01015625 0.0140625
6 0.5328125 0.54296875 0.12734375 0.1390625
4 0.4421875 0.50625 0.0203125 0.0296875
6 0.9359375 0.503125 0.12578125 0.0765625
4 0.590625 0.50078125 0.01484375 0.01640625
6 0.615625 0.50078125 0.0171875 0.00859375
5 0.675 0.503125 0.00390625 0.00859375
5 0.36328125 0.51953125 0.0046875 0.02109375
5 0.40625 0.5078125 0.0046875 0.02109375
5 0.39921875 0.509375 0.0046875 0.0234375
5 0.66875 0.503125 0.00546875 0.0109375
5 0.2640625 0.50859375 0.00546875 0.0296875
5 0.334375 0.515625 0.0046875 0.02109375
5 0.66171875 0.50390625 0.0046875 0.01015625
5 0.5921875 0.51640625 0.00703125 0.05
5 0.8484375 0.5046875 0.00546875 0.01484375
5 0.36171875 0.5109375 0.0046875 0.0296875