4 0.4625 0.50703125 0.01484375 0.0109375
4 0.1015625 0.52890625 0.12734375 0.0671875
6 0.26796875 0.53359375 0.2109375 0.13515625
4 0.4328125 0.4984375 0.021875 0.0078125
4 0.4546875 0.5 0.0203125 0.025
4 0.959375 0.5203125 0.08046875 0.03515625
4 0.4328125 0.5046875 0.021875 0.01015625
6 0.4953125 0.496875 0.021875 0.00859375
5 0.5875 0.4984375 0.00390625 0.01015625
5 0.546875 0.49921875 0.00546875 0.0140625
5 0.0796875 0.4984375 0.009375 0.01640625
5 0.58125 0.4984375 0.00390625 0.01015625
5 0.15 0.50234375 0.0109375 0.025
5 0.4625 0.50234375 0.00703125 0.0203125
5 0.5296875 0.5234375 0.01640625 0.09375
5 0.1640625 0.51015625 0.00390625 0.0125
5 0.6 0.52578125 0.0171875 0.0984375
5 0.9796875 0.52109375 0.02109375 0.0828125
5 0.415625 0.5015625 0.00703125 0.0203125
5 0.4484375 0.5015625 0.00625 0.02109375
5 0.9953125 0.51171875 0.00859375 0.05625
5 0.175 0.49765625 0.00703125 0.01484375
5 0.6359375 0.525 0.0265625 0.0921875
5 0.48125 0.52265625 0.01796875 0.0875
5 0.64296875 0.49921875 0.0046875 0.0140625
5 0.6265625 0.5 0.00390625 0.01484375