4 0.46015625 0.509375 0.015625 0.0109375
4 0.13203125 0.55625 0.103125 0.01015625
4 0.2484375 0.5171875 0.03359375 0.0296875
6 0.1328125 0.528125 0.190625 0.1140625
4 0.221875 0.50703125 0.0453125 0.05625
4 0.465625 0.50078125 0.0140625 0.00625
4 0.446875 0.50234375 0.02109375 0.02265625
4 0.9625 0.51875 0.0734375 0.025
4 0.42421875 0.50625 0.0171875 0.01015625
5 0.5625 0.5015625 0.00390625 0.0125
5 0.303125 0.5234375 0.01015625 0.03125
5 0.253125 0.49921875 0.00390625 0.00625
5 0.5078125 0.50390625 0.00859375 0.0171875
5 0.54921875 0.50234375 0.0046875 0.0125
5 0.6265625 0.52734375 0.01796875 0.0953125
5 0.2265625 0.51875 0.009375 0.05
5 0.565625 0.5015625 0.00546875 0.0125
5 0.2390625 0.5296875 0.01015625 0.03515625
5 0.284375 0.50625 0.00390625 0.0171875
5 0.6609375 0.5234375 0.01796875 0.08359375
5 0.5546875 0.503125 0.00390625 0.0140625
5 0.8625 0.50390625 0.0109375 0.025
5 0.3484375 0.5203125 0.0171875 0.0671875
5 0.89140625 0.525 0.0234375 0.0828125
5 0.4625 0.50390625 0.0078125 0.0203125
5 0.375 0.503125 0.00546875 0.02109375
5 0.4953125 0.503125 0.00859375 0.01875
5 0.9421875 0.5015625 0.0140625 0.02890625
5 0.59375 0.528125 0.02578125 0.0984375
5 0.578125 0.5265625 0.01796875 0.09375
5 0.96875 0.5046875 0.0109375 0.0328125
5 0.6578125 0.50234375 0.00546875 0.0171875
5 0.64765625 0.503125 0.00625 0.01640625