4 0.13203125 0.52109375 0.084375 0.05
6 0.5359375 0.6265625 0.325 0.3765625
4 0.94375 0.5109375 0.02265625 0.01015625
4 0.9375 0.51171875 0.01640625 0.00625
5 0.35390625 0.5234375 0.0078125 0.0265625
5 0.7296875 0.5015625 0.00546875 0.0140625
5 0.2234375 0.50859375 0.01015625 0.03984375
5 0.69921875 0.5015625 0.00625 0.0109375
5 0.3421875 0.509375 0.00703125 0.03125
5 0.103125 0.5 0.00390625 0.0125
5 0.23984375 0.51015625 0.0125 0.03984375
5 0.10234375 0.49921875 0.0046875 0.0140625
5 0.0921875 0.5015625 0.00546875 0.0171875
5 0.7640625 0.5046875 0.00390625 0.0140625
5 0.31796875 0.52265625 0.00625 0.02734375
5 0.3234375 0.51640625 0.0046875 0.02265625
5 0.14375 0.49765625 0.01171875 0.01484375
5 0.9296875 0.50390625 0.015625 0.03984375
5 0.709375 0.521875 0.01640625 0.0765625
5 0.0984375 0.50078125 0.00390625 0.0140625
5 0.10625 0.49765625 0.00390625 0.0125
5 0.10625 0.49765625 0.00546875 0.0125
5 0.33046875 0.51015625 0.00625 0.0328125
5 0.1109375 0.496875 0.00546875 0.00859375
5 0.93046875 0.5 0.0046875 0.01015625
5 0.721875 0.5015625 0.00546875 0.0140625