4 0.0296875 0.5109375 0.03671875 0.0203125
6 0.421875 0.56015625 0.28203125 0.18984375
6 0.6875 0.49296875 0.10546875 0.08359375
4 0.759375 0.503125 0.01171875 0.01875
6 0.94296875 0.50078125 0.1125 0.04375
4 0.865625 0.4984375 0.03984375 0.01640625
5 0.78125 0.5015625 0.00390625 0.0125
5 0.7578125 0.5015625 0.00390625 0.0140625
5 0.7734375 0.50703125 0.00703125 0.02890625
5 0.74375 0.50546875 0.00546875 0.02109375
5 0.7625 0.50703125 0.00546875 0.0234375
5 0.996875 0.50078125 0.00390625 0.00859375
5 0.79296875 0.50546875 0.00625 0.02890625