6 0.340625 0.4734375 0.1796875 0.2390625
4 0.225 0.4953125 0.01640625 0.00859375
4 0.49609375 0.49921875 0.028125 0.00625
4 0.47265625 0.4984375 0.009375 0.0125
4 0.496875 0.5515625 0.084375 0.11484375
4 0.459375 0.5015625 0.01796875 0.02734375
4 0.0453125 0.49765625 0.0375 0.0125
4 0.128125 0.4953125 0.02265625 0.0125
4 0.184375 0.49765625 0.00859375 0.0078125
4 0.4625 0.503125 0.01640625 0.01875
4 0.4796875 0.4953125 0.00625 0.00625
4 0.4953125 0.4875 0.01015625 0.0078125
6 0.4359375 0.5109375 0.01953125 0.0703125
5 0.59375 0.5078125 0.0109375 0.05390625