6 0.1609375 0.4328125 0.321875 0.86484375
4 0.4984375 0.51796875 0.021875 0.02890625
5 0.5484375 0.5109375 0.00546875 0.025
5 0.53125 0.51328125 0.00703125 0.02890625
5 0.8546875 0.51484375 0.009375 0.0375
5 0.6390625 0.51484375 0.01171875 0.0375
5 0.66953125 0.534375 0.021875 0.09140625
5 0.88671875 0.5171875 0.0125 0.0296875
5 0.6234375 0.5140625 0.00703125 0.0375
5 0.915625 0.51484375 0.01015625 0.0375
5 0.4375 0.509375 0.00390625 0.02109375
5 0.575 0.5171875 0.009375 0.04140625
5 0.47421875 0.51171875 0.0046875 0.0265625
5 0.54140625 0.51015625 0.0046875 0.02265625
5 0.6078125 0.52109375 0.01171875 0.0578125