4 0.478125 0.5078125 0.01015625 0.0125
6 0.82109375 0.515625 0.175 0.0984375
4 0.5203125 0.50859375 0.02578125 0.0171875
4 0.978125 0.5421875 0.03828125 0.0359375
4 0.4984375 0.51953125 0.02578125 0.03359375
5 0.5640625 0.5171875 0.01484375 0.0546875
5 0.3890625 0.5140625 0.0078125 0.03984375
5 0.54375 0.515625 0.00859375 0.0484375
5 0.4484375 0.52109375 0.01015625 0.0546875
5 0.4375 0.5078125 0.0046875 0.02265625
5 0.5578125 0.52265625 0.00546875 0.025
5 0.79921875 0.5546875 0.03125 0.16875
5 0.4625 0.5203125 0.0171875 0.0515625
5 0.19296875 0.5390625 0.0296875 0.11875
5 0.56171875 0.51171875 0.0046875 0.02890625
5 0.3984375 0.51171875 0.00703125 0.03359375
5 0.9859375 0.5390625 0.02734375 0.1234375
5 0.54921875 0.5109375 0.0046875 0.0328125
5 0.6765625 0.5328125 0.01953125 0.08515625
5 0.9375 0.53828125 0.05234375 0.11640625