6 0.3703125 0.4875 0.13671875 0.1953125
4 0.4984375 0.5171875 0.02109375 0.02734375
5 0.6046875 0.5140625 0.00859375 0.0328125
5 0.6984375 0.51015625 0.00625 0.025
5 0.540625 0.51015625 0.00390625 0.02265625
5 0.77578125 0.51328125 0.0109375 0.03125
5 0.046875 0.56796875 0.02578125 0.09140625
5 0.96484375 0.62890625 0.06875 0.38515625
5 0.4796875 0.51171875 0.00390625 0.0234375
5 0.5984375 0.5125 0.00546875 0.0296875
5 0.6296875 0.5265625 0.0140625 0.07109375
5 0.8 0.5125 0.00703125 0.0296875
5 0.4453125 0.50546875 0.00390625 0.0109375
5 0.5671875 0.51484375 0.00703125 0.0375
5 0.4859375 0.5109375 0.00390625 0.02265625
5 0.471875 0.51171875 0.00546875 0.0234375
5 0.590625 0.51875 0.00859375 0.04765625