4 0.48046875 0.50625 0.009375 0.01015625
6 0.8828125 0.515625 0.18359375 0.0984375
4 0.49921875 0.5265625 0.0359375 0.0484375
5 0.61328125 0.51796875 0.009375 0.05625
5 0.89296875 0.5375 0.021875 0.1125
5 0.38125 0.5140625 0.01015625 0.04375
5 0.53828125 0.51484375 0.0078125 0.04765625
5 0.4046875 0.5203125 0.01015625 0.05234375
5 0.43359375 0.5078125 0.0046875 0.0234375
5 0.55078125 0.5234375 0.0046875 0.0265625
5 0.9796875 0.58671875 0.0390625 0.27109375
5 0.425 0.52109375 0.0125 0.05
5 0.053125 0.55078125 0.04140625 0.16640625
5 0.55625 0.5109375 0.00703125 0.02890625
5 0.3875 0.51328125 0.00390625 0.0390625
5 0.8453125 0.53359375 0.02421875 0.1046875
5 0.54375 0.51015625 0.00703125 0.0296875
5 0.646875 0.52734375 0.0140625 0.0703125
5 0.834375 0.5328125 0.03515625 0.09609375
5 0.97265625 0.5421875 0.0234375 0.1203125