4 0.4859375 0.5953125 0.12109375 0.17265625
4 0.71875 0.5140625 0.0453125 0.02734375
4 0.915625 0.71171875 0.1671875 0.3140625
4 0.103125 0.6015625 0.20546875 0.7171875
4 0.771875 0.5171875 0.06328125 0.02890625
4 0.25625 0.590625 0.165625 0.17109375
4 0.196875 0.50625 0.015625 0.0078125
4 0.17421875 0.50625 0.0046875 0.0078125
4 0.64453125 0.5296875 0.090625 0.03984375
4 0.18203125 0.50625 0.0140625 0.01015625
6 0.89296875 0.54453125 0.2125 0.1984375
5 0.5921875 0.5390625 0.028125 0.10859375
5 0.8375 0.4890625 0.01015625 0.0125
5 0.31796875 0.50859375 0.0078125 0.02734375
5 0.4765625 0.5 0.01015625 0.01484375
5 0.37265625 0.54296875 0.0296875 0.10859375
5 0.3453125 0.54453125 0.02421875 0.10625
5 0.44140625 0.53125 0.01875 0.0703125
5 0.4203125 0.5109375 0.00390625 0.0265625
5 0.4171875 0.54375 0.01953125 0.1078125
5 0.5078125 0.49375 0.01875 0.04765625
5 0.8 0.49921875 0.0046875 0.03125
5 0.771875 0.534375 0.01015625 0.0390625
5 0.578125 0.5078125 0.00546875 0.02890625
5 0.4015625 0.5109375 0.00625 0.02734375
5 0.1421875 0.48125 0.0109375 0.0125
5 0.8203125 0.49453125 0.0140625 0.0234375
5 0.5125 0.496875 0.00859375 0.04140625
5 0.74609375 0.5203125 0.0109375 0.05390625
5 0.653125 0.5640625 0.01484375 0.06640625
5 0.5484375 0.5109375 0.00390625 0.02109375
5 0.6765625 0.540625 0.02109375 0.10859375
5 0.759375 0.53203125 0.009375 0.0359375
5 0.509375 0.496875 0.009375 0.0359375
5 0.56015625 0.5421875 0.028125 0.10234375
5 0.7234375 0.52890625 0.00546875 0.0296875
5 0.60234375 0.50859375 0.00625 0.025