4 0.4859375 0.5953125 0.12109375 0.17265625
4 0.72109375 0.5140625 0.040625 0.02734375
4 0.915625 0.71171875 0.1671875 0.3140625
4 0.08828125 0.65078125 0.1765625 0.6265625
4 0.7625 0.5171875 0.04375 0.02890625
4 0.2265625 0.60703125 0.20078125 0.2015625
4 0.3484375 0.53125 0.10078125 0.0421875
6 0.89296875 0.54453125 0.2125 0.1984375
5 0.4109375 0.5109375 0.00546875 0.02734375
5 0.2328125 0.5 0.00390625 0.01015625
5 0.2828125 0.5015625 0.01328125 0.0265625
5 0.7828125 0.53828125 0.02890625 0.10390625
5 0.66875 0.53984375 0.03359375 0.1046875
5 0.42109375 0.55390625 0.0171875 0.07265625
5 0.640625 0.54140625 0.02421875 0.10234375
5 0.76875 0.51015625 0.00859375 0.0328125
5 0.76171875 0.5421875 0.0265625 0.1
5 0.8015625 0.50390625 0.00703125 0.02265625
5 0.54921875 0.521875 0.0046875 0.0265625
5 0.778125 0.5328125 0.0078125 0.0359375
5 0.7234375 0.540625 0.02421875 0.10625
5 0.8171875 0.49140625 0.02265625 0.0375
5 0.6984375 0.51953125 0.01484375 0.0515625
5 0.3125 0.50859375 0.00859375 0.02734375
5 0.7703125 0.525 0.00859375 0.0625
5 0.43984375 0.52421875 0.015625 0.05859375
5 0.7140625 0.525 0.00703125 0.04765625
5 0.8265625 0.48671875 0.01015625 0.01875
5 0.778125 0.5203125 0.01328125 0.05390625
5 0.7453125 0.52421875 0.0140625 0.0609375
5 0.70390625 0.52578125 0.00625 0.02890625
5 0.821875 0.4828125 0.00390625 0.0078125
5 0.6953125 0.52890625 0.00703125 0.01015625
5 0.8015625 0.50078125 0.00703125 0.01875
5 0.5234375 0.5109375 0.00546875 0.02734375
5 0.3234375 0.5484375 0.01171875 0.09609375
5 0.54921875 0.5109375 0.00625 0.02109375
5 0.3234375 0.5140625 0.01328125 0.1125