4 0.4859375 0.5953125 0.12109375 0.17265625
4 0.721875 0.5140625 0.05078125 0.02734375
4 0.915625 0.71171875 0.1671875 0.3140625
4 0.08828125 0.65078125 0.1765625 0.6265625
4 0.76015625 0.5171875 0.0359375 0.02890625
4 0.23671875 0.59921875 0.190625 0.1890625
4 0.4125 0.53046875 0.0671875 0.04140625
6 0.89296875 0.54453125 0.2125 0.1984375
5 0.2515625 0.496875 0.009375 0.0140625
5 0.7546875 0.53984375 0.03125 0.1046875
5 0.6359375 0.540625 0.0375 0.10625
5 0.415625 0.5640625 0.01953125 0.0671875
5 0.60703125 0.53984375 0.021875 0.10234375
5 0.76875 0.52421875 0.01015625 0.0609375
5 0.7328125 0.54296875 0.02421875 0.1015625
5 0.80625 0.4984375 0.00703125 0.02265625
5 0.546875 0.521875 0.00390625 0.0265625
5 0.6890625 0.540625 0.0203125 0.10625
5 0.790625 0.5265625 0.02578125 0.10859375
5 0.703125 0.5203125 0.0109375 0.05234375
5 0.50546875 0.5046875 0.0046875 0.0140625
5 0.825 0.49609375 0.0109375 0.0125
5 0.3203125 0.50859375 0.00859375 0.02734375
5 0.7796875 0.521875 0.0140625 0.06640625
5 0.4171875 0.54453125 0.0109375 0.10625
5 0.72265625 0.52578125 0.0046875 0.0484375
5 0.8 0.49375 0.01171875 0.03515625
5 0.70234375 0.5171875 0.009375 0.0421875
5 0.77890625 0.525 0.0078125 0.06015625
5 0.7484375 0.5296875 0.00390625 0.0515625
5 0.709375 0.5265625 0.00703125 0.0296875
5 0.78984375 0.53203125 0.0125 0.10625
5 0.84375 0.48125 0.0171875 0.02265625
5 0.8109375 0.4984375 0.00546875 0.01484375
5 0.53125 0.5109375 0.00546875 0.02734375
5 0.29921875 0.51015625 0.0109375 0.025
5 0.55625 0.50859375 0.0046875 0.02734375
5 0.29921875 0.48671875 0.0140625 0.05859375