4 0.5703125 0.5203125 0.07890625 0.0421875
4 0.34296875 0.51328125 0.059375 0.0484375
6 0.8609375 0.55625 0.2765625 0.6546875
4 0.134375 0.534375 0.06796875 0.06640625
6 0.6515625 0.50859375 0.08671875 0.0828125
5 0.4421875 0.53203125 0.01640625 0.09609375
5 0.134375 0.4953125 0.00546875 0.01015625
5 0.74765625 0.50546875 0.0078125 0.03125
5 0.04765625 0.50625 0.0078125 0.0328125
5 0.18125 0.53828125 0.0390625 0.1109375
5 0.7125 0.5125 0.00703125 0.0421875
5 0.703125 0.5203125 0.00546875 0.02890625