4 0.571875 0.5234375 0.08359375 0.0421875
4 0.453125 0.51953125 0.05625 0.0515625
6 0.86796875 0.55859375 0.2625 0.6546875
4 0.759375 0.52109375 0.01953125 0.0296875
6 0.6640625 0.5125 0.0890625 0.0796875
4 0.71875 0.5203125 0.06328125 0.03984375
5 0.06875 0.5375 0.03984375 0.09765625
5 0.75703125 0.53671875 0.0234375 0.09140625
5 0.1671875 0.51640625 0.0109375 0.0375
5 0.14609375 0.54140625 0.0328125 0.1078125
5 0.428125 0.51015625 0.00546875 0.0328125
5 0.7234375 0.51953125 0.015625 0.0484375
5 0.16875 0.5109375 0.01171875 0.03359375
5 0.60625 0.5390625 0.0203125 0.1015625
5 0.76484375 0.4984375 0.00625 0.0125