4 0.571875 0.5234375 0.08359375 0.0421875
4 0.453125 0.51953125 0.05625 0.0515625
6 0.86796875 0.55859375 0.2625 0.6546875
4 0.759375 0.52109375 0.01796875 0.0296875
6 0.6640625 0.5125 0.0890625 0.0796875
4 0.7359375 0.5203125 0.06484375 0.03984375
5 0.0984375 0.53671875 0.03046875 0.09609375
5 0.1734375 0.51640625 0.00859375 0.0375
5 0.1203125 0.54140625 0.0390625 0.11015625
5 0.73125 0.5203125 0.01484375 0.05
5 0.1609375 0.5109375 0.01171875 0.03359375
5 0.5796875 0.540625 0.02265625 0.1015625
5 0.75859375 0.52421875 0.0078125 0.04375
5 0.76640625 0.53046875 0.0046875 0.03359375