4 0.5703125 0.5234375 0.08046875 0.0421875
4 0.409375 0.51953125 0.08203125 0.0515625
6 0.86796875 0.55859375 0.2625 0.6546875
4 0.090625 0.5484375 0.11640625 0.0859375
6 0.6546875 0.51328125 0.08828125 0.08125
5 0.375 0.52890625 0.02109375 0.09765625
5 0.15859375 0.5109375 0.0109375 0.03359375
5 0.53671875 0.503125 0.00625 0.01875
5 0.7265625 0.51015625 0.00625 0.0328125
5 0.06796875 0.50390625 0.009375 0.0203125
5 0.2671875 0.53125 0.01171875 0.0828125
5 0.721875 0.5171875 0.009375 0.0453125
5 0.7171875 0.5265625 0.0078125 0.0296875
5 0.765625 0.51015625 0.00546875 0.0328125