4 0.55546875 0.5125 0.065625 0.0328125
4 0.303125 0.50859375 0.06796875 0.03984375
6 0.690625 0.521875 0.20390625 0.22109375
4 0.86015625 0.72890625 0.278125 0.4875
4 0.2390625 0.5203125 0.05078125 0.0453125
4 0.80078125 0.5109375 0.0140625 0.025
4 0.059375 0.5109375 0.07421875 0.0296875
6 0.59375 0.503125 0.0234375 0.05859375
6 0.87421875 0.4875 0.0265625 0.07265625
4 0.8515625 0.50703125 0.03359375 0.03359375
4 0.821875 0.51015625 0.05703125 0.0328125
5 0.5328125 0.51953125 0.02109375 0.0640625
5 0.165625 0.503125 0.00703125 0.0265625
5 0.8703125 0.5046875 0.0109375 0.0421875
5 0.0890625 0.49609375 0.00859375 0.01484375
5 0.2265625 0.51953125 0.01171875 0.06875