4 0.571875 0.5234375 0.08359375 0.0421875
4 0.453125 0.51953125 0.05625 0.0515625
6 0.86796875 0.55859375 0.2625 0.6546875
4 0.746875 0.51953125 0.04140625 0.0265625
6 0.6640625 0.5125 0.0890625 0.0796875
4 0.7109375 0.52421875 0.01484375 0.03125
5 0.0421875 0.5359375 0.03671875 0.0953125
5 0.740625 0.5375 0.0328125 0.0953125
5 0.159375 0.50703125 0.00859375 0.02109375
5 0.17265625 0.5421875 0.0359375 0.10859375
5 0.765625 0.51796875 0.01015625 0.05625
5 0.41875 0.51015625 0.00625 0.0328125
5 0.721875 0.51875 0.00859375 0.05
5 0.7296875 0.50703125 0.00703125 0.0234375
5 0.1796875 0.50234375 0.00703125 0.01484375
5 0.628125 0.5390625 0.015625 0.10234375
5 0.765625 0.5203125 0.00703125 0.0546875