6 0.571875 0.4671875 0.228125 0.2984375
4 0.19609375 0.5109375 0.009375 0.00859375
4 0.175 0.51796875 0.02421875 0.02109375
4 0.178125 0.50703125 0.01328125 0.0109375
5 0.3578125 0.509375 0.00546875 0.0234375
5 0.4296875 0.50625 0.00390625 0.0203125
5 0.4609375 0.5125 0.00546875 0.03984375
5 0.1046875 0.51171875 0.00546875 0.02109375
5 0.87109375 0.5296875 0.028125 0.1140625
5 0.3375 0.51015625 0.00625 0.025
5 0.084375 0.5140625 0.0046875 0.025
5 0.721875 0.5234375 0.0265625 0.0859375
5 0.7328125 0.5359375 0.01171875 0.04765625
5 0.1125 0.509375 0.00546875 0.0109375