6 0.5578125 0.47109375 0.20859375 0.27265625
4 0.00546875 0.51640625 0.0109375 0.0203125
5 0.2046875 0.50859375 0.0046875 0.02265625
5 0.86796875 0.5296875 0.0265625 0.1046875
5 0.2921875 0.51015625 0.00546875 0.02734375
5 0.13203125 0.5078125 0.0046875 0.0171875
5 0.6703125 0.51953125 0.01328125 0.06875
5 0.046875 0.50625 0.00390625 0.0078125
5 0.19453125 0.50859375 0.0046875 0.02265625
5 0.1109375 0.5046875 0.00390625 0.0078125
5 0.096875 0.50625 0.00390625 0.01484375
5 0.1109375 0.5078125 0.00390625 0.0140625