4 0.86328125 0.54453125 0.071875 0.08359375
6 0.565625 0.5578125 0.33046875 0.32265625
4 0.0234375 0.5234375 0.0390625 0.03515625
4 0.9609375 0.52578125 0.04921875 0.0359375
4 0.35234375 0.50078125 0.0359375 0.01875
4 0.7921875 0.55859375 0.11953125 0.09765625
4 0.90625 0.5328125 0.05703125 0.07109375
6 0.1859375 0.49609375 0.08828125 0.05234375
5 0.028125 0.58046875 0.05625 0.2109375
5 0.3484375 0.6390625 0.06640625 0.3875
5 0.1546875 0.54375 0.03359375 0.1421875
5 0.4953125 0.6484375 0.04765625 0.42265625
5 0.2171875 0.51328125 0.01015625 0.04140625
5 0.9765625 0.50703125 0.00390625 0.0140625
5 0.8578125 0.49921875 0.00859375 0.00625
5 0.1234375 0.57578125 0.07734375 0.19140625
5 0.3859375 0.7421875 0.046875 0.30859375
5 0.8234375 0.5015625 0.0109375 0.01875
5 0.7796875 0.5015625 0.00859375 0.0171875
5 0.7515625 0.5125 0.01640625 0.0453125
5 0.7625 0.509375 0.0078125 0.0359375
5 0.2109375 0.51328125 0.00546875 0.0359375
5 0.7953125 0.5015625 0.01015625 0.0171875
5 0.2265625 0.5109375 0.00859375 0.02890625
5 0.4046875 0.5421875 0.01484375 0.1375
5 0.7734375 0.5015625 0.01484375 0.0265625
5 0.88359375 0.4984375 0.0046875 0.00625
5 0.9484375 0.50625 0.00625 0.0125