4 0.40625 0.5078125 0.00859375 0.01015625
4 0.4640625 0.5140625 0.01953125 0.02109375
4 0.4109375 0.50703125 0.01640625 0.0109375
4 0.2921875 0.540625 0.14296875 0.07109375
4 0.4734375 0.5078125 0.015625 0.02265625
4 0.459375 0.5140625 0.01875 0.02734375
6 0.09375 0.51171875 0.18515625 0.0984375
5 0.3 0.5 0.009375 0.0125
5 0.234375 0.50703125 0.00546875 0.03125
5 0.3703125 0.5140625 0.0125 0.0359375
5 0.62265625 0.51953125 0.0109375 0.0484375
5 0.125 0.5328125 0.02421875 0.09765625
5 0.9796875 0.55859375 0.03984375 0.21015625