4 0.95 0.5109375 0.09296875 0.04765625
4 0.2546875 0.515625 0.08203125 0.0390625
4 0.8828125 0.7265625 0.2328125 0.3171875
6 0.528125 0.4828125 0.1703125 0.13984375
5 0.53359375 0.546875 0.0203125 0.12890625
5 0.196875 0.5046875 0.0078125 0.0375
5 0.2875 0.5484375 0.04921875 0.14140625
5 0.246875 0.49296875 0.00390625 0.0109375
5 0.7671875 0.50390625 0.00546875 0.03515625
5 0.29375 0.5046875 0.00546875 0.0359375
5 0.0046875 0.515625 0.009375 0.0640625
5 0.55625 0.5390625 0.02890625 0.1203125
5 0.0703125 0.5109375 0.00625 0.02265625