4 0.8671875 0.5171875 0.08828125 0.04765625
4 0.88515625 0.73515625 0.228125 0.3125
6 0.040625 0.46796875 0.08125 0.9359375
4 0.33125 0.53125 0.1203125 0.0625
5 0.4484375 0.51640625 0.00390625 0.02265625
5 0.39375 0.51015625 0.00703125 0.03515625
5 0.15625 0.51953125 0.01328125 0.0515625
5 0.8953125 0.53828125 0.04140625 0.12890625
5 0.590625 0.51015625 0.01015625 0.0328125
5 0.1671875 0.521875 0.01484375 0.05390625
5 0.83828125 0.5765625 0.028125 0.0921875
5 0.19453125 0.5171875 0.00625 0.0234375