4 0.5296875 0.5125 0.00703125 0.0171875
6 0.08203125 0.52734375 0.1640625 0.27734375
4 0.984375 0.509375 0.01640625 0.0109375
6 0.5 0.49140625 0.05234375 0.11015625
4 0.3921875 0.5171875 0.02734375 0.0203125
4 0.446875 0.51015625 0.01015625 0.0125
4 0.3 0.51015625 0.03125 0.0125
4 0.9609375 0.50859375 0.02421875 0.0125
4 0.46484375 0.51484375 0.0171875 0.02265625
4 0.309375 0.50859375 0.0234375 0.01484375
4 0.434375 0.52578125 0.04296875 0.0484375
4 0.80703125 0.5078125 0.0234375 0.0109375
4 0.5421875 0.5171875 0.028125 0.0328125
4 0.7796875 0.5078125 0.02734375 0.01015625
4 0.33125 0.509375 0.0203125 0.0140625
4 0.709375 0.50859375 0.02421875 0.01015625
4 0.45234375 0.5046875 0.0140625 0.0234375
4 0.59921875 0.5421875 0.0671875 0.0703125