4 0.5 0.52109375 0.02578125 0.0375
4 0.3921875 0.5109375 0.01953125 0.01640625
4 0.5625 0.50703125 0.01640625 0.01875
4 0.5 0.52578125 0.02421875 0.0359375
6 0.165625 0.65234375 0.33046875 0.4578125
4 0.4875 0.5171875 0.0046875 0.02265625
4 0.36484375 0.54921875 0.053125 0.0734375
5 0.5625 0.50625 0.00703125 0.025
5 0.78203125 0.5546875 0.0390625 0.1578125
5 0.45703125 0.50703125 0.0046875 0.01875
5 0.3375 0.5171875 0.00859375 0.0515625
5 0.39375 0.51796875 0.0046875 0.01875
5 0.54375 0.50859375 0.00546875 0.02265625