4 0.44375 0.5109375 0.00859375 0.01640625
4 0.45703125 0.5140625 0.028125 0.03359375
4 0.9921875 0.51171875 0.01484375 0.01875
4 0.50703125 0.50625 0.0109375 0.01015625
4 0.846875 0.5234375 0.07734375 0.02890625
6 0.27734375 0.52578125 0.1609375 0.14140625
4 0.4046875 0.50546875 0.02578125 0.0359375
4 0.92734375 0.515625 0.0671875 0.04375
6 0.790625 0.5125 0.05625 0.0453125
4 0.42734375 0.5140625 0.0203125 0.0234375
5 0.20234375 0.50546875 0.0125 0.03125
5 0.7734375 0.528125 0.01875 0.07109375
5 0.97421875 0.53515625 0.0421875 0.1203125
5 0.36015625 0.5078125 0.0046875 0.02265625
5 0.59921875 0.509375 0.00625 0.02890625
5 0.6859375 0.55859375 0.0515625 0.16015625
5 0.16484375 0.553125 0.03125 0.14140625
5 0.11953125 0.5609375 0.046875 0.1640625
5 0.5625 0.51015625 0.01015625 0.0296875
5 0.87109375 0.5296875 0.015625 0.0765625
5 0.81875 0.5359375 0.0234375 0.12109375
5 0.5421875 0.50625 0.00390625 0.01484375
5 0.7015625 0.51015625 0.0078125 0.0328125
5 0.8453125 0.5578125 0.05859375 0.17265625
5 0.94296875 0.55 0.015625 0.0578125
5 0.6625 0.5078125 0.01015625 0.02109375
5 0.515625 0.51171875 0.01015625 0.02890625
5 0.7328125 0.52109375 0.01328125 0.0578125
5 0.5359375 0.5109375 0.00546875 0.0296875
5 0.553125 0.50703125 0.00390625 0.01640625
5 0.82421875 0.5515625 0.0046875 0.0171875
5 0.1296875 0.52265625 0.009375 0.05
5 0.528125 0.51171875 0.00703125 0.02890625
5 0.18828125 0.56171875 0.025 0.1640625