4 0.4453125 0.509375 0.0046875 0.0140625
4 0.45703125 0.5140625 0.028125 0.03359375
4 0.9875 0.51171875 0.02265625 0.01875
4 0.5015625 0.50625 0.00625 0.01015625
4 0.8375 0.5234375 0.05703125 0.02890625
6 0.27421875 0.52578125 0.1671875 0.14140625
4 0.409375 0.5046875 0.02421875 0.03515625
4 0.9453125 0.5171875 0.06796875 0.04140625
6 0.8203125 0.51171875 0.09453125 0.04375
4 0.43125 0.5140625 0.01953125 0.02265625
5 0.2125 0.50390625 0.01328125 0.02734375
5 0.76875 0.5265625 0.0125 0.06875
5 0.934375 0.534375 0.0234375 0.12109375
5 0.359375 0.5078125 0.00546875 0.02265625
5 0.6078125 0.509375 0.00703125 0.02890625
5 0.7296875 0.5578125 0.04609375 0.16484375
5 0.1390625 0.553125 0.040625 0.14140625
5 0.0875 0.56015625 0.04765625 0.16484375
5 0.5546875 0.5125 0.009375 0.0296875
5 0.7984375 0.5359375 0.03203125 0.12265625
5 0.5421875 0.50625 0.00390625 0.01484375
5 0.5609375 0.5078125 0.00390625 0.0171875
5 0.7125 0.51015625 0.00859375 0.0328125
5 0.88671875 0.5609375 0.0640625 0.1921875
5 0.953125 0.5515625 0.01796875 0.06015625
5 0.5078125 0.5109375 0.00703125 0.0296875
5 0.4703125 0.5125 0.00703125 0.0296875
5 0.53203125 0.5109375 0.00625 0.0296875
5 0.8421875 0.5296875 0.02734375 0.0765625
5 0.2015625 0.515625 0.00625 0.0140625
5 0.534375 0.5109375 0.00390625 0.0296875
5 0.146875 0.5625 0.0296875 0.1625