4 0.4421875 0.5109375 0.01171875 0.0171875
4 0.45703125 0.5140625 0.028125 0.03359375
4 0.9859375 0.51171875 0.01875 0.01875
4 0.5125 0.50625 0.01171875 0.01015625
4 0.85546875 0.5234375 0.059375 0.02890625
6 0.27421875 0.52578125 0.1671875 0.14140625
4 0.40078125 0.50546875 0.0265625 0.0390625
4 0.9359375 0.515625 0.08515625 0.04375
6 0.8015625 0.51171875 0.07890625 0.04375
4 0.425 0.51484375 0.02109375 0.025
5 0.19453125 0.49609375 0.0078125 0.01484375
5 0.77890625 0.528125 0.0140625 0.0734375
5 0.9921875 0.5453125 0.01484375 0.10234375
5 0.36015625 0.5078125 0.0046875 0.02265625
5 0.590625 0.509375 0.0046875 0.02890625
5 0.640625 0.559375 0.05859375 0.1609375
5 0.2015625 0.55390625 0.0421875 0.1421875
5 0.1625 0.5609375 0.05703125 0.1640625
5 0.56953125 0.51015625 0.0078125 0.0296875
5 0.85 0.5296875 0.01953125 0.0765625
5 0.8546875 0.5359375 0.0359375 0.11640625
5 0.5421875 0.5078125 0.00390625 0.0125
5 0.559375 0.5078125 0.00390625 0.01640625
5 0.69296875 0.51015625 0.0078125 0.0328125
5 0.796875 0.5515625 0.04609375 0.15625
5 0.92734375 0.5484375 0.015625 0.05390625
5 0.665625 0.5125 0.00390625 0.0328125
5 0.521875 0.51171875 0.01015625 0.02890625
5 0.7359375 0.521875 0.01171875 0.05859375
5 0.546875 0.5125 0.00859375 0.0296875
5 0.0046875 0.54765625 0.00859375 0.1171875
5 0.8828125 0.5109375 0.0046875 0.0125
5 0.553125 0.50703125 0.00390625 0.01640625
5 0.8203125 0.528125 0.0140625 0.07109375
5 0.1125 0.51953125 0.0171875 0.0609375
5 0.5203125 0.51171875 0.0078125 0.02890625
5 0.2359375 0.5625 0.02890625 0.1625