4 0.4328125 0.51328125 0.02109375 0.02109375
4 0.4546875 0.5140625 0.0234375 0.03359375
4 0.9875 0.51171875 0.02265625 0.01875
4 0.43828125 0.503125 0.0140625 0.0140625
4 0.846875 0.5234375 0.07734375 0.02890625
6 0.27421875 0.52578125 0.1671875 0.14140625
4 0.375 0.50703125 0.03515625 0.0484375
4 0.9359375 0.515625 0.08515625 0.04375
6 0.8078125 0.5125 0.090625 0.0453125
4 0.39375 0.5203125 0.02578125 0.03515625
5 0.1546875 0.51953125 0.0171875 0.0609375
5 0.82734375 0.5265625 0.03125 0.0890625
5 0.021875 0.575 0.02890625 0.08984375
5 0.5609375 0.50859375 0.00703125 0.0296875
5 0.47109375 0.55390625 0.0234375 0.14765625
5 0.33125 0.5578125 0.0390625 0.14765625
5 0.3390625 0.5625 0.03984375 0.1578125
5 0.60078125 0.51015625 0.00625 0.0328125
5 0.78828125 0.52578125 0.0171875 0.06640625
5 0.9578125 0.5328125 0.0234375 0.11015625
5 0.5453125 0.5078125 0.00390625 0.01484375
5 0.65546875 0.51015625 0.00625 0.0328125
5 0.01875 0.515625 0.02421875 0.05859375
5 0.6171875 0.559375 0.03828125 0.1515625
5 0.875 0.54375 0.015625 0.04765625
5 0.6734375 0.51484375 0.00859375 0.0375
5 0.55 0.51015625 0.00859375 0.0296875
5 0.4390625 0.5109375 0.0078125 0.0296875
5 0.753125 0.525 0.00703125 0.0625
5 0.58125 0.509375 0.00625 0.02890625
5 0.0984375 0.55 0.04921875 0.13515625
5 0.7765625 0.5234375 0.0140625 0.0609375
5 0.04921875 0.52109375 0.028125 0.075
5 0.18359375 0.5234375 0.00625 0.02734375
5 0.7453125 0.5078125 0.00703125 0.02734375
5 0.484375 0.5109375 0.00703125 0.0296875
5 0.4140625 0.5609375 0.02578125 0.1625