4 0.48125 0.49609375 0.0125 0.01015625
4 0.4484375 0.50859375 0.03515625 0.03984375
4 0.978125 0.5015625 0.02890625 0.0171875
4 0.5015625 0.5015625 0.015625 0.0171875
4 0.84375 0.51171875 0.0765625 0.02890625
6 0.29140625 0.51328125 0.1515625 0.13125
4 0.52265625 0.4953125 0.0140625 0.01015625
5 0.7046875 0.5046875 0.01015625 0.04765625
5 0.575 0.5390625 0.02578125 0.12734375
5 0.9171875 0.4953125 0.00625 0.0140625
5 0.6984375 0.4984375 0.0046875 0.02890625
5 0.3625 0.54453125 0.03828125 0.14140625
5 0.46875 0.5 0.0078125 0.02734375
5 0.4046875 0.5484375 0.03515625 0.14609375
5 0.21328125 0.50234375 0.0078125 0.0421875
5 0.5734375 0.490625 0.00390625 0.00859375
5 0.8125 0.490625 0.00390625 0.0140625
5 0.7390625 0.5 0.00703125 0.0328125
5 0.42890625 0.5015625 0.0078125 0.02890625
5 0.55625 0.4984375 0.00546875 0.0296875
5 0.6859375 0.50546875 0.00859375 0.04140625
5 0.94375 0.5015625 0.00546875 0.0125
5 0.5515625 0.49765625 0.0046875 0.0171875
5 0.234375 0.49375 0.009375 0.025
5 0.884375 0.4953125 0.0046875 0.02265625
5 0.5671875 0.4984375 0.0046875 0.0265625