4 0.8234375 0.5796875 0.15234375 0.1328125
4 0.50234375 0.51484375 0.0390625 0.06015625
4 0.48359375 0.4984375 0.0109375 0.01015625
6 0.1765625 0.65390625 0.353125 0.6546875
5 0.990625 0.525 0.0171875 0.11015625
5 0.9546875 0.490625 0.00859375 0.0109375
5 0.6015625 0.51328125 0.015625 0.07109375
5 0.54453125 0.503125 0.0046875 0.0265625
5 0.909375 0.5484375 0.01875 0.06640625
5 0.55078125 0.50546875 0.0078125 0.04375
5 0.734375 0.49609375 0.00625 0.0171875
5 0.5234375 0.4984375 0.00390625 0.0140625
5 0.5328125 0.4984375 0.0046875 0.02265625
5 0.528125 0.4984375 0.00390625 0.02265625
5 0.7953125 0.49609375 0.00625 0.01484375
5 0.7671875 0.49453125 0.00546875 0.01640625
5 0.8796875 0.49609375 0.00390625 0.0203125
5 0.5234375 0.4984375 0.00390625 0.0203125
5 0.80546875 0.49453125 0.0078125 0.01640625
5 0.640625 0.5234375 0.02421875 0.1046875
5 0.871875 0.4984375 0.015625 0.02890625
5 0.5671875 0.50546875 0.00859375 0.04375
5 0.95390625 0.48984375 0.0078125 0.01015625
5 0.6703125 0.49453125 0.0078125 0.01640625