4 0.68515625 0.57734375 0.171875 0.125
4 0.01171875 0.521875 0.0234375 0.0359375
6 0.4984375 0.47578125 0.16015625 0.1390625
4 0.07421875 0.52421875 0.0859375 0.0359375
4 0.4984375 0.73515625 0.31953125 0.43515625
4 0.11875 0.5203125 0.06796875 0.03515625
5 0.28125 0.51015625 0.00703125 0.0296875
5 0.390625 0.5109375 0.00390625 0.02734375
5 0.7359375 0.51796875 0.01796875 0.06640625
5 0.32421875 0.5265625 0.021875 0.06875
5 0.059375 0.521875 0.01640625 0.07109375
5 0.6375 0.50546875 0.00546875 0.0234375
5 0.7171875 0.52421875 0.00703125 0.01640625
5 0.6609375 0.5046875 0.00859375 0.02109375
5 0.38046875 0.5078125 0.0046875 0.025
5 0.2796875 0.5140625 0.00859375 0.03359375
5 0.653125 0.5046875 0.00625 0.02109375
5 0.3171875 0.51796875 0.00546875 0.02109375
5 0.63203125 0.509375 0.009375 0.03125
5 0.2375 0.5234375 0.00546875 0.0265625
5 0.60078125 0.50546875 0.0046875 0.01875
5 0.2734375 0.51484375 0.0078125 0.0375
5 0.14453125 0.51015625 0.0046875 0.0078125
5 0.2390625 0.5390625 0.00859375 0.03984375
5 0.265625 0.51484375 0.01015625 0.0375