4 0.68515625 0.57734375 0.171875 0.125
4 0.01171875 0.5234375 0.0234375 0.0328125
6 0.4984375 0.47578125 0.16328125 0.14375
4 0.07421875 0.52421875 0.0859375 0.0359375
4 0.4984375 0.73515625 0.31953125 0.43515625
4 0.37578125 0.5078125 0.0171875 0.0109375
4 0.11875 0.5203125 0.06796875 0.03515625
5 0.3171875 0.5125 0.00703125 0.0296875
5 0.61171875 0.51875 0.009375 0.05
5 0.6859375 0.50546875 0.00390625 0.01875
5 0.7421875 0.5171875 0.01015625 0.0546875
5 0.196875 0.51953125 0.0125 0.0484375
5 0.1078125 0.525 0.02265625 0.08515625
5 0.58359375 0.5078125 0.0046875 0.0234375
5 0.159375 0.5203125 0.01953125 0.07109375
5 0.2375 0.509375 0.0078125 0.03125
5 0.18984375 0.5203125 0.021875 0.06484375
5 0.0046875 0.50546875 0.00859375 0.0390625
5 0.284375 0.52109375 0.00546875 0.025
5 0.3625 0.5265625 0.01328125 0.07109375
5 0.63515625 0.50703125 0.00625 0.0234375
5 0.17890625 0.51953125 0.009375 0.0484375
5 0.28125 0.51953125 0.00390625 0.02109375
5 0.17265625 0.5171875 0.0109375 0.05390625
5 0.4015625 0.5375 0.00859375 0.03984375
5 0.3453125 0.509375 0.00546875 0.02890625
5 0.078125 0.5171875 0.0109375 0.05625