4 0.68515625 0.57734375 0.171875 0.125
4 0.01171875 0.52578125 0.0234375 0.02890625
6 0.4984375 0.47578125 0.16328125 0.14375
4 0.07421875 0.52421875 0.0859375 0.0359375
4 0.4984375 0.73515625 0.31953125 0.43515625
4 0.121875 0.5203125 0.06171875 0.03515625
5 0.19765625 0.50859375 0.0046875 0.0296875
5 0.340625 0.509375 0.00546875 0.02890625
5 0.665625 0.50390625 0.00546875 0.02265625
5 0.59609375 0.53984375 0.00625 0.03984375
5 0.71484375 0.51015625 0.0125 0.03984375
5 0.153125 0.51640625 0.01484375 0.05234375
5 0.084375 0.52109375 0.01953125 0.0671875
5 0.2703125 0.51015625 0.00859375 0.0296875
5 0.109375 0.51953125 0.0234375 0.06640625
5 0.6265625 0.5046875 0.00625 0.0203125
5 0.0453125 0.52109375 0.01953125 0.07734375
5 0.29453125 0.5203125 0.0046875 0.0234375
5 0.64765625 0.5046875 0.009375 0.02109375
5 0.13984375 0.5171875 0.0109375 0.0578125
5 0.271875 0.5203125 0.0046875 0.02265625
5 0.2046875 0.51328125 0.01015625 0.02109375
5 0.3609375 0.53828125 0.0125 0.0390625
5 0.325 0.509375 0.0078125 0.03125
5 0.00703125 0.51796875 0.0140625 0.05625