4 0.67890625 0.575 0.1625 0.1203125
4 0.025 0.51875 0.05 0.040625
6 0.5 0.4890625 0.13671875 0.1390625
4 0.09296875 0.5234375 0.08125 0.03359375
4 0.5 0.6578125 0.20703125 0.28984375
4 0.1359375 0.51953125 0.06328125 0.03359375
5 0.1203125 0.4984375 0.00390625 0.00625
5 0.2953125 0.5140625 0.00703125 0.0359375
5 0.3140625 0.5265625 0.025 0.06875
5 0.72734375 0.51640625 0.0125 0.06484375
5 0.7234375 0.51640625 0.01328125 0.05
5 0.8203125 0.5203125 0.01484375 0.06875
5 0.27421875 0.5140625 0.0109375 0.0359375
5 0.325 0.52421875 0.01171875 0.0640625
5 0.0140625 0.5296875 0.009375 0.0328125
5 0.3453125 0.525 0.0234375 0.06484375
5 0.1765625 0.50859375 0.00703125 0.0296875
5 0.353125 0.50625 0.00390625 0.0203125
5 0.36875 0.52421875 0.02265625 0.0609375
5 0.7125 0.521875 0.00625 0.01875
5 0.259375 0.5234375 0.00625 0.02734375
5 0.21796875 0.52109375 0.0265625 0.0671875
5 0.25 0.5140625 0.01015625 0.0390625
5 0.078125 0.521875 0.025 0.0734375
5 0.4125 0.5109375 0.00546875 0.0265625
5 0.2171875 0.5140625 0.0078125 0.03359375
5 0.0109375 0.51484375 0.021875 0.0609375