4 0.68515625 0.57734375 0.171875 0.125
4 0.01171875 0.521875 0.0234375 0.0359375
6 0.4984375 0.47578125 0.16328125 0.14375
4 0.07421875 0.52421875 0.0859375 0.0359375
4 0.4984375 0.73515625 0.31953125 0.43515625
4 0.11875 0.5203125 0.06796875 0.03515625
5 0.3453125 0.509375 0.00625 0.02890625
5 0.66015625 0.50390625 0.0109375 0.02265625
5 0.60390625 0.540625 0.0078125 0.0359375
5 0.7109375 0.50703125 0.00859375 0.03359375
5 0.1328125 0.51328125 0.0109375 0.04609375
5 0.0640625 0.52109375 0.01640625 0.0671875
5 0.2796875 0.51015625 0.00625 0.0296875
5 0.090625 0.51953125 0.0234375 0.06640625
5 0.628125 0.5046875 0.00546875 0.0203125
5 0.0515625 0.521875 0.01875 0.0734375
5 0.296875 0.5203125 0.00546875 0.02265625
5 0.64765625 0.5046875 0.00625 0.02109375
5 0.121875 0.5125 0.01484375 0.05
5 0.26875 0.5203125 0.00546875 0.0234375
5 0.58515625 0.5046875 0.00625 0.0140625
5 0.21484375 0.51640625 0.0109375 0.0453125
5 0.3515625 0.53828125 0.0125 0.0390625
5 0.321875 0.51171875 0.0078125 0.03125