4 0.68515625 0.57734375 0.171875 0.125
4 0.01171875 0.52109375 0.0234375 0.03515625
6 0.4984375 0.47578125 0.16328125 0.14375
4 0.07578125 0.525 0.0828125 0.03515625
4 0.4984375 0.73515625 0.31953125 0.43515625
4 0.11953125 0.5203125 0.0671875 0.03515625
5 0.234375 0.509375 0.00625 0.02890625
5 0.371875 0.50859375 0.00390625 0.02734375
5 0.6359375 0.5078125 0.0125 0.0296875
5 0.03828125 0.5171875 0.0140625 0.0625
5 0.64375 0.5046875 0.0078125 0.02109375
5 0.690625 0.5046875 0.0078125 0.0234375
5 0.0515625 0.5171875 0.025 0.05859375
5 0.2953125 0.51171875 0.00703125 0.03125
5 0.02578125 0.5203125 0.025 0.06484375
5 0.6640625 0.51171875 0.00390625 0.00625
5 0.01875 0.5203125 0.01796875 0.0703125
5 0.303125 0.51953125 0.00390625 0.02109375
5 0.659375 0.50703125 0.00703125 0.01640625
5 0.075 0.5203125 0.0234375 0.06875
5 0.25625 0.52109375 0.00546875 0.025
5 0.59375 0.5078125 0.00546875 0.0203125
5 0.24140625 0.5171875 0.009375 0.04375
5 0.3109375 0.5390625 0.009375 0.0390625
5 0.3015625 0.5140625 0.00859375 0.0328125