4 0.68515625 0.57734375 0.171875 0.125
4 0.01171875 0.521875 0.0234375 0.0359375
6 0.4984375 0.47578125 0.16328125 0.14375
4 0.07421875 0.52421875 0.0859375 0.0359375
4 0.4984375 0.73515625 0.31953125 0.43515625
4 0.41484375 0.509375 0.0046875 0.00859375
4 0.11875 0.5203125 0.06796875 0.03515625
5 0.15 0.50546875 0.00546875 0.02109375
5 0.3109375 0.51328125 0.00703125 0.03125
5 0.6765625 0.50390625 0.0109375 0.02265625
5 0.696875 0.5046875 0.009375 0.025
5 0.765625 0.51640625 0.01953125 0.0578125
5 0.2265625 0.5171875 0.00703125 0.04609375
5 0.18515625 0.5234375 0.0265625 0.0734375
5 0.5890625 0.5046875 0.00546875 0.0171875
5 0.221875 0.52734375 0.01796875 0.0703125
5 0.21171875 0.51484375 0.0046875 0.0203125
5 0.35 0.50625 0.00390625 0.0171875
5 0.24375 0.525 0.01953125 0.0671875
5 0.7015625 0.515625 0.00546875 0.00859375
5 0.275 0.521875 0.00625 0.0265625
5 0.296875 0.528125 0.0203125 0.07109375
5 0.63046875 0.50859375 0.0078125 0.02734375
5 0.2046875 0.5140625 0.0109375 0.03984375
5 0.2921875 0.51875 0.00390625 0.0203125
5 0.1375 0.51640625 0.01640625 0.0578125
5 0.3640625 0.50859375 0.00703125 0.02734375
5 0.1375 0.52890625 0.01640625 0.025