4 0.33125 0.5359375 0.04609375 0.03515625
4 0.5 0.534375 0.0265625 0.0359375
4 0.5421875 0.5046875 0.01796875 0.0078125
4 0.3796875 0.503125 0.01484375 0.00859375
4 0.528125 0.5203125 0.01484375 0.01875
4 0.46953125 0.50546875 0.0078125 0.00859375
4 0.46875 0.50078125 0.00625 0.00859375
4 0.4765625 0.503125 0.00625 0.00625
4 0.38203125 0.50390625 0.015625 0.0078125
6 0.815625 0.58046875 0.36796875 0.4765625
6 0.5078125 0.4984375 0.00546875 0.00625
4 0.51171875 0.50390625 0.00625 0.0078125
4 0.45078125 0.50625 0.009375 0.01015625
5 0.29140625 0.52265625 0.0078125 0.03515625
5 0.359375 0.51640625 0.0046875 0.025