4 0.0296875 0.5609375 0.05859375 0.09140625
4 0.440625 0.5234375 0.02578125 0.03125
4 0.34921875 0.496875 0.0203125 0.00859375
4 0.4421875 0.5046875 0.01328125 0.01015625
4 0.4046875 0.5 0.01015625 0.01015625
4 0.40390625 0.49375 0.0078125 0.0078125
4 0.4203125 0.49296875 0.00390625 0.00625
4 0.4109375 0.4921875 0.00390625 0.00625
4 0.415625 0.49609375 0.00703125 0.0078125
6 0.6765625 0.5359375 0.2875 0.29609375
6 0.4421875 0.4921875 0.00703125 0.00625
4 0.4515625 0.4953125 0.00546875 0.00625
4 0.37734375 0.503125 0.0125 0.0140625
5 0.53125 0.5109375 0.00390625 0.0234375
5 0.225 0.51796875 0.0109375 0.0359375
5 0.2953125 0.509375 0.00703125 0.0234375