4 0.96640625 0.51015625 0.015625 0.0171875
4 0.521875 0.50625 0.04296875 0.04765625
4 0.43203125 0.5125 0.0171875 0.02265625
4 0.853125 0.52109375 0.0734375 0.03515625
6 0.125 0.5421875 0.24921875 0.25
6 0.4734375 0.5109375 0.06796875 0.0703125
5 0.6609375 0.5140625 0.009375 0.03515625
5 0.76875 0.515625 0.00546875 0.01875
5 0.79453125 0.521875 0.01875 0.05859375
5 0.62265625 0.50859375 0.00625 0.02734375
5 0.553125 0.51875 0.0046875 0.0171875
5 0.68046875 0.509375 0.0046875 0.02890625
5 0.90625 0.509375 0.0078125 0.02890625
5 0.634375 0.509375 0.00625 0.02890625
5 0.840625 0.5015625 0.00546875 0.01484375
5 0.3296875 0.5078125 0.00390625 0.025