4 0.35390625 0.5140625 0.0328125 0.03515625
6 0.7578125 0.4828125 0.28046875 0.21484375
4 0.309375 0.51328125 0.04765625 0.0359375
4 0.28203125 0.5 0.00625 0.01015625
4 0.971875 0.5296875 0.05390625 0.06484375
4 0.4125 0.50859375 0.08359375 0.12265625
4 0.3375 0.51015625 0.02109375 0.025
4 0.23359375 0.4984375 0.0203125 0.02109375
6 0.01328125 0.51875 0.0265625 0.1
4 0.921875 0.5265625 0.05234375 0.0734375
5 0.55625 0.5140625 0.01484375 0.05234375
5 0.475 0.5140625 0.01484375 0.05625
5 0.971875 0.49609375 0.01953125 0.025
5 0.1375 0.51640625 0.021875 0.0578125
5 0.50625 0.51484375 0.01328125 0.05234375
5 0.6125 0.515625 0.0109375 0.05625
5 0.16875 0.5078125 0.015625 0.04765625
5 0.5484375 0.60234375 0.02734375 0.1078125