4 0.97578125 0.5234375 0.0453125 0.0453125
4 0.3765625 0.51015625 0.03125 0.0296875
6 0.5 0.44921875 0.20859375 0.4015625
4 0.9 0.5203125 0.08203125 0.0515625
4 0.18359375 0.534375 0.3671875 0.40859375
4 0.3671875 0.4984375 0.009375 0.00859375
4 0.390625 0.5046875 0.00859375 0.0234375
4 0.0015625 0.8765625 0.003125 0.109375
4 0.790625 0.51953125 0.103125 0.05625
5 0.828125 0.4890625 0.00546875 0.0109375
5 0.6484375 0.50546875 0.0078125 0.04375
5 0.3796875 0.51015625 0.0125 0.0421875
5 0.35625 0.50703125 0.0078125 0.0359375
5 0.75625 0.49609375 0.00859375 0.025
5 0.721875 0.55625 0.01328125 0.0625