4 0.453125 0.503125 0.00859375 0.02109375
4 0.35390625 0.5140625 0.0328125 0.03515625
6 0.7578125 0.4828125 0.28046875 0.21484375
4 0.309375 0.51328125 0.04765625 0.0359375
4 0.971875 0.5296875 0.05390625 0.06484375
4 0.4125 0.50859375 0.08359375 0.12265625
4 0.3375 0.51015625 0.02109375 0.025
4 0.178125 0.4984375 0.02734375 0.02109375
4 0.921875 0.5265625 0.05234375 0.0734375
5 0.58359375 0.51328125 0.0109375 0.0515625
5 0.5078125 0.51484375 0.009375 0.0546875
5 0.171875 0.515625 0.01484375 0.05625
5 0.4765625 0.51484375 0.01640625 0.0546875
5 0.1859375 0.50703125 0.01328125 0.04375
5 0.6171875 0.60703125 0.03828125 0.1109375