4 0.4296875 0.521875 0.01796875 0.04375
4 0.41796875 0.49921875 0.015625 0.0109375
6 0.49609375 0.47578125 0.1140625 0.23125
4 0.7015625 0.5078125 0.0359375 0.02109375
4 0.1625 0.58203125 0.32421875 0.7015625
4 0.628125 0.50703125 0.04296875 0.0234375
5 0.7765625 0.5015625 0.00625 0.02109375
5 0.55625 0.5109375 0.00390625 0.0328125
5 0.696875 0.4953125 0.00390625 0.0078125
5 0.9390625 0.50859375 0.009375 0.0328125
5 0.9375 0.503125 0.01015625 0.0234375
5 0.3625 0.5 0.0046875 0.0203125
5 0.75 0.5015625 0.00703125 0.02265625
5 0.81953125 0.51640625 0.009375 0.075