4 0.4171875 0.5 0.00625 0.0171875
6 0.49921875 0.46328125 0.15625 0.30859375
4 0.0203125 0.51328125 0.03984375 0.03125
4 0.7296875 0.509375 0.04765625 0.02890625
4 0.33671875 0.5203125 0.153125 0.20234375
4 0.240625 0.50859375 0.04375 0.0328125
4 0.01875 0.49453125 0.0078125 0.01875
6 0.0828125 0.50234375 0.09296875 0.05234375
4 0.66875 0.5078125 0.05703125 0.03125
5 0.81640625 0.5 0.0078125 0.02734375
5 0.1390625 0.50078125 0.0046875 0.02890625
5 0.77890625 0.50078125 0.00625 0.02890625
5 0.696875 0.51953125 0.00546875 0.0265625