4 0.35390625 0.5140625 0.0328125 0.03515625
6 0.7578125 0.4828125 0.28046875 0.21484375
4 0.309375 0.51328125 0.04765625 0.0359375
4 0.296875 0.5 0.01171875 0.01015625
4 0.971875 0.5296875 0.05390625 0.06484375
4 0.4125 0.50859375 0.08359375 0.12265625
4 0.3375 0.51015625 0.02109375 0.025
4 0.2078125 0.50078125 0.03359375 0.01640625
4 0.921875 0.5265625 0.05234375 0.0734375
5 0.56875 0.5140625 0.01484375 0.05234375
5 0.490625 0.51484375 0.01171875 0.0546875
5 0.990625 0.48984375 0.01015625 0.01484375
5 0.15546875 0.515625 0.0171875 0.05625
5 0.4890625 0.51484375 0.01484375 0.05234375
5 0.1796875 0.50703125 0.01171875 0.04609375
5 0.57890625 0.60390625 0.0375 0.1078125