4 0.334375 0.496875 0.02265625 0.00859375
4 0.35390625 0.5140625 0.0328125 0.03515625
6 0.7578125 0.4828125 0.28046875 0.21484375
4 0.3109375 0.51328125 0.04453125 0.0359375
4 0.971875 0.5296875 0.05390625 0.06484375
4 0.4125 0.50859375 0.08359375 0.12265625
4 0.3375 0.51015625 0.02109375 0.025
4 0.2953125 0.49765625 0.01875 0.0203125
6 0.19921875 0.5140625 0.1828125 0.11875
4 0.921875 0.5265625 0.05234375 0.0734375
5 0.5 0.5140625 0.01640625 0.0515625
5 0.9140625 0.48828125 0.00859375 0.00859375
5 0.071875 0.5171875 0.015625 0.0546875
5 0.55703125 0.5140625 0.0109375 0.05390625
5 0.553125 0.515625 0.01796875 0.05625
5 0.4265625 0.6015625 0.03515625 0.10234375