4 0.03125 0.50234375 0.0625 0.01015625
4 0.86640625 0.5234375 0.0640625 0.04609375
6 0.47890625 0.40390625 0.4265625 0.7953125
4 0.75234375 0.50859375 0.034375 0.0203125
4 0.96640625 0.4953125 0.00625 0.0109375
4 0.94375 0.50390625 0.03671875 0.0078125
4 0.25 0.49296875 0.0296875 0.0234375
5 0.828125 0.503125 0.01328125 0.0390625
5 0.1234375 0.5 0.00859375 0.0171875
5 0.78203125 0.5015625 0.0046875 0.0171875
5 0.08515625 0.4984375 0.0109375 0.0171875
5 0.69453125 0.51015625 0.0046875 0.0078125
5 0.9 0.5265625 0.02421875 0.09765625
5 0.703125 0.5015625 0.00859375 0.025
5 0.7859375 0.49921875 0.00390625 0.0140625
5 0.834375 0.5 0.00390625 0.01484375
5 0.7296875 0.50234375 0.0109375 0.0296875