6 0.29921875 0.5375 0.2140625 0.225
4 0.45625 0.5171875 0.02265625 0.02890625
4 0.44453125 0.5078125 0.028125 0.01640625
4 0.5 0.5171875 0.02265625 0.02890625
4 0.5 0.5046875 0.01796875 0.0078125
4 0.46875 0.5109375 0.015625 0.025
5 0.6578125 0.528125 0.02109375 0.09375
5 0.584375 0.5140625 0.00859375 0.05
5 0.590625 0.51171875 0.0078125 0.04140625
5 0.521875 0.50625 0.00546875 0.0203125
5 0.528125 0.50703125 0.00390625 0.02109375
5 0.1953125 0.53984375 0.03046875 0.0875
5 0.54765625 0.5078125 0.00625 0.0265625
5 0.56875 0.51328125 0.0078125 0.04609375
5 0.703125 0.5015625 0.00390625 0.01015625
5 0.5390625 0.5078125 0.00390625 0.0265625
5 0.9625 0.7015625 0.07265625 0.2796875