4 0.44921875 0.51640625 0.03125 0.03515625
4 0.49921875 0.53125 0.05625 0.08515625
6 0.08984375 0.4796875 0.1796875 0.95859375
5 0.396875 0.51171875 0.0078125 0.04140625
5 0.96875 0.63359375 0.06015625 0.45234375
5 0.671875 0.53515625 0.02421875 0.1203125
5 0.37265625 0.515625 0.009375 0.0515625
5 0.54375 0.51328125 0.0078125 0.03125
5 0.559375 0.51328125 0.00859375 0.04375
5 0.359375 0.5140625 0.00859375 0.0484375
5 0.18984375 0.53515625 0.0203125 0.1171875
5 0.31875 0.50625 0.00625 0.025
5 0.54921875 0.51015625 0.0046875 0.0296875
5 0.228125 0.4984375 0.00390625 0.0078125