4 0.46875 0.50078125 0.00703125 0.00625
4 0.11640625 0.509375 0.028125 0.0109375
4 0.18359375 0.5078125 0.0203125 0.0109375
6 0.31484375 0.5390625 0.178125 0.1921875
4 0.5 0.5546875 0.096875 0.1421875
4 0.215625 0.50703125 0.0125 0.00859375
4 0.421875 0.53125 0.03671875 0.0546875
4 0.06171875 0.5109375 0.03125 0.0140625
4 0.4640625 0.5125 0.009375 0.0171875
4 0.159375 0.509375 0.02421875 0.00859375
4 0.0078125 0.50703125 0.015625 0.0140625
4 0.4453125 0.5203125 0.02578125 0.0359375
5 0.634375 0.53203125 0.01953125 0.0890625
5 0.4140625 0.5015625 0.00625 0.0109375