4 0.81015625 0.52109375 0.0921875 0.0375
4 0.41015625 0.51015625 0.025 0.0125
4 0.48359375 0.50625 0.0078125 0.01015625
4 0.1078125 0.5265625 0.02890625 0.04375
6 0.17890625 0.5234375 0.1734375 0.12890625
5 0.3265625 0.51484375 0.0046875 0.0203125
5 0.2125 0.54921875 0.03515625 0.13359375
5 0.3515625 0.50625 0.0046875 0.01484375
5 0.34375 0.50625 0.00390625 0.01484375
5 0.4140625 0.59453125 0.03671875 0.1140625
5 0.365625 0.55703125 0.04765625 0.15390625
5 0.65625 0.51015625 0.00703125 0.03515625
5 0.903125 0.54140625 0.02578125 0.13984375