4 0.45 0.50390625 0.0140625 0.0078125
4 0.890625 0.52578125 0.1203125 0.0484375
4 0.4125 0.5015625 0.01484375 0.0109375
4 0.4828125 0.5046875 0.00859375 0.01015625
4 0.52578125 0.50390625 0.009375 0.0078125
6 0.0796875 0.5171875 0.15859375 0.1734375
4 0.515625 0.50390625 0.0125 0.0078125
5 0.371875 0.5203125 0.00546875 0.0234375
5 0.321875 0.50390625 0.00390625 0.0203125
5 0.30625 0.50703125 0.00703125 0.0265625
5 0.8703125 0.50078125 0.01015625 0.01875
5 0.1421875 0.6234375 0.11484375 0.32109375