4 0.4375 0.5046875 0.01015625 0.0078125
4 0.890625 0.5265625 0.1203125 0.0484375
4 0.4234375 0.50390625 0.0203125 0.01015625
4 0.4828125 0.50625 0.00859375 0.01015625
4 0.4078125 0.5046875 0.009375 0.0078125
6 0.07890625 0.51953125 0.1578125 0.1734375
4 0.5078125 0.5046875 0.01640625 0.0078125
5 0.378125 0.521875 0.0078125 0.0234375
5 0.3203125 0.5078125 0.00546875 0.025
5 0.3015625 0.5078125 0.00546875 0.0265625
5 0.3484375 0.50859375 0.00390625 0.0203125
5 0.8828125 0.4984375 0.00546875 0.0125
5 0.06484375 0.6265625 0.1 0.3171875