4 0.8109375 0.52109375 0.09140625 0.0375
4 0.4109375 0.50859375 0.015625 0.01015625
4 0.48359375 0.50625 0.0078125 0.01015625
4 0.40234375 0.53046875 0.0859375 0.0515625
6 0.17890625 0.5234375 0.1734375 0.12890625
5 0.359375 0.5078125 0.00390625 0.0171875
5 0.3203125 0.51484375 0.00390625 0.0203125
5 0.3546875 0.5046875 0.00390625 0.0125
5 0.084375 0.56484375 0.03828125 0.1703125
5 0.08125 0.55234375 0.04375 0.1375
5 0.3484375 0.5046875 0.00390625 0.0171875
5 0.33828125 0.5078125 0.0046875 0.0171875
5 0.3390625 0.5921875 0.025 0.1140625
5 0.2421875 0.55859375 0.04765625 0.15
5 0.6875 0.51015625 0.01015625 0.0328125
5 0.7828125 0.54140625 0.04375 0.13984375
5 0.02421875 0.509375 0.0109375 0.03125