4 0.81015625 0.52109375 0.0921875 0.0375
4 0.41015625 0.51015625 0.025 0.0125
4 0.48359375 0.50625 0.0078125 0.01015625
4 0.26328125 0.53828125 0.0296875 0.0359375
6 0.17890625 0.5234375 0.1734375 0.12890625
5 0.35625 0.5078125 0.00390625 0.0171875
5 0.01875 0.565625 0.03671875 0.16640625
5 0.1671875 0.5515625 0.04609375 0.1375
5 0.3515625 0.50625 0.00390625 0.01484375
5 0.340625 0.50625 0.0046875 0.01484375
5 0.3828125 0.59296875 0.0421875 0.1140625
5 0.3234375 0.5578125 0.05234375 0.15390625
5 0.6671875 0.5109375 0.01015625 0.03359375
5 0.86484375 0.540625 0.0359375 0.1390625