4 0.81015625 0.52109375 0.0921875 0.0375
4 0.40078125 0.51015625 0.0265625 0.0125
4 0.48984375 0.53046875 0.0828125 0.0515625
6 0.1875 0.5234375 0.15625 0.12890625
5 0.32421875 0.515625 0.0046875 0.02109375
5 0.0984375 0.56875 0.04453125 0.16484375
5 0.0421875 0.5515625 0.03828125 0.1375
5 0.346875 0.5046875 0.0046875 0.0171875
5 0.3375 0.5078125 0.00390625 0.0171875
5 0.31484375 0.5921875 0.0234375 0.1109375
5 0.203125 0.5578125 0.04609375 0.15390625
5 0.6984375 0.51015625 0.0078125 0.0328125
5 0.7453125 0.55390625 0.05078125 0.13984375
5 0.0140625 0.509375 0.009375 0.03125