4 0.446875 0.51796875 0.0328125 0.03125
4 0.5 0.5125 0.02890625 0.0453125
6 0.62265625 0.4703125 0.1546875 0.23125
5 0.96015625 0.5203125 0.0140625 0.08359375
5 0.8796875 0.5140625 0.01171875 0.0640625
5 0.8484375 0.5125 0.01015625 0.0578125
5 0.815625 0.5125 0.00703125 0.0546875
5 0.7296875 0.50625 0.00546875 0.03984375
5 0.828125 0.51171875 0.01171875 0.05390625
5 0.996875 0.52109375 0.0046875 0.08515625
5 0.86328125 0.51484375 0.0125 0.0671875
5 0.9171875 0.52265625 0.0078125 0.0625
5 0.734375 0.5078125 0.00703125 0.04140625