6 0.31875 0.534375 0.16875 0.18125
6 0.49921875 0.50078125 0.0203125 0.0390625
5 0.6640625 0.5671875 0.01328125 0.0734375
5 0.6046875 0.52734375 0.01953125 0.075
5 0.6296875 0.528125 0.01796875 0.07109375
5 0.446875 0.51796875 0.009375 0.0359375
5 0.50234375 0.51640625 0.0109375 0.0328125
5 0.55625 0.5125 0.0046875 0.02265625
5 0.4328125 0.51328125 0.0046875 0.0265625
5 0.5375 0.51171875 0.00390625 0.02109375
5 0.5015625 0.5171875 0.009375 0.03515625
5 0.59296875 0.553125 0.0140625 0.0640625
5 0.584375 0.5265625 0.01328125 0.07109375
5 0.465625 0.5140625 0.00703125 0.02265625
5 0.415625 0.515625 0.0046875 0.0265625
5 0.7203125 0.559375 0.01875 0.0765625
5 0.5703125 0.521875 0.01171875 0.05390625
5 0.440625 0.51171875 0.00390625 0.02109375