4 0.83125 0.5421875 0.028125 0.03359375
4 0.91953125 0.54453125 0.0140625 0.02890625
6 0.7046875 0.5359375 0.134375 0.14765625
4 0.8859375 0.5703125 0.084375 0.1015625
4 0.803125 0.5453125 0.03203125 0.0546875
4 0.78203125 0.55 0.0296875 0.07265625
4 0.8421875 0.528125 0.0296875 0.02890625
5 0.2703125 0.54296875 0.03828125 0.1734375
5 0.15625 0.57734375 0.0421875 0.11015625
5 0.9953125 0.55078125 0.0078125 0.03125
5 0.9953125 0.540625 0.00859375 0.04140625
5 0.571875 0.53046875 0.01953125 0.08125
5 0.5421875 0.5328125 0.02109375 0.0890625
5 0.9953125 0.5375 0.00703125 0.03515625