4 0.4859375 0.50546875 0.00546875 0.00859375
4 0.4375 0.50546875 0.0125 0.00625
6 0.265625 0.53984375 0.2390625 0.23515625
4 0.47421875 0.509375 0.0125 0.0140625
4 0.4828125 0.5078125 0.00546875 0.0125
4 0.4765625 0.5078125 0.01015625 0.0140625
5 0.5921875 0.5265625 0.00859375 0.0828125
5 0.596875 0.5328125 0.01484375 0.10234375
5 0.4015625 0.5109375 0.00625 0.0296875
5 0.5859375 0.52109375 0.0109375 0.06484375
5 0.4453125 0.5078125 0.00390625 0.02109375
5 0.61015625 0.5359375 0.0296875 0.11015625
5 0.628125 0.5328125 0.0171875 0.10234375