4 0.48671875 0.509375 0.0046875 0.00859375
4 0.440625 0.509375 0.0125 0.00625
6 0.3046875 0.5375 0.18828125 0.19765625
4 0.475 0.5140625 0.01171875 0.01484375
4 0.4828125 0.5109375 0.00625 0.0125
4 0.47734375 0.5125 0.009375 0.01484375
5 0.0546875 0.68671875 0.040625 0.17890625
5 0.453125 0.51171875 0.00390625 0.01875
5 0.4359375 0.5125 0.00390625 0.02265625
5 0.584375 0.5328125 0.0109375 0.0875
5 0.40625 0.5140625 0.00625 0.02890625
5 0.578125 0.5234375 0.00859375 0.05859375
5 0.4484375 0.5109375 0.0046875 0.0203125
5 0.5921875 0.534375 0.021875 0.09140625
5 0.609375 0.5328125 0.0171875 0.0875