4 0.45 0.50390625 0.01015625 0.0078125
6 0.3234375 0.52890625 0.165625 0.17734375
4 0.47578125 0.5078125 0.0125 0.0140625
4 0.484375 0.50546875 0.00546875 0.0109375
4 0.478125 0.50703125 0.009375 0.0140625
5 0.28515625 0.63359375 0.025 0.1375
5 0.4578125 0.50546875 0.00390625 0.01875
5 0.4515625 0.50703125 0.00390625 0.01640625
5 0.434375 0.5078125 0.00390625 0.02265625
5 0.5859375 0.52265625 0.00859375 0.07265625
5 0.41171875 0.50859375 0.0046875 0.02734375
5 0.56875 0.51640625 0.01015625 0.05234375
5 0.453125 0.50625 0.00390625 0.0203125
5 0.5828125 0.5234375 0.01953125 0.07734375
5 0.6 0.52265625 0.01328125 0.075
5 0.12265625 0.60234375 0.078125 0.275