4 0.521875 0.5078125 0.01171875 0.0171875
4 0.396875 0.51171875 0.01953125 0.02109375
4 0.3578125 0.5234375 0.04765625 0.04140625
6 0.2125 0.4890625 0.16328125 0.1546875
6 0.41875 0.5046875 0.02109375 0.0234375
4 0.45078125 0.5078125 0.0109375 0.0140625
4 0.5015625 0.5125 0.03125 0.0421875
4 0.584375 0.50703125 0.0140625 0.0234375
6 0.81328125 0.56796875 0.371875 0.50625
4 0.45625 0.50546875 0.0046875 0.00859375
4 0.5359375 0.5140625 0.021875 0.0234375
4 0.41640625 0.51484375 0.0234375 0.025
4 0.465625 0.5046875 0.009375 0.0109375