4 0.5 0.5515625 0.06875 0.0984375
4 0.46796875 0.5046875 0.0140625 0.01484375
4 0.04921875 0.51640625 0.0109375 0.0171875
4 0.4875 0.50078125 0.01484375 0.0109375
4 0.40546875 0.5328125 0.071875 0.07265625
4 0.09375 0.78515625 0.1875 0.2671875
6 0.15859375 0.51796875 0.1765625 0.13359375
4 0.4453125 0.51875 0.03046875 0.0375
4 0.046875 0.50390625 0.00546875 0.0078125
4 0.3359375 0.503125 0.01796875 0.0109375
5 0.3296875 0.50625 0.0046875 0.02265625
5 0.61875 0.496875 0.00625 0.01640625
5 0.2921875 0.5046875 0.00390625 0.0234375
5 0.8125 0.5296875 0.028125 0.11484375
5 0.5953125 0.5 0.00625 0.0203125
5 0.6078125 0.4984375 0.00703125 0.01640625
5 0.3234375 0.50703125 0.00625 0.0234375