4 0.54140625 0.6859375 0.2765625 0.35
6 0.4796875 0.52734375 0.16796875 0.1125
5 0.55546875 0.5015625 0.009375 0.0203125
5 0.63125 0.53046875 0.01953125 0.07890625
5 0.871875 0.5515625 0.05390625 0.1734375
5 0.984375 0.62734375 0.03046875 0.3078125
5 0.56328125 0.50234375 0.009375 0.02265625
5 0.828125 0.5359375 0.0140625 0.05
5 0.61640625 0.51171875 0.0140625 0.0515625
5 0.54765625 0.49765625 0.0046875 0.01015625
5 0.55 0.4984375 0.00390625 0.0109375
5 0.559375 0.50234375 0.00390625 0.0171875
5 0.5734375 0.50234375 0.01171875 0.02734375
5 0.94921875 0.584375 0.0609375 0.2890625