6 0.5 0.5640625 0.15078125 0.1953125
4 0.4203125 0.5328125 0.00859375 0.0390625
5 0.59921875 0.51484375 0.0078125 0.03515625
5 0.9421875 0.5203125 0.01640625 0.0484375
5 0.825 0.5203125 0.015625 0.0453125
5 0.971875 0.51796875 0.01484375 0.0484375
5 0.6859375 0.5328125 0.009375 0.0375
5 0.665625 0.5046875 0.0046875 0.0171875
5 0.73828125 0.50390625 0.0078125 0.0203125
5 0.76953125 0.51484375 0.0140625 0.0453125
5 0.8140625 0.51875 0.00859375 0.04765625
5 0.77890625 0.51796875 0.0140625 0.05625
5 0.7953125 0.5171875 0.01015625 0.0421875
5 0.9515625 0.52109375 0.0125 0.05
5 0.8375 0.5203125 0.01171875 0.04765625