6 0.5 0.55 0.11796875 0.1546875
4 0.4265625 0.53125 0.03046875 0.04765625
5 0.6125 0.51328125 0.0078125 0.03125
5 0.96875 0.521875 0.01328125 0.0515625
5 0.5765625 0.5140625 0.00703125 0.03359375
5 0.8578125 0.52109375 0.01171875 0.04765625
5 0.9875 0.5234375 0.01953125 0.0515625
5 0.7046875 0.53515625 0.00703125 0.03984375
5 0.67890625 0.5046875 0.0046875 0.01875
5 0.734375 0.50625 0.00625 0.025
5 0.5640625 0.5140625 0.00625 0.0328125
5 0.7953125 0.51640625 0.01484375 0.04765625
5 0.84296875 0.5203125 0.0140625 0.05
5 0.796875 0.51953125 0.0125 0.05859375
5 0.8265625 0.5203125 0.01953125 0.04765625
5 0.98125 0.521875 0.0109375 0.0515625
5 0.86875 0.5203125 0.01015625 0.0484375
5 0.5703125 0.51484375 0.00546875 0.0328125