4 0.09453125 0.51953125 0.00625 0.0265625
4 0.4375 0.51640625 0.0171875 0.0203125
4 0.1859375 0.5140625 0.06796875 0.0375
4 0.5 0.571875 0.09140625 0.09609375
6 0.63046875 0.4765625 0.165625 0.24609375
4 0.5 0.4921875 0.0578125 0.0703125
4 0.1984375 0.509375 0.07109375 0.04375
4 0.45625 0.52109375 0.0265625 0.02734375
4 0.23203125 0.5140625 0.01875 0.0234375
4 0.4453125 0.509375 0.00859375 0.0109375
5 0.3734375 0.5203125 0.015625 0.04609375
5 0.3171875 0.515625 0.00703125 0.02890625
5 0.2609375 0.509375 0.00390625 0.01875
5 0.1796875 0.51171875 0.009375 0.0390625