4 0.384375 0.5234375 0.03984375 0.0390625
4 0.071875 0.5203125 0.01484375 0.0234375
4 0.11171875 0.5140625 0.09375 0.04765625
4 0.4984375 0.71953125 0.34765625 0.3390625
6 0.7890625 0.415625 0.42109375 0.6609375
4 0.4984375 0.484375 0.11015625 0.1390625
4 0.5828125 0.5546875 0.02265625 0.06640625
4 0.1390625 0.50703125 0.08359375 0.05390625
4 0.4328125 0.525 0.025 0.03984375
5 0.38125 0.52265625 0.01640625 0.0625
5 0.23984375 0.51875 0.015625 0.06015625
5 0.2984375 0.51328125 0.0078125 0.03125
5 0.5828125 0.503125 0.0046875 0.0140625
5 0.25 0.5078125 0.00390625 0.01640625
5 0.3453125 0.50703125 0.00546875 0.02109375