6 0.0546875 0.6640625 0.10859375 0.4265625
4 0.8890625 0.5078125 0.0640625 0.1015625
6 0.33984375 0.484375 0.065625 0.0359375
4 0.95234375 0.51015625 0.09375 0.1328125
4 0.6171875 0.49765625 0.028125 0.01015625
4 0.57109375 0.4984375 0.0296875 0.0078125
4 0.46484375 0.5015625 0.0375 0.01484375
4 0.425 0.503125 0.02421875 0.01640625
4 0.1890625 0.4984375 0.01484375 0.00859375
4 0.71171875 0.49765625 0.028125 0.01015625
5 0.315625 0.51171875 0.02109375 0.05859375
5 0.70546875 0.4953125 0.0046875 0.0140625
5 0.6078125 0.4953125 0.0046875 0.0140625
5 0.6875 0.52109375 0.0171875 0.0703125
5 0.80078125 0.5109375 0.015625 0.0609375
5 0.2046875 0.5546875 0.0296875 0.16640625