6 0.2953125 0.5546875 0.20703125 0.1796875
4 0.153125 0.52109375 0.09921875 0.0453125
6 0.4125 0.49296875 0.0546875 0.02890625
4 0.7234375 0.51171875 0.10546875 0.07890625
4 0.4078125 0.5046875 0.01796875 0.00625
4 0.525 0.50546875 0.01484375 0.00625
4 0.628125 0.5046875 0.0109375 0.0078125
5 0.0203125 0.51328125 0.0125 0.04375
5 0.009375 0.5015625 0.00546875 0.0203125
5 0.4609375 0.51328125 0.0046875 0.04375
5 0.753125 0.4984375 0.009375 0.0234375
5 0.00390625 0.4984375 0.0078125 0.025
5 0.6671875 0.5140625 0.00703125 0.04375
5 0.071875 0.5703125 0.0390625 0.23125
5 0.24140625 0.48828125 0.009375 0.0140625