4 0.796875 0.5203125 0.05078125 0.03984375
4 0.0078125 0.53046875 0.01484375 0.0265625
6 0.4984375 0.559375 0.51953125 0.6859375
4 0.071875 0.74453125 0.14375 0.3203125
4 0.215625 0.51875 0.0765625 0.0328125
5 0.2078125 0.50078125 0.00546875 0.0109375
5 0.140625 0.51015625 0.00859375 0.03515625
5 0.840625 0.54375 0.040625 0.1375
5 0.09375 0.51796875 0.01328125 0.04609375
5 0.19921875 0.50234375 0.00625 0.0171875
5 0.15 0.5234375 0.00546875 0.025
5 0.0875 0.51796875 0.0140625 0.04609375
5 0.73125 0.5171875 0.00546875 0.0671875