4 0.803125 0.5203125 0.0390625 0.03984375
6 0.4984375 0.559375 0.51953125 0.6859375
4 0.071875 0.74453125 0.14375 0.3203125
4 0.215625 0.51875 0.0765625 0.0328125
5 0.18203125 0.5046875 0.009375 0.0203125
5 0.040625 0.51796875 0.01171875 0.0515625
5 0.0984375 0.5109375 0.00859375 0.03359375
5 0.77734375 0.5296875 0.0265625 0.1015625
5 0.0359375 0.51953125 0.01484375 0.0515625
5 0.8203125 0.496875 0.00390625 0.00625
5 0.16875 0.51484375 0.00859375 0.03515625
5 0.13203125 0.52578125 0.00625 0.0265625
5 0.0875 0.5109375 0.00390625 0.0234375
5 0.0171875 0.521875 0.01953125 0.05390625