4 0.796875 0.5203125 0.05078125 0.03984375
6 0.4984375 0.559375 0.51953125 0.6859375
4 0.071875 0.74453125 0.14375 0.3203125
4 0.2234375 0.51796875 0.07421875 0.03125
5 0.090625 0.51796875 0.01328125 0.04375
5 0.13125 0.51484375 0.01015625 0.03984375
5 0.0046875 0.51015625 0.009375 0.0328125
5 0.0828125 0.509375 0.00546875 0.0265625
5 0.14375 0.50859375 0.00625 0.02734375
5 0.0953125 0.51875 0.01171875 0.0453125
5 0.0640625 0.53046875 0.00859375 0.03125
5 0.059375 0.51640625 0.00546875 0.0171875