4 0.7953125 0.5203125 0.04609375 0.03984375
6 0.4984375 0.559375 0.51953125 0.6859375
4 0.071875 0.74453125 0.14375 0.3203125
4 0.203125 0.51796875 0.05234375 0.03125
4 0.225 0.528125 0.07265625 0.0515625
5 0.12265625 0.5171875 0.0125 0.03984375
5 0.1078125 0.515625 0.009375 0.04140625
5 0.03125 0.5109375 0.00859375 0.03359375
5 0.815625 0.5140625 0.01328125 0.05859375
5 0.12265625 0.5171875 0.009375 0.04375
5 0.146875 0.50859375 0.00703125 0.02734375
5 0.0859375 0.52890625 0.00859375 0.0296875
5 0.0203125 0.5109375 0.01015625 0.02109375
5 0.0796875 0.51640625 0.0046875 0.0171875