4 0.796875 0.5203125 0.05078125 0.03984375
4 0.0078125 0.53046875 0.01484375 0.0265625
6 0.4984375 0.559375 0.51953125 0.6859375
4 0.071875 0.74453125 0.14375 0.3203125
4 0.215625 0.51875 0.0765625 0.0328125
5 0.20234375 0.503125 0.00625 0.01640625
5 0.00703125 0.5203125 0.0140625 0.05625
5 0.13359375 0.51015625 0.009375 0.03515625
5 0.81015625 0.53984375 0.0328125 0.125
5 0.084375 0.51875 0.01640625 0.0453125
5 0.1953125 0.50234375 0.009375 0.0171875
5 0.146875 0.5234375 0.0078125 0.025
5 0.0734375 0.51875 0.0109375 0.04765625