4 0.79765625 0.5203125 0.05 0.03984375
4 0.0140625 0.52578125 0.028125 0.0328125
6 0.4984375 0.559375 0.51953125 0.6859375
4 0.071875 0.74453125 0.14375 0.3203125
4 0.215625 0.51875 0.0765625 0.0328125
5 0.2265625 0.4984375 0.00390625 0.0078125
5 0.1671875 0.5109375 0.00859375 0.03359375
5 0.9796875 0.5578125 0.03984375 0.19765625
5 0.13125 0.515625 0.01328125 0.04140625
5 0.0375 0.521875 0.01640625 0.05390625
5 0.084375 0.509375 0.00703125 0.02890625
5 0.74609375 0.50703125 0.0046875 0.0265625
5 0.0296875 0.51015625 0.00859375 0.0296875
5 0.221875 0.4984375 0.0046875 0.00625
5 0.7421875 0.51015625 0.00546875 0.0328125
5 0.1546875 0.52265625 0.00625 0.02265625
5 0.1203125 0.5171875 0.01171875 0.04140625
5 0.7640625 0.53203125 0.02109375 0.10859375