4 0.41875 0.5015625 0.01171875 0.0125
4 0.8359375 0.5203125 0.05546875 0.0328125
6 0.2328125 0.4984375 0.1828125 0.10390625
4 0.80625 0.5171875 0.0484375 0.03359375
4 0.49921875 0.615625 0.2015625 0.2390625
4 0.940625 0.53984375 0.00546875 0.01015625
4 0.4390625 0.5109375 0.0203125 0.02109375
4 0.1953125 0.62109375 0.31640625 0.225
4 0.884375 0.53125 0.10625 0.05234375
5 0.64375 0.5640625 0.01640625 0.06015625
5 0.846875 0.5515625 0.025 0.0703125
5 0.4671875 0.4921875 0.00859375 0.0109375
5 0.384375 0.57421875 0.01640625 0.07109375
5 0.1171875 0.5046875 0.00546875 0.02109375
5 0.75 0.53671875 0.021875 0.1234375
5 0.56640625 0.51328125 0.0203125 0.05859375
5 0.36484375 0.51171875 0.00625 0.02890625
5 0.39765625 0.5390625 0.0265625 0.1125
5 0.584375 0.509375 0.0078125 0.03125