4 0.4203125 0.5 0.01015625 0.0125
4 0.853125 0.5203125 0.0609375 0.03515625
6 0.1296875 0.48515625 0.259375 0.1296875
4 0.825 0.5171875 0.06015625 0.0359375
4 0.5 0.66328125 0.29609375 0.3390625
4 0.984375 0.5375 0.0296875 0.0375
4 0.4359375 0.509375 0.0171875 0.02109375
4 0.1609375 0.678125 0.321875 0.3375
4 0.9140625 0.5328125 0.1171875 0.05625
5 0.640625 0.5703125 0.015625 0.06875
5 0.871875 0.55625 0.03203125 0.0828125
5 0.965625 0.50859375 0.00703125 0.0296875
5 0.50078125 0.48671875 0.0109375 0.0109375
5 0.3625 0.58359375 0.01328125 0.0875
5 0.9609375 0.50859375 0.01171875 0.0296875
5 0.753125 0.54140625 0.02578125 0.1453125
5 0.615625 0.5484375 0.03515625 0.1296875
5 0.35078125 0.5109375 0.0046875 0.0296875
5 0.38046875 0.5421875 0.025 0.125
5 0.59453125 0.50859375 0.0078125 0.0328125