4 0.3125 0.5203125 0.0359375 0.0328125
4 0.778125 0.521875 0.10078125 0.04609375
4 0.0609375 0.7921875 0.12109375 0.3015625
4 0.3390625 0.509375 0.03828125 0.04609375
6 0.91640625 0.48515625 0.165625 0.1203125
6 0.0578125 0.5328125 0.11484375 0.2
4 0.5421875 0.50078125 0.009375 0.00625
4 0.3640625 0.51875 0.0359375 0.0328125
5 0.55390625 0.51484375 0.0046875 0.0171875
5 0.5265625 0.515625 0.0140625 0.04140625
5 0.8671875 0.52578125 0.03984375 0.09140625
5 0.246875 0.52109375 0.01171875 0.04765625
5 0.5390625 0.50859375 0.00390625 0.0203125
5 0.7171875 0.51796875 0.0265625 0.07109375