4 0.3125 0.5203125 0.0359375 0.0328125
4 0.778125 0.521875 0.10078125 0.04609375
4 0.1578125 0.6765625 0.315625 0.31484375
4 0.3390625 0.509375 0.03828125 0.04609375
6 0.91640625 0.48515625 0.165625 0.1203125
4 0.54375 0.50078125 0.00625 0.00625
4 0.3640625 0.51875 0.0359375 0.0328125
5 0.553125 0.51640625 0.00390625 0.0171875
5 0.5625 0.51640625 0.0109375 0.0421875
5 0.9640625 0.5265625 0.02578125 0.1
5 0.2875 0.5203125 0.0140625 0.0484375
5 0.54375 0.50859375 0.00390625 0.0203125
5 0.66484375 0.52265625 0.0125 0.06484375