6 0.1890625 0.56015625 0.33984375 0.30234375
6 0.5484375 0.509375 0.02421875 0.0109375
4 0.465625 0.51796875 0.01328125 0.01875
4 0.95 0.5171875 0.01015625 0.0125
4 0.7578125 0.5203125 0.05546875 0.02109375
6 0.4984375 0.49453125 0.04921875 0.03359375
4 0.4984375 0.56171875 0.09296875 0.1140625
5 0.97265625 0.6 0.053125 0.29765625
5 0.5875 0.5234375 0.009375 0.05234375
5 0.42890625 0.515625 0.0046875 0.0265625
5 0.4140625 0.515625 0.00625 0.0265625
5 0.428125 0.51484375 0.0046875 0.0203125
5 0.5484375 0.5203125 0.00703125 0.04140625
5 0.76875 0.50703125 0.0046875 0.00625
5 0.83125 0.515625 0.00546875 0.02890625
5 0.578125 0.521875 0.00859375 0.04375
5 0.55 0.5203125 0.009375 0.04140625
5 0.0453125 0.54609375 0.01953125 0.14765625