4 0.39609375 0.51484375 0.0125 0.025
4 0.43828125 0.51484375 0.0078125 0.02265625
4 0.41875 0.50703125 0.03046875 0.04609375
4 0.4015625 0.51640625 0.00390625 0.0203125
4 0.49921875 0.57578125 0.1265625 0.15390625
4 0.440625 0.5140625 0.01328125 0.02265625
6 0.79140625 0.40703125 0.415625 0.7890625
4 0.2875 0.5375 0.1453125 0.07734375
4 0.040625 0.52578125 0.08046875 0.04375
4 0.3765625 0.515625 0.03515625 0.03125
4 0.584375 0.534375 0.02109375 0.07109375
5 0.3484375 0.50625 0.0046875 0.01484375
5 0.56875 0.509375 0.00390625 0.02109375