4 0.2640625 0.5234375 0.01171875 0.02109375
4 0.3765625 0.53671875 0.03359375 0.0484375
4 0.31171875 0.5265625 0.1 0.1125
4 0.5 0.5453125 0.06171875 0.0765625
4 0.396875 0.53125 0.03046875 0.03984375
6 0.85 0.478125 0.29921875 0.95625
6 0.5 0.503125 0.009375 0.00625
4 0.5140625 0.509375 0.00546875 0.00625
4 0.4796875 0.50859375 0.00703125 0.0078125
4 0.20390625 0.5453125 0.1171875 0.07890625
5 0.70703125 0.5640625 0.021875 0.15234375
5 0.1296875 0.5203125 0.00859375 0.03984375
5 0.63828125 0.525 0.009375 0.0453125