4 0.403125 0.50625 0.01015625 0.02265625
4 0.434375 0.50625 0.01953125 0.02265625
4 0.425 0.4984375 0.028125 0.0421875
4 0.4078125 0.50703125 0.00390625 0.01875
4 0.49921875 0.5703125 0.128125 0.15625
4 0.44453125 0.4984375 0.009375 0.0078125
6 0.79375 0.42421875 0.41171875 0.8484375
4 0.45234375 0.5234375 0.05 0.05859375
4 0.0875 0.515625 0.08671875 0.0390625
4 0.3859375 0.50703125 0.03125 0.02890625
4 0.5796875 0.52890625 0.03984375 0.075
5 0.3609375 0.5015625 0.00390625 0.02109375
5 0.5625 0.5015625 0.00390625 0.0203125