6 0.63046875 0.56640625 0.171875 0.2125
4 0.52734375 0.5234375 0.0421875 0.05390625
4 0.4921875 0.54375 0.053125 0.07265625
4 0.421875 0.56875 0.13046875 0.1171875
5 0.803125 0.5421875 0.0234375 0.12890625
5 0.3671875 0.5234375 0.0140625 0.07109375
5 0.4578125 0.50234375 0.0078125 0.0203125
5 0.5015625 0.5015625 0.00546875 0.0140625
5 0.1015625 0.54609375 0.0421875 0.14765625
5 0.8890625 0.5546875 0.04453125 0.1765625
5 0.915625 0.60234375 0.03359375 0.1203125
5 0.5125 0.50078125 0.00390625 0.0109375
5 0.76640625 0.6515625 0.125 0.4015625
5 0.9328125 0.5828125 0.0640625 0.2640625
5 0.7453125 0.51484375 0.00625 0.01484375
5 0.6078125 0.8078125 0.10625 0.3109375