6 0.63046875 0.5625 0.171875 0.2046875
4 0.52734375 0.5234375 0.0421875 0.05390625
4 0.4921875 0.54375 0.053125 0.07265625
4 0.421875 0.56875 0.13046875 0.1171875
5 0.828125 0.54453125 0.03671875 0.14140625
5 0.359375 0.5234375 0.01328125 0.075
5 0.453125 0.5015625 0.01015625 0.01875
5 0.503125 0.50234375 0.00546875 0.01484375
5 0.0609375 0.54921875 0.05703125 0.1609375
5 0.9015625 0.5578125 0.04453125 0.1890625
5 0.9328125 0.6359375 0.00390625 0.06640625
5 0.6859375 0.665625 0.12265625 0.43359375
5 0.934375 0.59609375 0.07109375 0.2921875
5 0.74453125 0.52578125 0.0171875 0.0765625
5 0.509375 0.8046875 0.10625 0.30390625