6 0.6296875 0.5578125 0.17265625 0.2125
4 0.5328125 0.51171875 0.03125 0.04375
4 0.4921875 0.5359375 0.053125 0.07265625
4 0.421875 0.5609375 0.13046875 0.1171875
5 0.721875 0.5203125 0.0125 0.09375
5 0.4109375 0.4953125 0.00859375 0.0265625
5 0.48046875 0.4921875 0.0078125 0.0140625
5 0.4890625 0.4921875 0.00625 0.0125
5 0.26640625 0.5265625 0.0265625 0.1
5 0.7828125 0.53125 0.0328125 0.12734375
5 0.828125 0.5703125 0.02265625 0.09765625
5 0.5 0.49375 0.00546875 0.0125
5 0.9359375 0.5640625 0.07421875 0.2421875
5 0.8328125 0.53515625 0.02734375 0.1375
5 0.80859375 0.52578125 0.021875 0.1109375