6 0.63046875 0.56640625 0.171875 0.2125
4 0.52734375 0.5234375 0.0421875 0.05390625
4 0.4921875 0.54375 0.053125 0.07265625
4 0.421875 0.56875 0.13046875 0.1171875
5 0.74921875 0.534375 0.021875 0.10859375
5 0.390625 0.51171875 0.0125 0.04609375
5 0.4671875 0.503125 0.01015625 0.02109375
5 0.4953125 0.50078125 0.00546875 0.0109375
5 0.2015625 0.540625 0.02734375 0.11875
5 0.84453125 0.546875 0.0375 0.1515625
5 0.8640625 0.58984375 0.028125 0.1046875
5 0.50625 0.50234375 0.00546875 0.01484375
5 0.94921875 0.60546875 0.0984375 0.3390625
5 0.9015625 0.55703125 0.03203125 0.1859375
5 0.76875 0.53046875 0.02421875 0.09375
5 0.86796875 0.81328125 0.075 0.31875